19330.jpg r-pass 906 427 38 100 None 847 502 44 131 None 853 388 39 88 None 767 413 53 101 None 783 377 51 72 digging 574 358 46 88 None 491 430 58 124 None 504 404 36 108 None 504 383 36 101 None 233 464 52 98 None 174 414 43 105 None 199 416 41 81 None
32370.jpg l-spike 968 444 44 79 None 870 502 55 95 None 790 421 49 69 None 626 422 49 131 blocking 560 424 32 132 spiking 561 446 46 86 None 523 414 42 81 None 463 483 37 84 None 440 456 34 95 None 341 447 56 74 None 638 427 33 124 blocking
12570.jpg r_spike 886 432 43 96 None 826 408 29 106 setting 778 466 36 87 None 712 460 60 109 None 673 475 46 101 None 669 400 37 89 None 597 440 34 97 None 489 485 78 105 None 515 481 66 94 None 532 392 40 92 None 408 402 45 83 None 302 455 35 97 None
19515.jpg r_set 835 452 53 112 None 627 392 43 122 None 562 369 15 59 None 565 397 44 70 None 414 402 32 92 None 316 394 20 108 None 868 414 65 86 None 765 462 71 72 None 549 451 47 122 None 448 440 34 95 None 644 383 35 129 setting 734 357 48 71 None
15085.jpg l-spike 815 453 49 98 None 851 410 46 74 None 776 388 62 70 None 589 457 42 97 None 581 390 48 77 None 558 363 44 119 blocking 491 395 37 79 None 474 342 27 81 None 436 382 39 112 setting 388 505 60 112 None 353 468 51 109 None 351 385 37 83 None
15160.jpg r_spike 756 543 77 104 None 830 461 53 84 None 802 423 37 91 None 833 370 39 77 None 719 414 32 84 None 678 413 49 119 spiking 606 485 32 114 None 620 418 25 112 blocking 615 406 27 105 blocking 371 422 44 79 None 330 499 46 100 None 289 449 42 90 None
12325.jpg r_set 974 428 45 52 None 838 377 32 89 None 834 495 92 93 None 758 325 46 69 None 709 355 34 98 None 743 378 46 112 None 577 434 61 97 None 590 386 36 88 None 590 373 27 69 None 357 456 41 91 None 334 374 48 72 None 275 399 42 89 None
40440.jpg l-pass 1020 404 37 99 None 1009 358 34 82 None 920 393 26 91 None 771 405 40 89 None 738 370 34 102 None 747 365 32 86 None 655 401 38 80 None 561 344 49 77 None 454 353 41 83 None 427 451 41 114 None 401 396 37 72 None 371 417 44 78 digging
32705.jpg r-pass 945 449 51 90 None 775 514 48 90 digging 704 503 46 88 None 738 436 39 91 None 683 421 58 81 None 735 387 32 81 None 537 501 69 109 None 550 469 44 84 None 597 426 23 84 None 586 436 72 42 None 367 461 37 84 None 401 421 34 83 None
32515.jpg l_set 998 455 26 90 None 911 497 60 97 None 859 410 35 89 None 699 476 32 103 None 708 435 33 102 None 707 397 29 97 None 539 418 35 85 setting 473 536 66 112 None 509 497 42 95 None 390 485 42 103 None 364 444 74 83 None 495 383 43 56 None
12610.jpg l-pass 963 427 48 89 None 905 485 40 94 None 858 414 29 84 None 684 468 26 103 None 688 435 22 108 None 674 409 33 93 None 633 483 37 98 None 509 489 53 77 digging 475 436 49 93 None 411 410 34 91 None 431 369 34 77 None 348 506 55 110 None
32455.jpg r_spike 924 459 35 85 None 770 484 52 110 spiking 770 472 65 88 None 791 430 44 74 None 736 431 52 92 None 740 382 29 79 None 647 461 32 131 blocking 648 455 30 120 blocking 608 428 41 69 None 385 423 54 66 None 346 518 46 91 None 322 450 38 82 None
15115.jpg r-pass 895 431 50 89 None 801 397 38 86 None 712 399 81 54 None 737 484 39 104 None 658 419 57 105 None 602 375 30 87 None 550 390 38 108 None 547 365 29 84 None 462 487 53 105 None 445 413 47 89 None 348 453 56 107 None 326 396 34 88 None
42615.jpg l-spike 943 443 40 86 None 830 482 51 98 None 807 381 40 79 None 583 338 32 127 blocking 536 410 53 88 None 513 494 37 116 None 467 450 58 77 None 430 407 42 81 None 512 329 35 117 spiking 262 442 42 88 None
15060.jpg l_set 889 471 41 99 None 869 405 43 88 None 798 379 41 80 None 629 462 34 103 None 623 424 34 108 None 623 383 29 71 None 517 407 34 97 None 481 429 30 130 setting 440 376 32 80 None 492 339 35 63 None 339 424 40 88 None 303 489 49 108 None
14970.jpg r-pass 881 451 35 87 None 874 416 40 69 None 837 389 45 71 digging 890 351 27 77 None 718 430 42 103 None 566 410 27 88 None 509 387 37 117 blocking 497 389 31 94 None 446 420 38 86 None 326 414 22 87 None 240 392 29 87 None 191 438 75 90 None
12285.jpg r-pass 841 362 37 76 None 899 440 40 97 None 860 420 59 65 None 745 328 38 75 None 736 406 45 102 None 590 373 37 85 None 512 411 55 106 None 494 378 38 107 None 511 369 55 120 blocking 384 395 38 74 None 285 382 35 104 None 113 404 39 102 None
15165.jpg r_spike 815 456 43 101 None 812 426 37 80 None 728 530 60 114 None 734 407 33 94 None 672 428 69 101 spiking 621 449 26 122 blocking 635 410 33 137 blocking 630 402 18 90 blocking 386 427 43 75 None 340 503 43 97 None 289 453 47 96 None 858 369 33 80 None
42570.jpg l_set 957 466 41 98 None 982 440 39 83 None 919 391 28 86 None 738 437 28 98 None 728 403 25 86 None 729 384 21 81 None 625 456 44 90 None 525 417 67 95 None 470 482 58 114 setting 407 402 46 81 None 374 431 25 84 None 541 343 35 70 None
19485.jpg r-pass 826 422 41 80 None 733 460 65 97 None 702 421 65 50 None 513 430 35 97 None 505 384 41 109 None 522 375 35 79 None 372 482 43 133 None 390 417 45 109 None 378 399 48 88 None 433 355 39 90 None 458 390 50 101 None 222 404 24 101 None
19680.jpg r_set 1108 522 66 123 None 900 403 39 96 None 765 355 49 68 None 720 416 45 98 None 817 526 64 115 None 637 350 41 121 setting 576 471 70 103 None 591 404 37 121 blocking 588 389 35 98 None 347 472 43 103 None 327 387 35 92 None 260 430 37 103 None
32765.jpg r_spike 981 487 36 98 None 795 509 41 100 None 840 413 32 113 spiking 790 383 42 82 None 783 433 38 85 None 759 444 32 97 None 715 415 37 135 blocking 708 398 37 79 None 531 401 43 77 None 455 444 32 64 None 474 503 34 86 None
40775.jpg l_set 921 393 28 83 None 821 386 42 81 None 861 473 39 90 None 634 470 39 89 None 632 419 27 88 None 634 391 28 73 None 531 404 31 118 setting 484 430 48 93 None 450 354 55 65 None 392 407 64 37 None 374 431 50 75 None 380 499 65 104 None
19455.jpg l_set 903 417 48 93 None 814 466 35 116 None 766 384 35 88 None 560 447 39 114 None 559 408 44 112 None 559 363 44 93 None 454 383 34 128 setting 440 408 30 97 None 277 401 23 97 None 223 445 55 100 None 292 511 79 121 None 388 344 35 70 None
19390.jpg r-pass 873 414 52 96 None 760 443 46 112 setting 697 485 42 122 None 675 407 30 112 None 699 401 58 94 None 682 358 37 89 None 618 448 44 107 None 638 408 30 105 None 572 383 44 90 None 409 404 45 90 None 395 486 37 96 None 338 433 41 86 None
32550.jpg r-pass 939 480 33 80 digging 871 486 41 76 digging 830 414 48 73 digging 641 484 56 92 None 621 406 51 85 None 603 403 42 108 None 537 430 43 93 None 484 505 33 112 None 490 478 75 96 None 518 467 37 92 None 513 388 34 81 None 346 472 30 91 None
32635.jpg r_spike 993 471 61 86 None 863 487 60 89 None 799 490 77 106 spiking 725 476 66 99 None 814 399 34 82 None 813 491 46 85 None 675 430 38 173 blocking 538 417 29 77 None 345 521 46 74 None 297 438 48 66 None
12355.jpg r-pass 821 456 32 85 None 733 412 49 88 None 709 435 24 87 None 687 497 34 108 digging 672 387 54 75 None 593 467 35 110 None 611 410 32 93 None 1013 424 33 94 None 358 472 44 90 None 282 440 32 97 None 346 400 43 72 None 591 394 42 105 None
40680.jpg l-spike 968 407 43 81 None 891 486 37 86 None 778 392 53 82 None 618 434 35 127 blocking 609 421 35 126 blocking 556 443 33 95 None 466 475 44 70 None 549 373 25 74 None 214 461 46 82 None 488 443 49 117 spiking 299 439 29 75 None
32430.jpg r_set 876 481 65 75 None 898 436 27 77 None 741 388 24 102 digging 700 415 49 119 None 570 483 51 102 None 581 440 38 91 None 585 424 26 85 None 345 499 38 92 None 300 454 41 92 None 320 418 32 69 None 803 545 69 99 None 717 395 26 66 None
40485.jpg l-spike 967 419 39 81 None 837 459 51 84 None 822 387 32 77 None 650 388 21 84 None 647 356 16 102 blocking 654 459 35 86 None 607 371 25 70 None 565 345 51 100 spiking 548 363 37 67 None 411 420 55 84 None 410 466 63 109 None 251 401 49 67 None
40510.jpg r-pass 912 415 43 82 None 781 424 38 97 setting 764 387 45 82 None 668 463 37 90 None 571 392 31 77 None 566 412 38 85 None 520 396 32 96 None 515 366 43 65 None 501 370 28 80 None 449 464 44 105 None 404 446 51 75 None 252 418 32 72 None
15015.jpg l-pass 834 354 33 74 None 804 396 65 72 None 866 430 40 99 None 756 474 63 110 None 656 432 46 103 None 630 389 37 97 None 554 367 38 82 None 566 391 49 122 blocking 547 456 54 99 None 455 427 49 83 None 302 420 34 90 None 295 448 32 113 None
32285.jpg r_spike 950 457 58 85 None 801 479 57 89 None 735 538 68 95 None 678 413 65 100 spiking 718 374 51 83 None 662 428 29 89 None 589 490 49 99 None 375 511 41 86 None 377 424 35 79 None 333 456 38 91 digging 611 420 24 127 blocking 604 424 34 80 None
27065.jpg l_set 937 450 27 105 None 937 398 38 99 None 808 378 57 82 None 649 367 30 80 None 646 413 32 106 None 648 458 46 92 None 479 372 54 131 setting 443 369 54 141 setting 469 344 35 61 None 319 403 75 91 None 341 387 37 77 None 247 493 68 103 None
19360.jpg r_set 280 429 42 101 digging 319 405 38 73 None 352 479 44 105 None 574 458 67 115 None 598 422 25 95 None 587 395 25 62 None 635 350 34 113 setting 706 416 52 97 None 786 369 42 79 None 918 396 42 92 None 921 456 67 83 None 818 526 60 115 None
19555.jpg r_spike 206 436 52 103 None 319 376 44 79 None 385 471 61 100 None 558 408 52 92 None 608 312 35 128 blocking 662 313 44 116 spiking 679 430 55 108 None 680 404 66 102 None 755 380 69 92 None 781 374 38 80 None 838 427 43 106 None
12445.jpg l-pass 992 455 35 89 None 780 435 44 80 None 736 415 60 77 None 756 508 55 79 digging 675 505 40 99 None 689 467 40 103 None 640 490 24 110 None 597 487 51 105 None 619 463 37 116 None 354 410 63 61 digging 307 522 52 96 None 184 438 63 72 digging
27090.jpg l-spike 878 463 49 98 None 829 399 76 74 None 777 369 66 82 None 614 364 49 76 None 558 417 30 145 blocking 568 407 38 90 None 487 415 46 106 None 432 380 49 98 None 451 325 38 90 None 376 408 60 154 spiking 324 434 41 87 None 234 395 43 79 None
32330.jpg l_set 363 489 35 97 None 343 449 49 86 None 488 416 42 74 None 542 397 29 105 setting 499 511 62 106 None 610 446 33 95 None 663 490 33 95 None 678 445 27 100 None 671 413 29 61 None 778 483 40 96 None 785 414 33 73 None 912 448 36 85 None
12640.jpg l_set 822 414 28 69 None 866 493 41 92 None 650 485 38 92 None 648 412 29 128 blocking 648 404 29 92 None 594 414 34 114 setting 539 418 45 119 setting 439 471 39 100 None 386 525 65 104 None 409 411 42 81 None 446 372 58 68 None 942 420 42 83 None
19470.jpg l-spike 238 404 26 96 None 329 410 47 97 None 325 499 45 135 None 414 426 47 103 None 411 342 41 84 None 446 326 52 129 setting 532 393 26 141 None 514 349 47 137 blocking 519 380 39 56 None 737 382 37 80 None 860 426 33 88 None 775 466 39 103 None
19645.jpg r-pass 247 425 35 112 None 320 361 35 93 None 469 452 52 101 None 562 424 32 115 None 570 397 32 98 None 574 374 24 87 None 636 385 52 87 None 765 486 60 117 None 738 419 68 109 None 772 358 46 93 None 934 412 54 90 None 928 464 57 109 digging
32235.jpg r-pass 167 449 34 99 None 238 437 24 86 None 303 497 41 79 None 462 473 55 103 None 478 444 27 99 None 469 435 20 44 None 547 408 32 85 None 678 450 52 91 None 708 388 38 79 None 747 528 55 111 None 804 457 37 119 setting 835 462 44 75 None
32600.jpg r_set 1023 476 38 100 None 887 458 35 102 setting 915 447 38 82 None 698 439 32 100 None 848 566 47 123 None 791 375 33 67 None 597 489 51 94 None 603 453 37 77 None 609 420 24 83 None 489 403 32 85 None 377 446 29 82 None 327 480 37 96 None
40695.jpg r-pass 851 410 80 67 digging 728 399 74 75 digging 805 481 38 90 None 554 478 50 95 None 550 456 45 96 None 468 469 36 105 None 494 449 47 83 None 497 385 30 79 None 397 472 51 82 None 260 454 34 82 None 220 473 34 88 None
19410.jpg l-pass 907 419 42 99 None 784 463 32 108 None 758 391 51 92 None 664 446 32 124 None 669 414 27 116 None 672 362 29 93 None 562 459 38 124 setting 522 423 80 96 None 486 364 42 97 None 408 412 37 92 None 397 486 58 102 None 289 455 52 115 None
32540.jpg l-spike 357 476 41 86 None 473 523 50 116 None 492 479 44 100 None 534 461 33 91 None 522 383 26 78 None 512 390 29 95 spiking 632 396 31 97 blocking 647 476 44 87 None 650 401 29 76 None 846 413 41 75 digging 895 490 42 77 digging 966 468 42 78 None
12520.jpg r-pass 757 498 99 57 None 774 451 37 74 None 713 494 42 102 None 952 432 30 97 None 698 464 57 105 None 686 460 40 48 None 609 462 44 106 None 545 496 42 111 None 511 455 35 100 None 424 400 51 96 None 277 415 28 83 None 610 410 28 96 blocking
12430.jpg r_spike 227 435 39 80 None 374 397 43 73 None 295 533 50 84 None 624 457 35 143 blocking 616 427 41 137 blocking 666 483 58 99 None 704 474 60 101 spiking 758 397 45 77 None 767 501 52 84 digging 850 433 52 79 None 992 445 39 97 None
40585.jpg l-pass 873 412 30 72 None 789 439 55 88 None 744 480 40 91 None 743 436 24 102 None 766 410 32 60 None 740 377 37 71 None 403 496 58 70 digging 579 465 67 96 None 372 445 31 71 None 428 392 37 65 None 678 351 24 107 blocking
15150.jpg r_set 689 459 38 106 None 697 375 31 105 setting 801 417 30 86 None 796 358 31 76 None 872 463 47 77 None 814 556 90 103 None 585 496 35 92 None 594 433 34 92 None 582 423 43 98 None 321 494 46 105 None 298 444 40 94 None 359 414 37 85 None
32780.jpg r-pass 477 431 32 77 None 520 490 38 97 None 554 409 44 80 None 719 392 35 80 None 767 442 27 111 blocking 758 430 27 110 blocking 827 403 43 69 None 850 439 54 77 None 801 520 51 92 None 800 485 41 80 None 805 435 23 83 None 999 493 35 79 digging
40785.jpg l-spike 381 405 57 40 None 403 492 64 114 None 483 360 48 51 None 503 445 45 82 None 421 417 26 87 None 893 400 30 87 None 782 394 41 75 None 843 486 46 88 digging 625 466 26 93 None 623 396 24 67 None 618 397 22 109 blocking 504 389 59 99 spiking
32665.jpg l-pass 355 420 46 72 None 407 485 63 102 None 575 444 89 70 None 619 498 47 110 None 669 502 44 103 None 666 490 43 89 None 741 487 42 98 None 737 458 28 103 None 788 410 44 86 None 842 451 28 77 None 836 499 39 93 None 959 457 42 93 None
12435.jpg r_spike 996 446 36 95 None 823 429 52 80 None 758 512 55 73 None 700 465 41 113 spiking 759 400 35 85 None 677 483 32 75 None 629 447 40 126 blocking 621 438 51 115 blocking 370 398 45 70 None 303 533 42 82 None 209 430 55 82 digging
42550.jpg l-pass 1011 459 40 96 None 994 398 37 89 None 821 427 29 92 None 810 402 26 100 None 839 395 25 88 None 694 447 35 95 None 619 416 38 95 None 524 468 51 102 None 1053 453 60 87 None 589 353 37 70 None 466 432 40 72 None 542 401 36 80 digging
12400.jpg r_set 876 388 27 110 setting 966 437 27 91 None 813 374 39 66 None 861 485 32 95 None 833 562 62 98 None 698 458 37 107 None 598 488 57 104 None 603 437 37 75 None 603 417 25 71 None 327 400 48 82 None 263 455 40 87 None 341 492 43 92 None
19700.jpg r_spike 1072 508 57 110 None 842 404 48 94 None 713 495 62 110 None 683 402 43 99 None 666 391 28 88 None 704 318 37 93 spiking 615 378 34 107 None 623 317 24 130 blocking 360 480 55 89 digging 354 390 29 71 None 285 432 41 100 digging 577 472 53 108 None
32740.jpg r_set 367 442 35 85 None 529 404 25 77 None 604 478 40 102 None 610 417 25 88 None 619 451 29 86 blocking 365 494 37 91 None 866 504 32 99 None 798 554 67 99 None 895 479 54 72 None 769 388 41 63 None 711 445 53 89 None 658 410 37 94 setting
40640.jpg l_set 221 426 37 86 None 415 508 48 112 None 482 436 30 92 None 625 388 29 87 None 623 344 25 70 None 845 386 46 82 None 1009 456 50 97 None 984 452 47 80 None 729 479 31 95 None 736 420 28 93 None 730 411 23 90 None 356 369 28 108 setting
32385.jpg r-pass 831 488 31 99 None 727 427 66 72 digging 637 420 37 113 setting 637 487 55 92 None 593 455 30 97 None 559 444 55 92 None 527 420 55 75 None 481 489 41 85 None 430 455 29 96 None 313 435 38 79 None 956 438 37 75 None
12335.jpg r_spike 266 419 51 90 digging 336 383 38 72 None 340 480 45 87 None 584 454 39 97 None 596 392 28 105 None 593 376 33 93 None 719 374 48 85 spiking 711 395 59 91 None 706 342 60 70 None 742 501 93 95 None 821 400 34 90 None 971 404 50 92 None
32770.jpg r_spike 497 505 45 83 None 476 446 30 58 None 539 405 63 84 None 705 398 52 80 None 738 424 46 117 blocking 743 410 30 119 blocking 781 440 33 102 None 823 441 44 91 spiking 789 510 58 102 None 815 381 42 88 None 1002 480 25 92 None 821 429 35 87 None
40550.jpg r_set 837 433 75 74 None 895 405 26 79 None 853 374 39 68 None 818 529 77 97 None 675 407 33 127 setting 682 365 32 110 setting 595 475 50 101 None 613 424 31 97 None 613 394 30 82 None 500 389 37 70 None 340 467 35 89 None 354 421 31 59 None
40745.jpg l-pass 406 415 35 90 None 403 463 51 104 None 447 422 37 99 None 437 410 51 54 digging 502 443 50 100 None 501 365 30 84 None 649 461 29 95 None 641 414 29 110 None 645 396 27 85 None 862 463 32 96 None 871 389 42 88 None 913 417 48 45 None
32815.jpg r-pass 844 514 38 85 None 861 461 71 43 None 839 482 88 55 None 775 389 44 72 None 688 438 49 93 None 648 495 38 102 None 576 460 55 99 None 596 432 23 90 None 594 406 26 91 None 373 500 34 77 None 367 426 74 86 None 248 450 42 82 None
40475.jpg l_set 970 401 42 81 None 851 428 41 88 None 838 369 28 84 None 656 434 30 93 None 655 379 21 71 None 650 353 21 98 blocking 495 347 31 65 None 599 331 26 102 setting 542 367 43 88 None 351 407 51 81 None 373 451 64 110 None 225 388 45 79 None
19620.jpg l-spike 910 444 37 99 None 916 403 45 92 None 753 389 65 75 None 716 369 45 84 None 675 452 47 103 None 650 413 48 107 None 551 359 35 94 None 557 375 39 99 None 556 411 47 109 None 482 421 45 120 setting 343 353 43 82 None 219 428 39 114 None
42620.jpg l-spike 935 448 44 84 None 804 488 47 94 None 768 388 53 72 None 565 338 36 126 blocking 520 413 48 86 None 495 350 35 112 spiking 498 486 41 107 None 446 453 61 82 None 417 404 33 84 None 262 438 35 82 None
19560.jpg r_spike 840 426 39 107 None 794 380 47 82 None 750 383 36 89 None 688 433 61 107 None 683 402 67 100 None 649 324 65 120 spiking 547 406 64 99 None 594 325 48 128 blocking 607 318 35 117 blocking 388 473 62 97 None 348 380 29 75 None 181 437 64 110 None
26980.jpg r-pass 952 462 40 99 None 919 425 49 72 digging 886 377 52 89 None 967 349 38 80 None 759 368 52 94 None 612 373 46 91 None 510 423 51 92 None 547 388 41 117 blocking 550 377 27 114 None 282 443 30 130 None 290 392 43 75 None 190 431 66 116 None
32470.jpg l-pass 972 486 37 84 None 822 432 46 84 None 805 516 35 100 None 788 483 44 98 None 765 437 56 83 None 774 392 46 72 None 697 461 51 116 blocking 629 430 56 72 None 489 417 39 63 digging 430 492 46 91 digging 386 449 44 88 digging
27025.jpg l-pass 959 438 52 99 None 866 389 72 94 None 846 338 47 82 None 674 413 56 115 None 646 365 21 99 None 756 493 58 121 None 574 436 45 105 None 542 368 52 88 digging 342 389 41 76 None 284 394 56 105 None 226 464 45 123 None
40575.jpg r_spike 881 402 30 83 None 757 486 42 102 None 728 443 30 95 None 784 429 41 95 None 747 405 49 71 None 776 325 30 94 spiking 669 342 29 122 blocking 615 466 59 99 None 446 388 34 75 None 366 441 33 77 None 384 480 43 89 None
12480.jpg l_set 987 448 40 88 None 815 489 46 91 None 817 431 31 80 None 684 490 57 95 None 673 417 34 123 blocking 677 415 30 96 None 607 479 51 114 None 624 422 30 117 setting 519 520 66 111 None 465 476 27 95 None 256 459 70 37 None 242 385 62 67 None
32645.jpg r_spike 1000 468 47 90 None 883 483 37 92 None 839 410 48 83 None 765 479 67 96 digging 814 493 54 103 None 823 522 53 65 digging 726 454 51 132 blocking 717 435 51 127 blocking 586 423 48 86 None 389 514 48 77 None 335 437 50 62 None
19575.jpg l-pass 832 426 46 107 None 817 380 44 87 None 735 381 29 90 None 694 436 58 107 None 667 398 55 101 None 636 372 37 97 None 593 364 40 97 None 573 360 58 90 None 528 398 65 105 None 376 459 65 102 None 383 369 29 85 None 158 443 41 115 None
32280.jpg r_set 983 462 30 83 None 835 478 82 85 None 768 537 71 108 None 697 412 63 120 None 654 401 29 110 setting 734 389 55 60 None 583 490 52 97 None 597 442 32 103 blocking 594 427 24 85 None 373 501 44 89 None 324 456 37 91 digging 366 422 32 82 None
32300.jpg l-pass 952 461 42 87 None 785 476 47 86 None 724 519 57 108 None 712 447 40 84 None 741 430 39 85 None 744 379 28 83 None 649 479 50 100 None 679 437 20 97 None 651 413 38 83 None 428 513 35 71 None 444 429 39 65 digging 403 453 40 90 None
42735.jpg r_winpoint 705 351 31 91 None 589 450 45 101 None 445 456 29 96 None 423 419 32 86 None 402 416 58 44 None 780 373 39 88 None 770 468 68 122 None 824 408 35 105 None 837 414 43 81 None 884 429 45 92 None 901 396 32 80 None
48255.jpg l_winpoint 347 354 34 105 None 481 381 50 104 None 563 396 44 107 None 557 366 29 105 None 526 355 50 102 None 552 336 34 96 None 731 361 25 95 None 747 377 54 113 None 787 426 89 46 None 817 461 39 128 None 889 391 41 110 None 940 378 37 111 None
44550.jpg l_winpoint 343 424 33 100 None 484 443 46 104 None 561 441 43 119 None 546 405 47 107 None 518 399 46 100 None 672 431 38 119 None 647 399 33 99 None 894 462 36 108 None 885 397 34 105 None 937 495 44 123 None 993 442 38 104 None
39105.jpg l_winpoint 977 462 71 62 None 810 420 45 99 None 845 393 30 83 None 719 379 32 86 None 661 420 36 99 None 643 436 45 94 None 571 379 37 90 None 557 393 29 80 None 546 365 33 86 None 542 413 31 101 None 491 398 58 78 None 263 424 30 87 None
35220.jpg l_winpoint 980 436 35 95 None 894 508 39 97 None 877 423 25 83 None 679 436 61 76 None 676 511 43 101 None 663 485 41 108 None 553 448 31 102 None 534 448 37 106 None 515 458 38 103 None 544 420 31 84 None 543 419 24 89 None 383 462 23 88 None
31485.jpg l_winpoint 890 453 29 90 None 845 447 49 85 None 875 424 34 94 None 707 427 42 85 None 699 472 43 100 None 681 423 35 98 None 443 475 69 90 None 438 446 50 99 None 423 446 31 90 None 382 450 38 94 None 380 467 43 88 None 327 487 43 108 None
33810.jpg r_winpoint 333 443 34 95 None 358 487 37 98 None 388 403 35 82 None 423 543 67 118 None 502 498 61 115 None 526 448 39 90 None 686 430 32 107 None 696 457 40 117 None 726 456 27 110 None 749 430 45 91 None 774 439 39 88 None 716 395 32 93 None
30735.jpg r_winpoint 798 446 57 95 None 822 434 39 90 None 815 416 56 104 None 781 437 31 86 None 752 425 39 93 None 695 387 40 77 None 549 415 34 84 None 535 434 42 93 None 375 426 33 95 None 311 487 31 96 None 263 444 33 100 None 174 455 32 99 None
39840.jpg r_winpoint 180 416 40 95 None 270 452 42 102 None 379 434 53 103 None 394 395 29 85 None 458 382 34 90 None 483 387 44 98 None 720 410 60 112 None 716 398 47 93 None 733 393 52 88 None 769 373 55 91 None 817 380 60 90 None 951 405 52 84 None
49755.jpg l_winpoint 336 411 42 108 None 395 440 39 110 None 350 379 50 105 None 414 352 35 85 None 422 390 58 103 None 576 423 38 96 None 623 405 77 84 None 706 418 41 111 None 729 466 35 114 None 847 441 27 110 None 864 348 42 89 None 919 401 32 95 None
40845.jpg l_winpoint 364 450 48 96 None 467 407 30 88 None 511 430 35 94 None 548 440 38 107 None 533 416 39 100 None 557 388 44 88 None 678 429 32 105 None 741 472 37 103 None 741 394 36 84 None 801 406 49 76 None 887 453 30 95 None 928 402 30 91 None
47250.jpg r_winpoint 372 352 41 87 None 401 394 60 101 None 412 446 46 105 None 453 455 50 114 None 548 421 53 117 None 547 366 36 100 None 734 427 65 117 None 726 413 41 118 None 759 372 29 109 None 771 368 47 120 None 833 430 41 97 None 874 403 62 99 None
32910.jpg l_winpoint 450 511 61 71 None 441 414 44 116 None 403 419 47 94 None 378 446 28 97 None 355 500 48 106 None 380 440 26 87 None 702 457 58 99 None 813 450 34 92 None 664 404 35 84 None 877 519 44 103 None 891 497 38 94 None 957 445 33 92 None
50745.jpg r_winpoint 887 408 48 108 None 912 408 47 104 None 873 400 54 109 None 881 399 38 104 None 882 404 47 91 None 695 358 32 73 None 584 379 35 100 None 535 471 50 112 None 441 392 36 96 None 378 419 48 94 None 367 385 29 100 None 275 426 43 113 None
34500.jpg r_winpoint 1110 467 62 93 None 1139 449 47 95 None 1103 450 55 84 None 1072 458 87 95 None 1067 447 49 99 None 1052 436 52 101 None 728 425 46 93 None 726 388 26 91 None 686 473 37 96 None 635 409 31 90 None 583 463 25 98 None 569 441 38 85 None
38385.jpg r_winpoint 312 474 54 57 None 401 452 29 96 None 408 424 32 69 None 579 471 45 116 None 617 407 38 87 None 624 399 37 88 None 695 469 76 111 None 719 406 32 91 None 696 386 64 98 None 778 397 37 70 None 779 426 58 93 None 892 463 36 95 None
51660.jpg l_winpoint 375 427 33 90 None 408 446 49 108 None 503 452 41 101 None 533 461 44 106 None 526 432 47 105 None 551 438 52 106 None 647 417 45 100 None 664 441 37 105 None 764 470 48 116 None 835 409 32 97 None 874 483 38 105 None 949 463 30 112 None
