64010.jpg r_spike 1179 377 65 158 None 1111 352 69 165 None 1004 420 97 172 None 834 382 120 175 spiking 794 403 145 141 None 729 355 65 151 None 265 337 86 122 None 388 341 88 120 None 191 436 74 173 None 601 362 40 230 blocking
64110.jpg l-spike 1159 355 72 147 None 1064 417 99 148 None 1035 312 52 125 None 818 388 51 161 None 615 242 35 182 blocking 513 364 57 154 None 392 363 92 161 None 451 217 72 162 spiking 398 327 51 137 None 313 323 83 116 None 181 395 65 150 None
65795.jpg r-pass 1049 389 71 120 None 938 305 92 111 None 973 437 68 148 None 907 427 58 130 digging 783 431 83 142 None 830 382 60 130 digging 691 397 55 224 None 538 349 103 127 None 385 313 89 128 None 278 428 66 182 None 78 376 75 142 None
47385.jpg l-spike 1037 334 51 126 None 991 450 86 127 None 846 422 91 137 None 671 280 36 191 blocking 468 293 52 135 spiking 526 399 68 115 None 465 412 70 132 None 366 415 64 112 None 383 376 55 109 None
44010.jpg l-spike 1117 359 94 145 None 926 310 88 117 None 984 425 58 147 None 629 322 72 147 None 577 314 30 220 blocking 464 342 54 130 None 440 284 43 105 None 344 361 66 88 None 164 354 119 178 spiking 229 369 54 137 None 238 329 51 119 None
63940.jpg r-pass 963 422 115 162 None 788 452 118 167 None 823 374 64 148 None 860 350 63 141 None 919 339 114 100 digging 699 327 84 158 None 573 397 68 166 None 620 357 52 168 None 594 336 47 149 None 323 328 66 129 None 194 414 82 173 None 55 336 76 152 None
74785.jpg l_set 1148 344 53 124 None 1099 481 73 131 None 853 362 57 125 None 801 399 53 151 None 805 375 49 135 None 657 329 63 192 setting 711 427 52 165 None 485 305 46 102 None 319 380 57 116 None 296 350 62 116 None 208 453 94 161 None
63745.jpg r_spike 1037 383 54 188 None 999 254 45 126 None 935 321 45 146 None 860 251 65 169 setting 758 338 54 133 None 633 226 45 203 blocking 489 370 54 165 None 270 325 73 118 None 171 412 77 165 None 28 358 73 152 None 841 397 69 175 None
63770.jpg l-pass 1045 392 75 164 None 1053 323 56 174 None 1022 285 48 131 None 807 372 59 166 None 793 326 35 157 None 789 293 54 117 None 676 300 70 142 None 610 291 64 140 None 551 361 72 170 None 432 356 89 87 None 222 409 82 157 None 123 350 81 147 None
64030.jpg l-pass 1104 457 77 172 None 943 407 57 185 None 865 446 95 107 None 839 352 63 145 None 730 414 62 187 None 741 414 52 182 None 106 408 60 140 digging 326 419 65 175 None 389 341 90 128 None 495 319 88 135 None
44115.jpg r_spike 877 421 63 179 None 1080 399 96 116 None 856 373 61 137 None 712 402 66 164 None 654 261 41 158 blocking 183 427 66 148 None 42 398 69 162 None 190 341 65 102 None 831 277 58 105 None 553 404 82 131 None 595 359 65 134 None
30515.jpg l_set 1195 420 56 154 None 1003 482 71 134 None 957 392 53 124 None 704 423 57 151 None 700 383 52 161 blocking 718 379 40 127 None 557 345 62 159 None 551 375 56 169 setting 411 357 58 101 None 336 446 51 130 None 261 395 53 132 None 111 495 109 175 None
64160.jpg r-pass 830 437 108 184 None 864 377 119 154 None 787 361 178 80 None 809 269 38 136 None 502 280 80 120 None 112 314 57 125 None 59 331 72 148 None 546 302 35 141 None 377 302 26 156 None 362 339 27 156 None 340 376 54 172 None
74470.jpg r-pass 924 438 54 141 digging 899 371 62 139 None 857 320 62 131 None 770 422 74 168 None 623 332 47 119 None 586 361 45 143 None 514 323 54 139 None 487 352 43 139 None 486 395 52 158 None 348 322 74 133 None 136 419 64 162 None
44085.jpg r_set 894 481 137 181 None 936 396 65 145 None 1007 354 90 138 None 928 276 110 114 None 617 383 81 149 None 612 235 70 193 setting 456 394 62 157 None 485 344 59 167 None 472 304 55 150 None 67 407 63 166 None 98 312 65 113 None
74680.jpg r_set 336 439 37 195 None 333 388 54 160 None 337 353 50 149 None 1008 373 91 98 None 768 490 87 205 None 867 439 102 153 None 965 372 98 141 None 608 443 74 167 digging 603 390 76 146 None
35545.jpg r_spike 995 428 35 91 None 1016 445 48 128 setting 942 443 71 116 None 709 423 60 117 None 671 501 68 144 None 627 492 37 122 None 555 470 41 128 None 463 446 54 116 None 421 397 48 110 None 241 438 61 82 None 242 467 48 128 None 124 443 61 125 None
43980.jpg l_set 1117 364 83 156 None 962 385 47 144 None 867 304 53 137 None 479 363 76 131 setting 685 388 55 161 None 682 360 47 157 None 705 318 65 145 None 520 321 59 127 None 522 285 49 120 None 384 320 74 122 None 93 358 105 142 None
30480.jpg l-pass 154 455 58 136 None 292 459 57 112 None 284 395 34 116 None 404 375 34 105 None 521 381 66 103 digging 649 435 47 128 None 727 397 39 134 blocking 741 426 38 137 None 750 394 39 120 None 952 449 46 115 None 1104 386 68 120 None 1164 419 42 129 None
43955.jpg l-pass 169 364 44 127 None 211 419 77 153 None 543 376 69 148 None 666 341 65 136 None 1046 382 62 149 None 888 342 76 140 None 937 353 79 117 None 783 416 59 172 None 779 371 52 140 None 794 327 56 113 None 420 368 99 80 None
66485.jpg r-pass 972 448 94 97 None 901 328 63 148 None 702 400 91 158 None 657 334 86 120 None 463 312 82 140 None 449 304 103 138 None 380 335 54 168 None 316 401 47 176 None 253 384 78 158 None 256 292 69 141 None
65710.jpg r-pass 161 413 65 140 None 116 360 60 131 None 286 418 60 170 None 331 388 74 142 None 337 327 60 136 None 624 379 49 133 digging 829 457 112 86 None 692 329 88 112 None 875 324 47 136 None 432 424 43 153 None 433 404 39 149 None
74510.jpg r_spike 135 305 95 142 None 336 314 77 138 None 171 417 54 166 None 527 372 40 193 blocking 719 353 97 209 spiking 653 352 79 161 None 931 434 84 157 None 1016 346 73 166 None 805 383 57 148 None 781 317 52 139 None
77100.jpg l-pass 838 441 60 170 None 852 386 39 122 None 862 348 51 135 None 956 336 59 122 None 991 440 64 133 None 1011 302 54 122 None 720 354 45 152 None 681 415 53 160 None 358 421 86 123 digging 412 347 54 109 None 209 396 89 132 None
53045.jpg l_set 147 505 94 64 None 122 372 86 126 None 359 308 77 116 None 638 332 48 169 setting 554 371 58 141 None 1019 455 75 137 None 1162 393 64 139 None 1028 368 62 122 None 742 426 62 163 None 729 306 50 167 blocking 719 359 43 167 blocking 289 496 94 171 None
65655.jpg l_set 1017 346 76 107 None 1094 464 71 115 None 776 339 38 123 None 744 408 57 156 None 742 366 35 137 None 416 365 76 194 setting 488 345 54 126 None 453 286 38 109 None 246 374 68 120 None 198 482 93 175 None
63855.jpg r-pass 1005 457 77 94 None 1047 345 44 137 None 901 337 68 110 None 657 406 81 148 digging 654 344 48 127 None 523 406 49 162 None 455 344 46 154 None 358 377 66 164 None 381 299 51 140 None 243 437 60 164 None 139 372 88 154 None 11 373 55 130 None
74375.jpg r_set 864 477 55 112 None 838 434 61 108 None 877 397 62 110 None 841 347 29 109 None 680 423 43 121 None 610 415 71 86 digging 429 438 36 145 None 438 410 30 133 None 442 395 27 133 None 189 372 56 97 None 142 439 48 137 None 71 404 66 127 None
36040.jpg l-pass 1052 443 57 125 None 782 385 33 141 None 712 409 39 139 None 795 335 35 125 None 454 378 50 141 None 395 311 62 115 None 203 377 52 107 digging 89 449 49 156 None 156 386 54 139 None 1140 338 60 129 None
53125.jpg l_set 209 486 128 187 None 227 358 91 154 None 325 332 77 125 None 380 305 74 119 None 517 333 61 184 setting 572 354 60 148 None 738 407 44 168 None 964 334 83 119 None 1197 373 76 151 None 1077 436 66 141 None 705 329 65 176 blocking 713 293 60 178 blocking
58450.jpg l-pass 95 399 49 139 None 161 441 88 145 None 264 385 49 115 None 361 373 62 115 digging 395 439 60 152 None 645 404 52 139 None 794 388 35 133 None 745 374 54 166 blocking 751 421 49 152 None 1052 381 54 117 None 1182 374 52 139 None 1007 478 62 137 None
63900.jpg r_set 205 333 54 137 None 53 428 86 181 None 531 412 48 176 None 540 363 52 179 blocking 699 344 72 197 setting 546 324 49 153 None 809 374 71 150 None 832 502 122 189 None 1069 415 79 179 None 1046 353 94 150 None 1050 284 94 134 None
43870.jpg r-pass 885 448 87 118 digging 937 413 68 112 None 877 382 45 97 None 728 450 58 127 None 573 372 59 123 None 479 422 27 125 None 499 390 46 124 None 466 388 31 122 None 203 414 41 118 None 146 408 31 130 None 58 408 59 129 None 1063 399 64 118 None
35805.jpg l-pass 1186 419 57 142 None 1110 476 57 142 None 1012 369 72 122 None 772 415 42 153 None 799 365 26 138 None 772 373 46 165 blocking 712 437 42 142 None 444 409 65 142 None 396 329 49 115 None 305 429 65 84 digging 174 401 53 142 None 62 477 61 157 None
35615.jpg l_set 960 395 45 119 None 700 386 40 121 None 247 490 91 148 None 208 450 87 127 None 388 362 56 102 None 387 422 51 101 None 556 426 57 173 setting 571 414 59 134 None 1108 436 59 129 None 990 491 58 134 None 688 406 39 155 blocking 690 462 43 150 None
65750.jpg r_set 998 408 95 142 None 823 493 117 183 None 917 442 72 195 None 972 293 101 119 None 789 330 55 172 setting 664 385 83 169 None 437 395 42 185 None 451 355 49 165 digging 444 311 65 130 None 188 337 53 126 None 0 335 70 164 None
36080.jpg l_set 1020 445 48 132 None 983 349 69 117 None 722 371 41 154 blocking 721 350 40 157 blocking 739 332 36 130 None 571 360 48 169 setting 582 349 54 140 None 447 310 59 102 None 262 384 103 127 None 167 469 70 166 None 1175 408 67 125 digging
35580.jpg l-pass 1124 429 42 133 None 1077 419 30 132 None 991 466 40 120 None 762 431 51 133 None 716 472 33 132 None 734 433 27 105 None 649 480 44 131 None 408 509 61 107 digging 460 435 58 119 None 395 377 49 102 None 353 432 34 103 None 176 448 60 126 None
51575.jpg l_set 137 401 47 162 None 216 389 97 140 None 409 312 48 113 None 391 513 97 169 None 469 366 58 205 setting 646 420 68 172 None 786 420 46 162 None 794 388 39 145 None 776 334 62 140 None 1009 343 64 138 None 1090 449 61 149 None
47600.jpg r-pass 1016 360 62 133 None 776 407 80 128 None 663 414 91 137 None 667 301 72 155 setting 459 326 43 120 None 465 291 38 123 None 374 340 47 147 None 319 380 45 148 None 336 310 51 128 None 277 340 45 124 None 142 403 47 153 None 0 334 52 131 None
62835.jpg l_set 1125 470 86 130 None 1192 393 67 139 digging 1098 328 53 130 None 757 374 62 163 None 750 349 56 149 None 774 332 56 139 None 644 303 74 202 setting 575 351 58 137 None 416 285 72 105 None 69 458 105 165 None 136 354 91 118 digging 79 356 62 125 None
64220.jpg l-pass 1117 402 90 172 None 1180 321 76 164 None 1116 297 57 142 None 841 307 49 142 None 807 377 52 172 None 790 335 38 164 None 639 383 87 183 None 401 275 65 137 None 398 362 85 161 None 381 406 131 63 None 152 407 63 183 None 102 322 60 161 None
58720.jpg l-spike 1167 400 60 138 digging 1080 446 63 121 digging 1055 347 57 115 None 933 432 84 156 digging 601 290 39 177 blocking 609 275 52 166 blocking 470 366 66 135 None 424 258 50 143 spiking 295 357 79 107 None 179 361 70 127 None 150 474 97 183 None 127 414 82 143 None
64125.jpg r-pass 55 373 63 154 None 237 315 53 121 None 247 367 107 144 None 291 319 56 142 None 376 333 53 154 None 385 294 51 133 None 466 306 62 119 None 460 284 34 121 None 719 399 93 151 None 856 301 60 128 setting 1017 322 76 140 None 890 397 88 153 None
35845.jpg l_set 1065 429 62 123 None 906 375 74 114 None 992 478 63 112 None 679 354 39 130 None 662 378 37 144 blocking 660 392 42 163 blocking 342 332 63 107 None 497 383 51 161 setting 532 391 51 114 None 271 385 53 107 None 193 414 63 121 None 55 487 107 161 None
51300.jpg r_set 988 512 89 180 None 915 360 43 132 None 842 313 86 120 None 694 355 65 141 setting 686 284 43 152 setting 492 424 53 167 None 531 389 60 154 blocking 535 350 48 120 None 163 461 102 147 None 196 339 50 125 None 1 411 47 153 None
74740.jpg l-pass 52 412 70 127 digging 299 352 68 102 None 412 422 95 135 None 514 337 73 122 None 709 425 52 182 None 789 417 32 161 None 796 379 57 159 None 871 356 78 125 None 935 435 51 138 None 1040 385 55 157 None 1141 441 85 167 None
74415.jpg r_spike 932 474 103 62 None 948 443 78 122 None 900 359 55 115 None 728 308 86 104 spiking 783 414 65 152 None 654 387 70 141 None 459 409 82 140 None 277 360 64 108 None 136 453 110 136 None 575 315 36 169 blocking
63660.jpg r-pass 1023 410 62 137 None 908 364 95 122 digging 857 322 73 97 None 600 370 69 142 None 567 330 80 130 None 480 363 82 147 None 391 331 49 157 None 348 286 53 140 None 261 439 93 151 None 178 362 85 117 None 157 425 55 137 None 294 402 60 107 None
47340.jpg l-pass 964 369 51 172 None 947 338 62 158 None 959 315 51 133 None 778 389 46 151 None 559 343 98 137 None 467 391 53 140 None 442 301 62 119 None 372 336 53 140 None 113 416 77 189 digging
63910.jpg r_spike 1022 409 106 182 None 948 357 107 158 None 1005 289 82 127 None 816 472 85 186 None 766 405 68 158 None 763 311 100 170 spiking 554 435 82 176 None 592 346 51 175 blocking 591 304 46 151 blocking 268 339 68 126 None 126 432 88 180 None 1 367 68 148 None
58675.jpg l-pass 926 393 61 164 None 931 349 59 155 None 934 333 39 121 None 476 393 78 194 digging 418 321 59 137 None 503 279 61 106 None 599 345 80 149 None
47580.jpg l-spike 1123 381 75 151 None 893 442 90 140 None 837 338 98 125 None 681 436 116 147 None 534 259 42 202 blocking 409 247 45 167 spiking 399 373 78 129 None 372 391 62 145 None 351 393 52 89 None 227 442 52 175 None 97 354 53 137 None 543 258 35 175 blocking
66340.jpg l-pass 1129 394 45 141 None 1110 356 69 120 None 933 438 43 129 None 793 383 47 128 None 743 390 50 141 None 706 376 50 148 blocking 550 421 67 156 None 452 341 56 112 None 377 388 58 139 None 280 352 50 129 spiking 232 439 62 148 None 187 397 43 111 digging
58490.jpg l_set 197 361 105 139 None 269 410 69 167 None 359 328 43 128 None 394 289 75 94 None 442 416 85 145 None 785 343 52 128 None 766 382 51 131 None 787 412 61 156 None 1239 387 38 136 None 1096 453 95 136 None 1098 329 57 123 None 592 294 42 180 setting
47550.jpg l_set 879 324 58 142 None 608 389 85 172 None 600 349 66 181 blocking 605 310 66 120 None 1187 357 55 189 None 288 516 117 127 None 483 397 38 161 setting 266 292 100 122 None 251 360 69 150 None 395 352 82 170 None 0 363 79 164 None
53055.jpg l-spike 1113 405 67 136 None 967 458 110 135 None 953 367 97 121 None 686 444 69 161 None 670 324 43 209 blocking 690 335 38 144 None 556 403 92 153 None 544 306 72 162 spiking 414 311 50 122 None 367 473 77 176 None 85 502 89 66 None 137 366 62 117 None
65690.jpg l-spike 1016 455 82 105 digging 1002 349 70 118 None 799 342 80 90 None 674 360 62 118 None 544 358 40 209 blocking 423 385 71 132 None 390 309 52 125 None 305 368 56 202 spiking 239 408 66 127 None 64 373 107 140 None
74620.jpg r-pass 1162 462 64 150 None 1108 369 71 146 None 952 347 90 116 digging 649 364 101 129 None 542 349 92 220 blocking 420 394 77 165 None 346 368 94 126 digging 255 447 88 158 None 278 402 47 161 None 151 403 69 143 None 73 356 82 141 None
62805.jpg l-pass 647 370 75 152 None 579 346 75 133 None 627 299 50 126 None 301 333 45 129 digging 241 413 99 148 None 1113 326 39 137 None 913 347 45 122 None 862 403 52 167 None 1194 365 84 148 None 1163 445 86 135 None 858 369 56 105 None
63835.jpg l-spike 1015 317 72 131 None 1184 329 65 150 None 662 350 61 153 None 700 322 75 127 None 605 317 63 216 blocking 534 327 49 139 None 433 264 41 145 None 386 386 103 168 None 144 357 66 127 None 266 337 100 190 spiking 302 352 48 125 None
62745.jpg r_set 1105 480 126 82 None 991 336 82 148 None 959 281 50 128 None 736 415 88 196 digging 623 409 71 156 None 669 322 68 131 None 429 378 49 170 None 439 342 29 158 None 450 324 32 140 None 147 313 69 123 None 50 404 72 168 None
51335.jpg r_spike 1210 418 69 150 None 1014 411 83 134 None 824 326 95 225 spiking 890 287 61 110 None 823 330 62 142 None 776 343 65 127 None 678 342 74 213 blocking 400 347 96 110 None 293 335 50 127 None 232 485 82 135 None 79 416 83 140 None
36100.jpg l-spike 1078 396 68 128 None 911 429 91 136 None 875 323 77 130 None 612 360 60 136 None 617 294 37 181 blocking 527 350 60 128 None 402 390 52 148 None 384 357 47 142 None 272 441 80 178 None 472 257 60 127 spiking 616 255 37 156 blocking
51255.jpg r-pass 1058 444 78 141 None 992 452 82 103 digging 991 376 46 107 None 816 426 88 140 None 826 332 53 112 None 654 364 53 138 None 548 412 49 155 None 561 357 44 161 blocking 540 374 37 119 None 255 430 44 138 None 257 379 46 117 None 86 367 60 130 None
58515.jpg l-spike 1083 462 90 126 None 1026 348 72 135 None 861 323 65 116 None 633 359 105 116 None 581 338 37 189 blocking 572 319 65 200 blocking 317 394 93 154 None 232 353 39 121 None 245 377 86 158 None 408 279 46 142 None 360 313 90 147 None 389 340 86 198 spiking
47520.jpg l-pass 1135 391 72 165 None 848 365 49 136 None 735 438 74 161 None 630 360 69 143 None 591 428 43 159 None 487 464 69 179 None 341 488 89 117 digging 394 394 94 127 None 259 421 66 111 None 301 318 57 137 None
51390.jpg l-pass 592 381 100 117 None 716 385 64 176 None 338 455 93 183 digging 159 372 99 173 None 71 406 98 191 None 380 495 88 203 None 851 339 61 121 None 832 392 42 187 None 1081 304 65 161 None 1193 441 54 168 None
51485.jpg r_set 949 357 67 147 None 662 385 93 168 digging 808 353 67 146 None 887 500 80 191 None 911 426 46 150 None 835 311 56 123 None 473 425 64 167 None 490 348 34 142 None 510 385 45 154 None 113 465 70 152 None 166 354 80 128 None 0 398 37 132 None
51350.jpg l-pass 138 406 95 154 None 265 356 65 126 None 295 461 130 153 None 476 393 81 87 digging 716 410 65 202 blocking 839 467 68 165 None 834 359 82 141 None 979 289 44 133 None 1035 444 61 146 None 1216 393 61 163 None 856 333 43 139 None
62780.jpg r_spike 959 422 65 155 None 851 347 52 141 None 686 379 70 141 None 616 426 60 182 None 592 365 59 141 None 850 254 89 141 spiking 43 319 87 120 None 48 420 117 149 None 416 362 89 146 None 480 348 61 132 None 458 323 75 124 None
66380.jpg l_set 1000 356 55 102 digging 708 380 57 150 None 704 352 52 133 blocking 721 340 57 127 None 549 320 74 178 setting 546 365 68 119 None 412 306 52 100 None 206 498 122 178 None 229 333 51 122 None 248 384 48 125 None 1159 377 51 143 None 1030 461 79 116 None
64080.jpg l_set 809 380 49 170 blocking 819 318 55 113 None 1200 342 49 118 None 1194 389 83 136 None 223 367 103 122 None 457 274 55 93 None 463 330 38 133 None 719 403 43 170 None 678 303 62 205 setting 123 464 105 158 None
74570.jpg l_set 74 345 88 133 None 135 398 95 184 None 469 327 44 121 digging 320 292 53 155 None 691 390 57 190 None 463 382 103 139 None 817 377 65 183 None 819 342 56 166 None 833 310 47 146 None 1229 295 49 146 None
63975.jpg r_set 1047 378 114 117 None 978 365 75 167 None 935 456 102 193 None 848 312 69 190 setting 779 371 57 142 None 679 287 55 135 None 426 406 52 173 None 427 358 58 128 None 431 316 63 148 None 131 323 56 131 None 48 420 97 164 None
63620.jpg l_set 30 474 157 159 None 136 355 85 123 None 393 284 62 109 None 246 407 69 142 None 542 337 75 197 setting 570 355 60 123 None 1188 454 71 168 None 1154 405 64 142 None 1060 331 60 130 None 713 374 55 142 None 715 348 53 139 None 732 347 52 125 None
77135.jpg l_set 1134 349 66 158 None 1065 470 92 137 None 1006 342 72 127 None 701 402 61 139 None 711 348 54 150 None 725 331 55 134 None 549 332 68 213 setting 511 381 83 133 None 460 311 69 119 None 307 319 71 141 None 105 364 119 131 None 170 422 91 170 None
47635.jpg r_set 1170 369 107 165 None 981 447 116 195 None 733 286 67 135 None 720 374 71 101 None 661 411 103 101 None 585 315 65 143 None 458 406 52 173 None 489 364 48 167 None 471 306 50 161 None 106 317 54 135 None 14 426 120 178 None
35660.jpg r-pass 939 457 96 88 None 838 458 57 117 None 700 450 91 130 None 774 391 54 85 None 558 354 44 117 None 525 341 38 128 None 218 440 65 144 None 351 456 43 145 None 407 400 41 137 None 307 390 35 120 None 364 385 34 94 None 430 372 41 97 None
35510.jpg r-pass 988 433 40 95 None 924 470 45 40 None 863 430 43 85 None 890 522 86 119 None 742 479 65 87 None 600 453 37 87 None 523 455 33 94 None 500 429 42 99 None 342 444 55 67 None 230 437 42 100 None 195 467 55 109 None 513 480 42 107 None
30575.jpg r-pass 850 367 79 100 digging 833 414 44 133 None 639 419 92 145 None 606 350 60 133 None 521 362 58 122 None 476 346 46 108 None 361 420 38 130 None 403 392 40 141 None 409 354 35 136 None 133 438 60 141 None 174 366 43 139 None 127 385 49 119 None
64265.jpg l-spike 1155 433 86 167 None 939 324 79 134 None 1162 337 80 150 None 603 331 88 203 blocking 623 357 72 150 None 660 321 72 137 None 484 454 88 123 None 164 416 82 161 None 217 337 75 151 None 408 383 48 102 None 324 253 61 141 None 435 358 82 207 spiking
51450.jpg r-pass 964 349 50 145 None 872 417 66 149 None 824 272 46 194 setting 675 433 103 147 None 641 356 82 130 None 576 377 62 147 None 439 415 51 162 None 468 384 43 156 None 484 352 43 144 None 314 370 52 145 None 146 462 54 155 None 152 388 75 144 None
30635.jpg l-pass 1050 329 65 152 None 1003 416 58 146 None 843 448 118 180 None 789 314 56 137 None 749 333 58 150 None 715 380 52 146 None 599 407 69 154 None 631 353 65 143 None 562 310 62 137 None 389 357 50 112 None 230 446 80 116 None 219 435 88 107 None
64245.jpg l_set 32 426 140 182 None 82 341 108 133 None 288 263 92 115 None 372 394 121 162 None 453 417 92 76 None 593 358 90 209 setting 719 386 61 169 None 726 329 49 149 None 744 311 49 135 None 1064 312 63 144 None 1164 426 105 173 None
58635.jpg l-pass 1238 447 41 148 None 1182 363 68 150 None 1131 338 51 141 None 1025 370 54 153 None 963 408 57 178 None 925 357 51 158 None 726 381 57 168 None 710 347 94 120 None 751 307 83 133 None 463 321 57 119 None 205 328 75 204 setting 106 390 57 154 None
65840.jpg r_set 1016 290 94 122 None 980 362 86 151 None 911 491 119 182 None 877 411 49 145 None 844 332 62 172 setting 695 329 47 155 None 534 407 43 175 None 539 370 61 165 None 543 308 68 156 None 257 332 50 120 None 199 415 66 161 None
77205.jpg l-pass 332 332 61 141 setting 436 356 68 139 None 348 374 44 136 None 367 405 105 164 None 204 350 49 120 None 82 416 69 158 None 579 380 85 151 None 568 346 51 151 None 541 331 44 144 None 1068 422 60 80 None 891 437 66 122 None 902 334 48 103 None
30535.jpg l-spike 439 280 69 130 spiking 236 467 55 159 None 592 397 94 123 None 579 284 44 181 blocking 499 378 41 122 None 387 387 63 128 None 275 412 52 130 None 332 361 41 120 None 1080 399 63 130 None 870 449 77 125 None 823 355 61 127 None
35640.jpg l-spike 1005 434 71 117 None 893 459 79 122 None 835 370 60 113 None 726 448 69 127 None 595 336 40 165 blocking 589 300 40 170 blocking 298 452 57 140 None 370 455 74 131 None 367 405 58 140 None 432 409 60 89 None 452 301 54 120 spiking 492 397 69 136 None
77065.jpg r_set 615 385 55 137 setting 671 409 58 130 None 869 522 133 165 None 845 399 52 113 None 900 337 74 119 None 779 322 49 116 None 478 363 49 199 blocking 455 447 52 159 None 47 411 55 134 None 177 446 49 144 None 198 359 55 110 None
63805.jpg l_set 1221 422 57 189 None 1028 301 100 148 None 769 385 70 156 None 807 313 49 142 None 774 314 44 162 None 591 303 58 229 setting 641 293 53 147 None 517 268 57 109 None 401 346 49 113 None 165 353 96 147 None 16 469 173 188 None
64190.jpg r_spike 768 386 98 196 setting 693 300 47 137 None 684 316 75 145 None 958 277 46 148 None 961 366 96 159 None 829 385 130 65 None 389 314 77 135 None 441 403 82 179 None 454 364 86 155 None 179 335 92 130 None 59 423 85 175 None
66520.jpg r_set 853 267 55 161 setting 923 416 89 97 None 868 445 86 192 None 680 289 57 117 None 512 312 40 151 None 621 325 49 141 None 300 412 40 182 None 325 356 44 170 None 258 305 55 136 None 71 408 52 181 None 0 350 58 141 None
35870.jpg l-spike 1035 419 69 128 None 990 466 69 131 None 894 350 89 117 None 643 350 53 128 None 569 384 45 194 blocking 492 359 56 121 None 426 315 50 122 None 361 361 63 115 None 239 389 124 169 None 288 389 57 128 None 244 373 47 152 None
66400.jpg l-spike 1005 342 52 128 digging 911 436 79 114 digging 859 335 75 96 digging 575 332 61 130 None 570 265 41 182 blocking 355 359 92 116 None 397 279 58 119 None 265 443 80 176 None 212 388 54 117 None 201 327 69 122 None 456 295 46 141 None
58570.jpg r_set 1003 372 68 144 None 999 313 58 111 None 903 384 72 151 setting 749 456 77 185 None 687 549 88 65 None 594 393 71 161 None 504 383 37 145 None 507 338 34 133 None 457 390 44 168 None 227 351 38 120 None 181 369 77 147 None 104 427 69 154 None
58535.jpg r-pass 665 420 47 87 digging 495 381 55 186 None 873 483 128 69 None 878 373 73 114 None 744 335 93 110 None 410 310 50 141 None 342 340 38 130 None 324 442 101 150 None 177 392 48 156 None 143 369 54 135 None
58600.jpg r_spike 29 371 73 126 None 105 436 121 132 None 263 334 62 114 None 479 378 78 155 None 599 298 47 163 blocking 688 377 63 122 None 810 446 46 146 None 830 436 64 186 None 896 355 55 130 None 918 262 92 126 spiking 1050 429 73 143 None
34995.jpg l_winpoint 530 429 45 152 None 298 395 55 150 None 347 430 35 127 None 368 442 56 147 None 421 395 61 144 None 438 372 56 134 None 602 462 49 157 None 670 470 78 173 None 939 453 36 159 None 744 345 42 135 None 896 348 40 130 None 1031 384 44 147 None
51645.jpg r_winpoint 88 408 71 177 None 248 406 65 159 None 304 350 95 148 None 388 329 36 137 None 437 378 65 156 None 470 459 46 95 None 591 408 56 173 None 716 329 53 133 None 865 316 70 144 None 989 342 59 156 None 698 415 103 180 None 926 424 69 158 None
32370.jpg r_winpoint 265 450 106 84 None 444 352 56 124 None 489 419 53 162 None 624 326 62 144 None 747 448 59 183 None 751 408 67 178 None 1017 385 45 171 None 1049 354 65 158 None 1084 450 93 195 None 1165 393 67 176 None 1154 335 85 135 None
50250.jpg r_winpoint 463 379 52 98 None 303 368 87 168 None 461 416 52 166 None 654 320 46 148 None 571 438 69 189 None 766 367 50 168 None 955 428 87 180 None 943 306 81 152 None 996 364 68 148 None 1031 347 68 167 None 1173 361 58 168 None
47730.jpg l_winpoint 227 355 94 184 None 322 387 77 199 None 329 326 80 178 None 413 396 59 202 None 495 419 108 196 None 509 315 55 129 None 721 419 43 202 None 781 383 56 198 None 836 331 62 175 None 873 460 76 93 None 954 408 84 205 None 1173 351 105 192 None
31755.jpg l_winpoint 930 398 50 127 None 779 430 72 117 None 783 326 67 120 None 711 425 40 154 None 497 349 37 127 None 495 339 52 125 None 379 416 52 147 None 407 386 51 129 None 405 366 43 124 None 290 370 66 111 None 237 417 64 136 None 238 378 59 124 None
33630.jpg l_winpoint 1022 358 60 141 None 851 329 46 134 None 761 429 58 156 None 736 332 47 129 None 639 432 75 155 None 605 438 54 156 None 422 402 69 135 None 450 347 42 128 None 343 402 50 128 None 291 442 58 163 None 277 419 51 146 None 273 400 52 149 None
30720.jpg l_winpoint 1029 425 64 112 None 818 456 109 140 None 780 350 92 162 None 591 488 140 91 None 645 323 66 151 None 572 367 66 161 None 428 381 90 157 None 340 407 94 164 None 287 414 62 168 None 271 369 85 141 None 171 363 80 162 None 382 330 52 140 None
49020.jpg r_winpoint 1128 323 93 159 None 1086 392 110 148 None 880 403 79 163 None 906 374 64 152 None 861 320 65 167 None 928 311 44 139 None 739 350 72 145 None 596 413 59 169 None 568 325 89 123 None 367 331 54 124 None 186 476 120 63 None 61 470 111 87 None
