19915.jpg l-pass 1565 650 68 176 None 1365 664 88 144 None 1265 706 74 153 None 779 698 77 159 None 863 543 98 99 None 994 520 107 126 None 745 547 91 126 None 1149 630 84 191 None 1210 670 40 116 None 1270 463 55 145 None 1358 520 79 121 None 1344 565 57 153 None
53125.jpg r-pass 1156 588 97 121 None 1190 702 65 146 None 1050 566 114 95 digging 834 563 100 133 None 786 675 65 193 blocking 781 618 44 212 blocking 648 508 62 140 None 572 599 51 149 None 670 704 64 173 None 604 667 65 166 None 296 595 79 137 None
19975.jpg l-spike 1408 699 92 146 None 1526 567 55 142 None 1386 528 89 116 None 1008 525 54 205 blocking 1005 514 54 189 blocking 887 524 84 133 None 831 681 54 160 None 840 626 68 160 None 736 525 64 169 spiking 695 613 69 160 None 670 546 68 128 None
34765.jpg r-pass 1562 808 116 106 None 1015 658 111 104 None 1237 714 60 134 None 956 804 79 197 None 910 720 67 183 None 883 570 67 106 None 697 724 48 176 None 690 620 48 160 None 715 613 30 113 None 418 720 67 176 None 305 679 88 155 None 389 613 44 139 None
26940.jpg r_spike 1477 695 51 174 None 1512 601 106 123 None 1264 667 97 204 spiking 1235 761 72 74 None 1109 710 76 102 digging 1235 566 58 146 None 1033 608 67 220 blocking 1044 661 55 202 blocking 788 550 65 130 None 632 716 69 132 None 498 633 83 134 None 658 539 81 137 None
34855.jpg l_set 857 648 88 169 digging 796 580 92 127 None 481 657 96 96 None 599 559 62 130 None 698 487 72 123 None 1179 714 67 162 None 1073 585 69 160 blocking 1070 542 62 92 blocking 1411 563 62 113 None 1385 709 83 134 None 625 756 118 185 None 1695 603 86 155 None
27145.jpg l-spike 933 604 49 188 blocking 940 573 42 176 blocking 1041 548 80 111 None 1220 524 69 119 None 1391 706 99 130 None 1517 569 72 134 None 461 580 57 157 None 661 640 80 188 spiking 605 654 49 157 None 738 592 61 169 None 753 475 49 119 None 778 591 30 115 None
14220.jpg l-pass 1550 609 91 145 None 1349 674 67 162 None 1287 537 80 118 None 1150 656 75 176 None 1025 588 48 161 None 1013 517 53 166 None 951 611 60 172 None 778 656 109 138 digging 719 576 55 172 None 560 621 53 172 None 529 570 48 139 None 642 467 60 127 None
14185.jpg r-pass 1269 717 107 165 digging 1274 606 58 165 None 1215 580 52 104 None 1088 508 94 143 None 962 582 77 159 None 939 522 60 149 None 712 676 96 169 None 672 636 68 152 None 718 588 107 158 None 690 570 96 102 None 443 543 48 131 None 392 604 56 173 None
34810.jpg r_spike 1555 633 92 83 None 1321 721 106 146 spiking 1296 693 55 137 None 1025 640 65 153 None 1073 553 55 139 None 761 739 72 155 None 821 647 55 167 None 723 708 99 155 None 763 617 76 116 None 436 648 55 155 None 547 584 86 120 None
34825.jpg l-pass 549 628 76 167 digging 777 739 69 176 None 961 691 106 151 None 835 611 62 160 None 604 581 79 120 None 783 570 67 137 None 1591 597 76 125 None 1411 752 83 174 None 1379 702 62 146 None 1114 611 51 162 None 1120 550 58 146 None
27010.jpg l_set 1600 595 93 142 None 1379 674 54 148 None 1412 522 49 123 None 1082 634 49 164 None 1101 522 46 123 None 1073 578 60 96 None 870 548 82 192 setting 777 627 93 159 None 723 458 74 107 None 570 505 85 150 None 486 580 87 145 None 384 760 109 156 None
14330.jpg r_set 1366 560 68 148 None 1317 661 68 145 None 1113 471 68 120 None 996 738 65 178 None 918 633 117 175 digging 1029 634 49 128 None 778 672 63 175 None 774 564 54 153 None 782 527 65 150 None 562 652 90 164 None 360 582 65 170 None 421 539 49 148 None
52995.jpg r_set 1456 588 92 146 None 1118 744 97 62 None 1110 788 106 181 None 957 634 90 181 None 1094 619 65 125 digging 1057 503 65 134 None 527 627 62 176 None 480 557 51 123 None 722 581 65 141 None 792 525 53 137 None 837 594 48 167 None 869 623 46 178 None
14075.jpg r_set 1388 826 68 186 None 1213 679 68 239 setting 1513 569 78 148 None 1316 528 50 146 None 1222 476 82 105 None 1027 644 60 184 None 910 639 49 170 None 891 552 31 176 None 908 534 49 127 None 691 648 88 166 None 565 532 49 141 None 462 587 78 160 None
14370.jpg r_spike 1037 633 95 231 spiking 1425 658 92 130 None 1288 697 86 148 None 1138 635 69 152 None 1033 490 57 153 None 888 623 88 219 blocking 675 546 106 116 None 492 550 92 114 None 299 622 73 177 None 568 697 67 151 None 977 653 79 146 None
15580.jpg l-spike 701 684 68 189 spiking 653 704 132 95 None 781 577 65 152 None 640 493 59 144 None 595 660 48 163 None 413 629 54 149 None 866 636 67 217 blocking 909 562 62 126 None 1407 609 93 125 None 1319 762 85 128 None 1211 568 83 112 None
53090.jpg l_set 900 600 57 192 setting 849 676 76 175 None 649 746 123 175 None 714 527 90 139 None 474 600 93 134 None 544 537 60 128 None 1429 702 87 145 None 1447 576 63 145 None 1205 537 76 156 None 1005 651 46 172 None 996 565 57 134 blocking 1003 540 41 104 None
26865.jpg r-pass 1118 475 46 195 setting 1185 713 84 148 None 803 590 91 146 None 750 723 81 164 None 722 709 64 163 None 1258 562 90 123 None 210 652 77 182 None 380 640 84 150 None 484 745 86 159 None 488 673 62 151 None 581 596 45 169 None 558 538 52 144 None
20055.jpg r_spike 1319 659 95 166 spiking 1380 643 62 140 None 1173 648 58 141 None 1201 594 82 141 None 1231 559 64 114 None 1081 639 46 165 blocking 1072 708 64 155 None 889 599 117 110 None 679 708 78 162 None 591 631 92 149 None 1370 576 79 88 None 719 557 72 111 None
53035.jpg r_spike 1029 609 89 219 blocking 1027 576 99 191 blocking 1176 623 81 235 spiking 1233 719 57 93 None 1152 597 60 149 None 1372 646 49 173 None 1427 619 68 165 None 1278 537 49 138 None 927 586 81 114 None 731 668 81 173 None 662 533 99 107 None 366 658 102 142 None
15555.jpg l_set 842 611 104 167 setting 568 770 130 169 None 639 642 62 125 None 609 615 60 132 None 627 490 81 95 None 815 576 48 141 None 1001 664 74 153 None 978 582 65 137 blocking 972 556 69 97 None 1267 588 109 92 None 1350 724 76 137 None 1528 613 81 144 None
53055.jpg l-pass 936 592 91 158 digging 872 661 88 165 None 760 545 91 109 None 467 633 91 158 None 1006 703 82 160 None 1071 660 51 184 None 1152 689 82 160 None 1257 657 81 131 None 1216 571 58 175 None 1279 536 60 138 None 1438 670 66 160 None 1474 621 74 170 None
34740.jpg r-pass 1246 748 70 135 None 989 573 60 129 None 886 597 75 140 None 872 783 49 180 None 910 729 52 161 None 717 734 83 177 None 589 704 63 167 None 689 613 52 165 None 713 580 49 133 None 470 699 77 149 None 484 636 70 132 None 1357 705 97 107 None
34885.jpg l-spike 505 729 121 88 None 344 592 74 171 None 595 569 74 142 None 1368 748 99 138 None 1437 595 80 133 None 1256 562 70 115 None 961 576 69 126 None 896 638 76 203 blocking 893 606 77 174 blocking 694 485 55 130 None 773 594 64 157 None 744 678 87 172 spiking
53110.jpg l-spike 699 654 116 179 spiking 770 678 56 172 None 790 656 49 112 None 890 633 56 203 blocking 910 623 35 165 None 921 571 63 123 None 1162 525 67 119 None 699 505 77 123 None 570 590 90 151 None 413 592 93 123 None 1366 735 102 149 None 1347 569 76 133 None
20075.jpg l-pass 707 685 74 152 None 642 587 89 88 None 875 543 91 131 None 1080 683 59 158 None 1082 655 59 151 None 1494 613 76 133 None 1326 685 85 168 None 1363 629 63 183 None 1277 573 84 113 None 1170 641 82 143 None 1173 583 63 125 None 532 712 91 78 None
26970.jpg l-pass 684 546 82 150 digging 791 685 85 170 None 791 538 71 139 None 961 485 49 145 None 1133 685 74 172 None 1203 701 57 181 None 1324 629 63 167 None 1460 741 124 175 None 1586 680 76 159 None 1517 701 60 150 None 1389 548 63 150 None 1517 555 84 137 None
54430.jpg r-pass 1067 491 68 148 None 896 466 83 131 None 810 531 62 146 None 777 478 76 148 None 1303 666 106 78 None 656 552 67 176 None 402 536 67 106 None 356 650 48 157 None 286 650 80 178 None 602 479 72 131 None 396 675 103 156 None 1342 509 95 130 None
14110.jpg r_spike 1505 715 73 146 None 1260 715 68 186 None 1109 683 133 135 None 1327 530 127 182 spiking 1227 484 59 160 None 1021 626 50 143 None 1006 576 58 169 blocking 639 534 80 99 None 452 596 65 154 None 549 688 100 152 digging
27040.jpg l-spike 649 445 105 108 spiking 547 502 56 147 None 697 584 60 171 None 503 699 61 171 None 376 607 78 143 None 837 466 49 177 blocking 916 610 81 158 None 1203 690 73 144 None 1420 586 69 109 None 1278 519 82 111 None 633 569 58 139 None
15665.jpg r_spike 1022 536 109 165 spiking 1159 502 104 134 None 1306 600 132 134 None 1418 652 51 144 None 1319 806 102 186 None 1012 604 90 146 None 933 524 53 211 blocking 935 730 58 165 None 486 610 74 137 None 593 729 76 160 None 578 584 67 104 None
20120.jpg r-pass 1362 623 107 131 None 1302 694 87 126 None 1279 549 85 115 None 1088 681 60 164 None 1060 592 117 161 digging 1046 551 57 137 None 891 682 46 172 None 939 606 52 156 None 793 681 60 159 None 787 502 82 101 None 698 567 65 134 None 361 749 96 98 None
14120.jpg r_spike 1322 587 71 169 None 1326 550 47 130 None 1502 680 69 137 None 1268 697 81 166 None 1154 677 137 127 digging 1223 499 48 145 None 1079 531 77 193 blocking 700 524 99 116 None 489 613 65 151 None 615 698 75 155 digging
20155.jpg r_set 1304 768 158 149 None 1410 572 81 135 None 1306 628 60 133 None 1129 624 79 164 None 1194 530 60 187 setting 1235 506 61 88 None 967 532 52 133 None 963 598 67 166 None 971 692 52 169 None 665 688 67 157 None 657 548 51 119 None 478 616 49 157 None
19940.jpg l_set 933 528 86 105 digging 759 623 68 159 None 788 551 61 93 None 602 530 66 137 None 962 668 62 191 None 1037 676 67 179 None 1507 609 51 162 None 1351 641 75 139 None 1399 505 51 137 None 1145 493 51 113 None 1162 569 44 148 None 1143 608 48 174 None
20020.jpg r-pass 1324 609 76 142 None 1238 611 110 126 digging 1193 697 86 162 None 1122 670 89 54 None 1071 621 39 162 None 1075 596 58 153 None 981 570 43 127 None 993 607 42 130 None 980 675 51 153 None 824 609 49 151 None 706 672 65 165 None 685 566 36 128 None
14250.jpg l_set 1585 607 60 144 None 1348 681 72 153 None 1304 527 97 109 None 1014 636 58 158 None 997 557 48 169 blocking 989 510 48 139 None 861 530 62 199 setting 781 562 65 141 None 656 679 123 139 None 585 610 92 155 None 633 434 55 102 None 531 551 60 134 None
14140.jpg r-pass 1442 669 128 85 None 1337 691 82 164 None 1201 655 142 156 None 1192 526 96 117 None 1248 583 96 120 None 1307 638 109 145 None 1096 575 76 164 None 1106 611 54 167 None 532 585 76 164 None 781 528 68 128 None 654 665 109 161 None
26905.jpg r_set 1137 534 66 168 setting 1339 561 62 129 None 1245 547 68 150 None 1201 697 68 131 None 891 662 56 168 None 1194 795 119 174 None 777 702 43 170 None 756 620 50 168 None 749 570 58 117 None 373 549 56 145 None 326 737 88 162 None 300 641 88 133 None
14275.jpg l-spike 657 623 79 200 spiking 732 536 65 152 None 605 452 64 133 None 632 611 103 162 None 482 602 67 172 None 399 567 50 148 None 828 610 54 216 blocking 816 559 58 176 blocking 851 528 82 121 None 1364 560 71 133 None 1173 529 58 107 None 1234 707 89 141 None
20195.jpg r-pass 1502 648 79 139 None 1367 714 48 137 None 1184 595 53 144 digging 1059 733 53 148 None 1046 665 90 141 None 1059 529 58 144 None 806 553 97 120 None 971 716 55 172 blocking 974 642 53 204 blocking 728 704 60 169 None 636 573 92 104 None 447 605 95 151 None
27065.jpg l-pass 604 565 76 140 digging 674 577 91 143 None 662 492 62 117 None 568 526 60 123 None 790 516 47 129 None 808 512 37 107 None 920 581 85 131 None 1096 673 67 137 None 1270 569 91 124 None 1255 534 54 70 None 457 671 88 128 None 281 607 82 123 None
43245.jpg l-spike 1392 658 79 141 None 1117 573 95 111 None 882 676 85 139 None 1235 715 95 139 None 777 502 51 181 blocking 634 476 81 160 spiking 618 657 62 134 None 643 606 67 141 None 573 584 51 137 None 484 743 79 160 None 379 636 53 139 None
15620.jpg r-pass 1217 660 74 150 None 1208 524 47 172 setting 1049 493 68 122 None 882 573 100 130 None 1015 771 86 172 None 892 710 103 186 None 686 614 47 175 None 668 559 58 139 None 622 744 64 171 None 517 686 88 152 None 397 651 49 163 None 313 616 41 136 None
43215.jpg l_set 514 800 127 164 None 649 520 97 116 None 466 655 41 132 None 648 579 58 151 None 893 575 41 188 setting 928 597 44 151 None 1022 566 55 111 None 1024 627 62 148 None 1034 679 58 151 None 1592 629 88 144 None 1351 747 74 158 None 1353 589 79 97 None
54470.jpg r-pass 1421 462 63 82 None 1402 595 46 123 digging 1380 554 79 148 digging 1012 443 43 112 None 883 592 68 148 None 856 502 65 126 None 477 722 93 183 None 613 670 71 150 None 595 548 49 156 None 511 491 76 137 None 336 669 43 172 None 204 594 90 134 None
20185.jpg r_spike 1084 692 99 150 None 1364 708 62 137 None 1475 609 55 154 None 1194 605 54 143 None 1108 504 48 141 None 1046 667 88 143 None 969 649 94 178 blocking 980 594 64 172 blocking 822 565 95 109 None 685 708 64 164 None 635 558 95 113 None 457 623 88 133 None
15525.jpg l-pass 1394 605 56 137 None 1233 698 70 142 None 1177 574 89 115 None 892 574 60 132 None 896 609 42 126 None 910 642 58 154 None 780 651 77 164 None 720 583 88 138 None 627 656 77 105 digging 653 504 62 132 None 544 654 56 146 None 585 734 73 166 None
54400.jpg r-pass 1267 641 117 145 None 1374 576 87 150 None 1033 510 68 145 None 833 498 60 148 blocking 822 482 38 145 blocking 727 575 76 120 None 613 536 52 123 None 682 455 57 142 None 384 683 74 175 None 324 593 57 159 None 514 676 57 137 None
20180.jpg r_spike 1455 613 67 149 None 1365 713 57 136 None 1189 622 65 146 None 1116 689 104 166 None 1133 500 48 133 None 1045 670 91 129 None 605 712 131 144 None 984 639 50 220 blocking 968 616 59 219 blocking 893 558 52 103 None 641 562 83 103 None 488 624 72 140 None
19905.jpg r_spike 1283 618 79 187 spiking 1395 650 61 135 None 1577 625 62 170 None 1373 545 55 133 None 1321 484 53 133 None 1279 442 50 137 None 1176 594 55 193 blocking 1141 578 48 176 blocking 989 523 91 111 digging 804 518 93 109 None 702 544 84 133 None 751 684 62 153 digging
14285.jpg r-pass 1187 663 57 200 setting 1290 574 82 120 digging 1150 541 76 123 None 845 529 88 114 None 794 602 38 205 blocking 788 587 82 161 blocking 695 532 71 142 None 614 466 57 142 None 613 642 60 150 None 655 701 85 153 None 445 604 52 172 None 344 607 71 139 None
19875.jpg r_set 1508 599 97 105 None 1386 613 68 133 None 1287 731 141 166 None 1109 474 62 139 setting 1183 471 86 96 None 1053 483 62 105 None 928 644 50 170 None 920 550 54 156 None 932 514 49 143 blocking 576 652 76 170 None 517 575 52 145 None 599 526 56 111 None
20000.jpg r-pass 1461 596 79 126 None 1226 660 61 120 None 1141 622 128 62 None 1021 642 68 154 None 1001 590 39 168 blocking 1031 600 35 151 None 877 626 86 154 None 855 562 85 123 None 848 691 48 161 None 667 580 69 117 None 673 657 82 149 None
27110.jpg l_set 1263 665 60 137 None 1315 596 69 141 None 1329 525 58 102 None 1000 607 53 146 None 1004 558 39 123 None 1008 522 47 137 None 860 547 65 190 setting 804 550 60 153 None 667 464 65 99 None 608 519 53 151 None 410 617 97 137 None 405 739 102 172 None
44040.jpg l_winpoint 1442 674 90 90 None 1264 538 58 137 None 1086 493 49 139 None 976 596 73 156 None 970 771 162 68 None 1028 789 82 135 None 782 572 74 159 None 770 530 61 139 None 689 541 46 144 None 717 644 79 183 None 597 613 57 145 None 547 583 58 136 None
38220.jpg r_winpoint 1358 644 66 160 None 1341 622 59 138 None 1295 634 56 150 None 1179 653 77 172 None 1122 681 69 174 None 1183 561 64 137 None 982 654 59 166 None 920 712 59 175 None 837 593 51 151 None 641 689 54 175 None 618 590 86 130 None 436 674 74 174 None
32460.jpg r_winpoint 588 605 67 162 None 751 553 40 132 None 897 599 52 162 None 1073 587 69 158 None 1025 524 70 159 None 1003 456 75 125 None 1438 597 77 155 None 1393 573 90 153 None 1473 549 82 155 None 1640 627 63 146 None 1712 569 79 157 None 1663 516 53 122 None
43275.jpg r_winpoint 1238 628 53 142 None 1062 681 90 162 None 901 540 61 149 None 820 626 68 153 None 653 568 86 134 None 629 573 62 136 None 565 601 56 135 None 437 614 59 155 None 414 727 55 167 None 391 590 58 146 None 319 686 55 150 None 230 646 67 134 None
40620.jpg l_winpoint 1430 592 55 156 None 1351 648 50 156 None 1283 521 68 135 None 1006 606 75 153 None 1011 583 115 149 None 1023 542 97 139 None 806 616 51 172 None 695 545 68 157 None 640 614 134 165 None 532 634 84 145 None 466 571 90 146 None 562 519 61 120 None
31620.jpg r_winpoint 674 693 87 95 None 642 554 67 141 None 852 565 63 150 None 827 527 44 130 None 958 578 74 151 None 954 552 74 156 None 1107 529 91 151 None 1266 587 68 160 None 1350 589 54 132 None 1422 548 73 148 None 1448 509 71 118 None 1263 485 72 115 None
30960.jpg l_winpoint 1269 570 83 114 None 1192 500 52 142 None 1151 630 73 160 None 1052 623 119 86 None 1020 683 49 172 None 950 638 58 173 None 645 574 80 173 None 574 564 65 162 None 534 657 66 172 None 486 631 50 175 None 540 602 55 139 None 416 595 65 131 None
50700.jpg r_winpoint 1401 616 57 123 None 1301 534 77 151 None 1343 452 121 143 None 1214 477 111 148 None 1186 561 67 166 None 1184 623 118 157 None 946 533 69 156 None 963 498 62 141 None 853 583 81 153 None 713 651 76 153 None 662 483 44 123 None 470 549 63 153 None
51990.jpg l_winpoint 1267 614 83 87 None 1229 609 68 142 None 1107 544 56 97 None 1052 497 86 80 None 1101 702 92 172 None 957 654 46 179 None 720 582 77 154 None 676 562 92 152 None 641 649 55 172 None 582 653 52 163 None 549 584 95 146 None 440 551 82 127 None
42120.jpg r_winpoint 1309 567 52 151 None 1321 560 45 123 None 1250 540 56 130 None 1160 606 47 157 None 1114 567 63 142 None 1092 526 76 136 None 962 454 50 130 None 913 487 53 149 None 841 657 56 170 None 639 668 139 74 None 664 531 52 122 None 463 666 61 112 None
44895.jpg r_winpoint 1398 539 69 132 None 1321 627 75 141 None 1187 628 99 164 None 1116 535 52 158 None 1060 589 74 175 None 1062 586 47 157 None 942 695 47 171 None 872 707 71 174 None 733 498 55 138 None 675 550 44 129 None 632 684 56 160 None 434 582 64 147 None
35880.jpg r_winpoint 1187 602 48 139 None 1204 584 61 137 None 1176 563 74 157 None 1122 575 73 169 None 1108 573 44 151 None 1140 563 48 147 None 797 560 63 154 None 773 531 59 133 None 666 706 74 136 None 674 629 52 140 None 616 585 43 123 None 590 601 49 152 None
30180.jpg r_winpoint 536 547 49 147 None 694 586 84 157 None 814 591 51 161 None 620 529 61 82 None 960 467 44 135 None 944 431 35 120 None 1145 444 71 109 None 1148 533 49 137 None 1195 573 75 149 None 1256 527 50 155 None 1296 481 48 133 None 1298 590 60 143 None
37545.jpg l_winpoint 433 611 77 164 None 542 583 59 124 None 566 694 85 177 None 722 728 85 178 None 730 555 68 167 None 804 670 95 179 None 1030 650 66 168 None 1152 686 70 152 None 1135 499 44 144 None 1196 572 57 144 None 1640 569 74 154 None 1273 791 82 186 None
50010.jpg r_winpoint 1349 499 47 191 None 1313 471 97 154 None 1258 559 65 146 None 1214 481 48 133 None 1114 511 59 157 None 1103 465 38 141 None 951 457 70 135 None 942 446 64 132 None 815 609 59 179 None 598 584 70 153 None 515 529 78 154 None 624 473 64 121 None
