36790.jpg l-pass 977 363 45 120 None 863 317 46 125 None 863 423 50 112 None 708 418 67 131 None 709 343 40 129 None 754 276 46 106 None 610 444 51 139 None 512 440 79 150 None 485 278 39 110 None 360 292 48 122 setting 243 346 70 118 None 341 416 76 126 None
36865.jpg l-spike 382 342 47 120 None 448 303 41 109 None 535 236 57 113 spiking 500 333 64 116 None 479 409 56 139 None 430 430 52 138 None 658 240 38 144 blocking 658 239 36 158 blocking 822 298 55 102 None 815 401 68 130 None 983 434 62 116 None 1070 326 61 95 None
36450.jpg r-pass 238 362 47 113 None 390 316 47 93 None 366 421 78 122 None 616 300 39 112 None 613 393 39 146 None 618 441 49 140 None 692 326 57 110 None 812 367 80 112 None 839 252 55 105 None 1015 358 48 120 None 867 436 69 120 digging 707 540 80 72 None
28015.jpg r-pass 320 328 44 107 None 457 310 40 110 None 359 469 45 126 None 505 367 61 114 None 534 302 53 104 None 566 272 39 107 None 628 290 45 105 None 634 270 38 87 None 695 318 75 105 digging 865 417 53 103 None 928 377 60 104 None 991 305 51 118 None
43570.jpg r_set 950 330 44 111 None 898 383 67 131 None 821 469 101 156 None 727 349 71 129 None 710 278 54 137 setting 749 259 65 100 None 551 414 46 142 None 539 354 51 116 None 510 271 37 117 None 287 305 42 92 None 270 428 75 99 None 138 358 61 101 digging
38935.jpg r_spike 239 357 46 102 digging 323 413 79 114 None 356 294 60 84 None 506 422 72 114 None 637 220 49 133 blocking 629 250 33 151 blocking 705 228 56 118 spiking 691 346 56 102 None 681 389 42 122 None 736 446 61 134 None 836 319 40 101 None 1012 346 34 105 None
43485.jpg r_set 951 344 58 40 None 918 376 41 121 None 901 475 117 139 None 836 284 67 112 None 729 276 56 106 None 641 244 55 118 setting 547 398 48 142 None 543 305 46 138 None 557 255 30 109 None 274 295 43 91 None 160 346 58 108 None 201 430 51 125 None
36175.jpg l_set 236 343 54 109 None 318 480 69 143 None 358 346 57 137 setting 390 323 51 103 None 521 298 47 93 None 524 337 53 120 None 710 277 38 113 None 695 360 40 127 None 707 433 53 130 None 907 295 50 111 None 938 423 63 117 None 1056 344 44 109 None
36760.jpg r_spike 246 456 72 122 digging 236 368 83 104 digging 354 323 65 87 None 562 290 39 112 None 625 352 38 158 blocking 617 358 56 190 blocking 691 334 41 127 None 735 413 71 128 spiking 757 317 60 110 None 770 251 49 107 None 819 418 44 113 None 950 355 53 109 None
43700.jpg l-spike 1039 318 55 106 None 942 396 52 122 None 791 260 54 113 None 725 389 81 123 None 607 219 46 147 blocking 603 192 47 160 blocking 485 193 65 136 spiking 489 318 43 125 None 411 289 51 104 None 373 390 39 124 None 255 336 44 120 None 474 450 79 142 None
36315.jpg r_spike 983 427 67 109 None 842 410 46 112 None 750 414 61 134 spiking 751 259 34 109 None 710 319 50 105 None 671 351 50 117 None 633 373 47 173 blocking 620 355 44 164 blocking 542 287 34 109 None 358 322 67 86 None 310 446 82 117 None 207 383 59 108 digging
36485.jpg r_set 235 363 51 113 None 346 309 47 86 None 339 426 76 115 None 625 305 41 123 None 625 334 42 126 None 624 398 41 124 None 749 446 51 132 None 747 358 51 121 None 762 290 62 112 setting 870 237 42 88 None 1023 353 64 97 None 977 404 51 123 None
43625.jpg l-pass 140 342 55 136 digging 214 315 62 100 None 355 410 64 124 None 391 295 61 104 None 551 404 65 116 None 598 420 37 125 None 660 398 58 134 None 647 279 43 117 None 768 329 62 114 None 857 293 63 106 None 838 394 54 133 None 991 398 52 122 None
36240.jpg r-pass 244 380 49 133 None 290 416 56 133 None 414 367 41 117 None 445 394 73 142 None 555 399 37 133 None 538 327 38 122 None 678 311 52 112 None 627 409 61 115 None 609 454 75 133 None 772 322 63 112 None 818 461 81 110 None 1084 417 46 106 digging
27115.jpg l-pass 194 393 57 99 None 211 318 52 97 digging 296 325 50 80 None 302 443 47 141 None 436 278 46 97 None 526 348 56 107 None 637 339 35 122 None 682 375 35 128 None 655 314 26 120 None 959 417 55 114 None 959 345 40 116 None 1097 286 82 96 None
27160.jpg r-pass 446 444 60 147 None 486 407 100 63 None 569 294 43 139 None 447 310 48 114 None 335 315 51 124 None 336 393 64 116 None 651 427 97 109 None 635 270 34 141 blocking 636 288 45 148 blocking 813 305 58 105 None 888 435 65 109 digging 985 351 43 106 None
38905.jpg r_set 1086 360 44 87 None 979 329 56 103 None 840 247 53 81 None 734 362 47 119 None 655 287 48 135 setting 596 407 40 136 None 603 338 47 135 None 612 309 38 133 blocking 339 327 45 81 None 314 432 81 115 None 214 385 54 93 None 910 491 106 142 None
36665.jpg l-pass 1018 352 40 115 None 958 408 51 115 None 775 411 52 122 None 703 350 77 120 None 775 325 46 107 None 782 283 47 104 None 604 435 59 66 None 568 438 46 148 None 512 434 90 131 None 543 407 53 113 None 525 343 61 105 digging 300 360 45 120 None
36560.jpg r_set 225 352 48 102 None 391 310 43 98 None 336 403 58 124 None 607 385 42 134 None 586 268 34 103 None 601 285 44 102 None 680 258 34 104 None 728 290 54 125 setting 770 299 54 68 None 802 330 47 112 None 924 425 75 134 None 1022 339 36 94 None
27920.jpg l-pass 1108 274 68 100 None 978 335 35 119 None 957 433 61 105 None 688 372 34 134 None 651 329 40 130 None 657 311 42 111 None 551 353 40 115 None 447 288 46 99 None 298 278 47 111 None 235 339 48 82 digging 181 385 68 108 None 297 446 52 138 None
38960.jpg r-pass 233 351 53 103 None 342 402 84 115 None 414 318 47 89 None 601 255 49 101 None 613 288 52 93 None 671 294 42 102 None 709 330 45 120 None 711 393 60 126 None 719 436 83 112 None 903 373 105 79 None 801 324 72 76 None 555 403 74 122 None
38870.jpg r-pass 1053 359 49 99 digging 1021 435 54 136 None 1007 304 57 112 None 850 295 59 112 None 811 247 42 109 None 658 322 59 107 None 607 289 29 138 blocking 590 338 36 130 None 578 367 40 132 None 330 425 62 110 None 302 340 58 74 None 155 367 47 124 None
28055.jpg r_set 296 426 52 112 None 280 333 57 115 None 303 293 38 93 None 578 382 40 127 None 579 322 42 135 None 576 286 35 116 None 664 310 38 108 None 730 304 41 113 None 816 231 46 87 None 872 324 48 101 digging 958 342 70 119 None 1035 494 73 153 None
27270.jpg l_set 990 334 39 117 None 956 440 68 96 None 857 298 45 94 None 643 291 38 116 None 639 326 36 123 None 668 396 42 134 None 511 298 43 140 setting 505 316 51 105 None 385 263 73 82 None 367 325 57 115 None 246 402 52 111 None 287 485 94 131 None
27150.jpg l-spike 355 469 90 139 None 276 400 60 117 None 295 314 61 123 None 364 317 87 98 None 520 271 87 118 spiking 543 377 86 96 None 637 279 37 157 blocking 634 279 45 141 blocking 648 411 52 128 None 866 291 50 99 None 992 338 42 111 None 934 435 75 113 digging
43720.jpg r-pass 988 302 43 99 None 887 375 66 100 None 822 412 63 140 None 717 291 58 98 digging 606 267 71 110 None 607 246 41 124 None 538 279 37 106 None 489 304 49 121 None 447 295 53 102 None 354 372 68 116 None 360 425 47 139 None 253 308 41 120 None
36405.jpg r_spike 228 373 67 109 None 349 329 72 87 None 350 435 62 128 None 599 288 54 100 None 638 371 45 170 blocking 643 372 43 187 blocking 714 387 48 116 None 794 336 52 116 None 801 255 46 103 None 765 434 90 128 spiking 915 430 60 111 None 935 333 51 87 None
28100.jpg r_spike 149 325 47 117 None 291 288 59 88 None 262 430 75 106 None 443 407 64 122 None 610 217 41 137 blocking 596 220 52 166 blocking 663 345 81 83 None 745 321 67 91 None 727 219 51 119 spiking 878 349 59 99 None 951 329 52 107 None 900 406 49 131 None
36075.jpg r-pass 992 383 55 88 None 953 444 62 135 None 910 323 70 87 digging 739 300 47 95 None 738 253 41 106 None 594 321 44 105 None 509 382 38 130 None 517 355 39 111 None 534 298 32 133 blocking 263 438 63 113 None 237 355 58 80 None 99 354 46 106 None
36830.jpg l_set 224 348 92 112 None 355 314 45 101 None 428 241 44 82 None 550 338 47 152 setting 420 401 59 131 None 379 482 77 150 None 688 305 41 120 None 679 346 44 121 None 687 423 48 127 None 897 292 42 99 None 1002 432 61 114 None 1066 364 48 107 None
43535.jpg r-pass 982 339 40 92 None 843 297 61 117 None 801 405 46 138 setting 672 419 74 118 None 649 364 85 89 None 601 252 42 110 None 546 413 56 169 None 544 382 57 176 None 377 266 51 118 None 306 431 53 117 None 215 324 73 81 None 75 377 55 127 digging
27235.jpg l-pass 211 399 41 116 None 312 362 96 83 digging 409 427 53 123 None 480 295 55 138 digging 481 295 38 106 None 524 377 57 117 None 656 399 41 115 None 673 351 46 122 None 693 279 49 90 None 824 286 42 103 None 861 328 49 114 None 949 403 51 121 None
43765.jpg r_set 706 390 79 59 None 638 328 36 105 digging 752 269 41 106 None 567 382 38 141 None 997 319 46 111 None 317 281 35 110 None 166 320 44 127 None 277 397 74 112 None 933 465 90 144 None 556 293 35 143 blocking 562 274 39 108 None 851 245 56 91 None
36125.jpg r_spike 199 374 45 114 digging 284 437 77 119 digging 297 323 51 93 None 579 270 34 151 blocking 566 278 43 175 blocking 556 426 53 137 None 655 300 58 102 None 662 268 52 148 spiking 758 248 46 98 None 840 303 42 107 None 833 396 59 112 None 807 480 83 138 None
27300.jpg l-spike 829 302 54 103 None 638 246 28 150 blocking 638 222 35 134 blocking 1034 307 41 113 None 993 409 49 119 None 701 429 94 115 None 536 303 73 113 None 530 209 56 121 spiking 455 431 55 133 None 456 357 38 108 None 466 297 39 106 None 307 363 41 114 None
43455.jpg r-pass 9 438 81 138 None 167 302 48 128 None 277 333 63 84 None 538 383 43 130 None 561 301 29 143 None 560 287 34 127 None 644 268 68 102 None 845 345 57 132 None 846 459 102 145 None 1014 370 66 135 None 976 338 53 68 digging 913 271 47 112 None
43605.jpg r_spike 131 366 70 113 digging 269 303 67 90 None 277 421 84 117 None 453 278 53 120 None 566 334 48 186 blocking 566 349 57 194 blocking 668 344 74 180 spiking 670 247 38 109 None 745 286 59 111 None 790 315 55 124 None 842 416 53 126 None 961 360 40 120 None
38990.jpg r_set 234 356 52 110 None 386 319 44 92 None 352 423 65 117 None 611 269 40 112 None 616 321 49 126 None 617 397 42 138 None 728 284 45 120 setting 753 254 40 103 None 737 373 91 118 None 841 360 56 87 None 938 334 50 102 None 899 477 92 131 None
36695.jpg r-pass 272 349 35 122 None 411 392 54 122 None 502 328 45 111 None 605 400 42 132 None 580 366 44 120 None 597 319 46 93 None 659 307 38 111 None 852 345 69 119 None 848 261 46 98 None 1028 314 44 106 setting 1014 383 54 106 None 960 463 86 137 None
43800.jpg r_spike 898 302 62 111 None 787 376 62 70 None 730 389 77 144 None 727 238 72 134 spiking 760 251 37 112 None 622 319 65 108 None 543 297 70 120 None 541 265 51 113 None 473 395 50 130 None 215 413 79 114 None 132 335 66 125 None 247 277 51 98 None
36340.jpg r-pass 254 369 49 107 None 387 350 60 74 None 429 434 81 111 None 493 297 74 91 None 604 464 68 134 None 625 441 63 139 None 768 328 51 103 None 781 375 52 115 None 794 265 41 67 None 851 423 68 114 digging 834 502 73 131 None 965 415 55 122 None
36380.jpg r_set 1033 343 71 112 None 1005 408 42 123 None 894 247 43 80 None 794 299 47 136 setting 796 370 49 123 None 958 497 114 137 None 639 423 41 138 None 643 360 47 130 None 647 306 33 116 None 358 437 83 105 None 384 324 44 87 None 257 359 49 113 None
27215.jpg r_spike 896 381 50 118 None 869 329 54 111 None 796 287 49 108 None 657 444 81 77 None 672 359 46 122 None 664 250 48 145 spiking 544 332 49 117 None 518 295 45 103 None 477 419 73 129 None 442 391 73 102 None 320 342 64 117 None 216 405 52 110 None
36115.jpg r_set 152 399 57 95 digging 260 438 80 119 None 257 326 48 87 None 542 317 44 110 None 535 344 44 123 None 534 407 39 139 None 623 273 57 129 setting 669 314 42 131 None 763 243 66 84 None 854 289 39 99 None 871 392 56 115 None 870 502 100 138 None
36285.jpg r_set 160 360 44 117 None 309 327 44 86 None 282 426 54 133 None 554 299 40 122 None 556 346 45 120 None 551 409 39 132 None 636 288 44 137 setting 653 349 51 129 None 776 256 68 79 None 969 408 52 106 None 842 486 99 134 None 1134 470 70 129 None
27990.jpg l-spike 1063 290 50 110 None 984 440 85 117 None 858 436 86 125 None 815 298 47 100 None 636 230 33 156 blocking 502 306 52 115 None 486 206 56 131 spiking 402 311 51 115 None 432 376 48 104 None 351 350 49 109 None 406 545 45 131 None
27140.jpg l_set 941 439 67 101 None 984 335 38 121 None 927 282 49 101 None 662 398 40 132 None 635 319 43 134 blocking 635 310 43 112 None 551 324 65 138 setting 515 310 58 107 None 342 324 49 100 None 257 310 55 119 None 228 397 60 116 None 278 475 97 129 None
36140.jpg l-pass 400 350 66 73 None 342 419 86 133 None 274 364 51 106 None 535 435 130 110 None 642 302 41 140 None 638 328 43 128 None 693 337 43 110 None 786 255 50 108 None 765 304 45 118 None 776 408 64 90 None 868 329 51 108 None 775 456 68 139 None
43660.jpg l_set 150 349 69 115 None 278 296 39 104 None 367 230 49 92 None 549 374 67 134 None 522 420 82 130 digging 472 465 53 155 None 678 266 37 118 None 663 319 37 122 None 683 408 50 147 None 912 299 40 118 None 999 356 60 123 None 974 422 48 130 None
27950.jpg l_set 1039 321 46 120 None 1030 430 55 118 None 942 270 62 107 None 703 396 49 131 None 673 341 39 118 None 674 295 43 100 None 469 482 59 86 None 475 331 48 130 None 369 452 90 139 digging 236 379 47 116 None 264 368 49 72 None 356 248 46 94 None
36515.jpg r_spike 1013 338 44 106 None 880 343 52 127 None 859 305 48 103 None 780 387 55 129 None 681 362 47 131 None 718 212 42 125 spiking 629 225 38 153 blocking 633 208 45 139 blocking 494 381 79 108 None 326 406 62 120 digging 346 288 65 85 None 223 356 45 107 digging
36620.jpg l-pass 201 395 62 110 None 390 325 59 104 None 424 408 134 108 None 518 383 111 83 None 581 426 72 138 None 631 430 44 140 None 692 318 53 107 None 687 406 54 138 None 750 386 54 118 None 794 413 47 117 None 744 256 45 106 None 1002 374 47 125 None
27190.jpg r-pass 941 328 69 141 None 298 409 43 112 None 379 333 46 116 None 563 359 55 112 None 485 304 43 116 None 428 437 93 56 None 508 447 74 108 None 806 308 57 101 None 639 305 40 113 None 668 363 38 108 None 656 453 84 89 None 856 414 53 120 None
43520.jpg r_spike 940 306 52 94 None 788 265 57 110 None 802 413 55 123 None 713 358 75 164 spiking 661 326 63 132 None 608 239 39 105 None 448 260 44 118 None 270 301 62 92 None 86 379 91 115 None 234 436 68 119 None 552 359 45 182 blocking 548 334 46 179 blocking
36215.jpg l-spike 262 401 73 120 None 309 376 41 123 None 461 348 44 115 None 484 393 61 135 None 513 360 80 178 spiking 552 312 42 119 None 661 344 52 172 blocking 658 345 59 185 blocking 743 326 45 105 None 883 310 52 103 None 1008 458 84 113 None 1136 366 61 108 None
36735.jpg r_set 256 358 52 110 None 361 314 47 86 None 324 427 77 122 None 613 302 42 105 None 610 332 38 111 None 597 406 41 135 None 705 290 50 131 setting 737 294 43 156 None 824 241 71 86 None 897 386 40 112 None 1048 344 57 87 None 928 497 76 138 None
36600.jpg r_spike 194 390 56 119 digging 325 321 63 95 None 354 431 57 136 None 528 294 49 120 None 624 340 50 154 blocking 627 350 61 172 blocking 714 258 50 104 None 709 295 40 107 None 709 363 96 153 spiking 778 361 43 116 None 846 404 40 117 None 953 334 52 106 None
36530.jpg r-pass 1012 326 41 92 None 890 371 66 115 None 824 384 46 122 None 782 325 61 78 digging 676 369 57 104 None 674 268 37 103 None 626 261 44 117 blocking 619 243 40 115 blocking 474 383 82 110 None 407 298 43 86 None 312 408 83 116 None 213 342 42 106 digging
31725.jpg r_winpoint 731 368 37 135 None 848 303 54 115 None 730 317 37 116 None 736 292 47 105 None 823 279 40 110 None 833 275 40 94 None 593 241 46 116 None 472 338 41 118 None 196 292 45 122 None 233 298 61 54 None 271 403 95 114 None
43845.jpg l_winpoint 236 301 57 118 None 281 297 47 109 None 451 223 32 103 None 358 362 44 122 None 466 286 27 127 None 448 364 62 160 None 1013 318 51 118 None 736 276 49 117 None 806 276 35 118 None 873 317 60 123 None 810 376 46 115 None 729 359 36 140 None
34710.jpg r_winpoint 852 352 61 123 None 891 322 33 113 None 865 276 51 108 None 784 263 40 106 None 720 303 44 114 None 714 283 51 116 None 462 286 54 120 None 410 370 41 123 None 370 347 47 127 None 341 272 52 114 None 356 255 51 109 None 231 351 47 111 None
46035.jpg r_winpoint 324 340 51 125 None 354 267 42 95 None 498 251 39 103 None 579 270 49 115 None 472 362 57 131 None 427 392 44 124 None 783 286 41 101 None 816 301 52 100 None 774 332 56 131 None 811 391 50 133 None 831 334 92 118 None 879 318 53 120 None
35550.jpg l_winpoint 1081 379 96 125 None 1063 294 52 114 None 908 364 46 121 None 888 334 69 120 None 887 308 54 116 None 610 313 45 119 None 514 298 61 130 None 483 296 54 116 None 438 351 56 132 None 434 351 32 115 None 460 294 32 112 None
32745.jpg r_winpoint 980 322 57 116 None 937 346 48 116 None 939 307 33 103 None 901 355 44 128 None 838 330 64 116 None 850 305 44 119 None 711 266 34 109 None 638 278 37 118 None 451 289 55 118 None 410 406 37 125 None 253 315 32 123 None 31 449 74 57 None
36900.jpg l_winpoint 981 332 106 40 None 1014 379 38 117 None 784 439 86 73 None 780 298 32 115 None 677 307 39 119 None 656 273 40 108 None 567 331 44 125 None 492 384 59 147 None 524 291 37 152 None 421 373 59 132 None 426 307 41 100 None 351 286 25 150 None
46905.jpg r_winpoint 880 335 61 122 None 842 344 61 115 None 823 294 37 111 None 782 377 50 132 None 725 326 40 107 None 723 273 40 91 None 610 349 37 119 None 610 272 36 120 None 566 262 48 107 None 526 317 47 106 None 481 398 61 72 None 272 321 38 121 None
42810.jpg l_winpoint 821 325 67 114 None 777 359 42 115 None 725 341 54 126 None 640 349 52 136 None 666 323 52 130 None 741 294 58 118 None 489 317 81 122 None 432 353 62 120 None 432 265 36 123 None 369 320 42 113 None 343 328 70 157 None 299 308 53 148 None
