44990.jpg r_spike 819 372 48 124 None 767 437 52 131 None 571 429 45 143 None 570 359 37 103 None 436 355 37 116 None 434 311 47 135 spiking 365 313 41 133 blocking 261 365 50 116 None 317 392 69 111 None 218 460 60 124 None 77 451 50 116 None 9 428 56 120 None
50835.jpg r_spike 890 470 51 121 None 831 419 68 112 None 876 445 46 131 None 792 367 38 104 None 758 440 116 146 spiking 707 419 44 137 None 643 398 33 169 blocking 515 402 73 104 None 397 386 37 96 None 283 495 57 122 None 120 446 103 112 None
30290.jpg l-spike 1038 472 69 131 None 1051 382 88 120 None 909 368 54 114 None 713 369 30 107 None 697 328 65 144 None 531 393 56 161 spiking 573 399 71 118 None 509 308 50 133 None 396 351 62 118 None 320 392 69 141 None 269 451 73 131 None 682 404 37 169 blocking
26355.jpg r-pass 1038 382 69 139 None 853 373 107 77 None 900 459 62 156 None 625 389 80 124 None 583 438 45 135 None 518 436 50 156 None 523 378 35 160 None 422 336 62 146 None 350 415 39 150 None 278 392 71 131 None 95 404 56 165 None
26210.jpg r_spike 974 378 52 145 None 856 394 63 124 None 810 440 63 123 None 721 391 42 145 None 758 387 81 165 None 764 330 35 164 setting 559 354 85 202 blocking 581 327 46 218 blocking 446 372 70 131 None 237 356 52 111 None 143 471 68 148 None 0 415 75 140 None
38095.jpg l-spike 836 435 57 140 None 641 280 39 167 blocking 967 357 40 111 None 1019 449 57 114 None 1123 387 82 130 None 467 301 44 130 spiking 451 374 47 106 None 436 450 53 137 None 559 393 41 131 None 525 380 40 123 None 241 398 57 120 None
50970.jpg l-spike 1139 472 60 109 None 1174 402 52 111 None 992 374 45 99 None 861 437 69 137 None 773 318 37 146 blocking 689 410 48 99 None 606 295 30 144 spiking 601 437 47 122 None 541 389 39 107 None 366 451 73 129 None 275 406 58 114 None
19410.jpg l-spike 1131 383 51 128 None 1030 455 66 130 None 981 364 37 119 None 856 439 57 137 None 717 302 39 162 blocking 639 386 39 125 None 600 304 41 130 spiking 510 407 37 129 None 481 365 42 109 None 338 380 52 121 None 261 433 107 129 None
26290.jpg l_set 1176 456 62 148 None 1082 346 64 129 None 886 413 55 154 None 891 367 38 142 None 881 320 38 114 None 758 360 43 147 None 525 309 65 112 None 511 419 76 154 None 459 337 46 167 setting 338 486 104 157 None 283 343 42 142 None
30050.jpg l-spike 1084 353 62 130 None 907 436 59 120 None 786 424 86 130 None 797 328 47 102 None 607 262 29 151 blocking 483 220 62 164 spiking 514 364 47 142 None 418 382 59 142 None 427 351 49 115 None 244 438 53 140 None 245 376 47 139 None
29975.jpg l-pass 1165 340 65 133 None 1136 364 46 140 None 1025 428 35 155 None 1042 379 32 149 None 896 414 58 145 None 878 342 58 124 None 815 315 51 110 None 723 414 49 75 None 621 423 133 84 digging 533 421 85 151 None
29865.jpg r-pass 886 397 44 128 None 785 335 44 127 None 646 338 44 122 None 556 304 65 116 None 464 342 37 123 None 811 409 65 136 digging 294 405 58 144 None 65 415 57 148 None 126 353 54 130 None 351 374 37 150 None 352 341 37 134 None
43525.jpg l-spike 1016 384 52 109 None 1149 396 56 128 None 1092 450 76 136 None 809 456 64 141 None 824 380 50 110 None 784 412 48 135 None 524 404 65 163 setting 652 364 45 115 None 625 403 37 107 None 580 385 50 122 None 471 390 36 118 None 369 421 40 131 None
19310.jpg l-pass 1121 463 45 139 None 1129 413 69 131 None 1039 418 54 146 None 970 449 54 152 None 963 410 37 137 None 892 454 47 129 None 829 478 73 146 None 742 438 73 96 digging 617 493 111 86 None 667 380 45 103 None 399 410 47 112 None
26110.jpg r-pass 867 436 70 67 None 929 448 74 77 None 1019 464 86 124 None 877 501 84 138 None 783 389 46 99 None 760 438 41 131 None 577 397 35 130 None 539 369 45 114 None 488 427 35 131 None 393 459 67 137 None 366 375 42 117 None 300 424 74 125 None
50870.jpg l-pass 443 434 105 84 None 542 426 86 69 None 713 380 51 117 None 465 462 68 137 None 878 444 49 142 None 835 473 57 139 None 991 382 34 125 None 967 408 35 128 None 968 483 74 158 None 1112 406 37 94 None 1117 438 44 127 None 1073 472 65 134 None
36050.jpg r-pass 896 318 41 127 None 813 438 48 134 None 830 385 58 142 digging 827 360 40 99 None 648 403 54 139 None 444 384 43 139 None 319 414 38 144 None 352 364 43 161 None 301 370 34 139 None 62 408 49 125 digging
26160.jpg r_set 933 373 73 118 digging 1050 502 124 171 None 909 413 58 137 None 818 434 65 52 None 862 308 50 109 None 756 380 43 150 None 533 432 50 152 None 554 368 56 122 None 558 333 43 124 None 278 431 50 148 None 249 335 56 126 None 167 372 60 152 None
37925.jpg l_set 347 378 124 129 None 524 348 43 108 None 457 485 81 156 None 592 329 48 97 None 659 335 48 150 setting 780 423 42 134 None 883 347 48 124 None 885 368 38 145 None 883 429 56 141 None 1152 478 64 129 None 1216 403 53 134 None 1140 372 35 123 None
23245.jpg l_set 758 453 45 82 None 856 343 43 101 blocking 858 388 33 129 None 853 424 65 133 None 1180 393 37 135 None 1067 361 60 122 None 1072 438 58 129 None 615 371 65 107 None 550 340 52 112 None 392 370 54 107 None 335 399 71 124 None 403 495 77 146 None
36335.jpg r_spike 1066 417 40 156 None 852 481 61 147 None 795 379 41 148 None 979 348 40 131 None 929 469 57 125 digging 899 418 43 89 None 335 409 51 119 None 361 464 63 128 None 430 375 61 100 None 698 422 74 144 spiking 580 404 82 103 digging
43340.jpg r-pass 896 514 65 92 digging 874 406 75 106 None 754 383 65 106 None 549 405 72 99 None 476 449 54 113 None 468 474 68 131 None 346 370 52 123 None 373 390 52 127 None 369 486 74 128 None 308 471 60 125 None 283 395 57 111 None 221 435 49 133 None
37870.jpg l-pass 663 384 69 87 None 515 397 47 135 None 555 442 85 117 None 918 378 60 111 None 879 444 81 129 None 1043 389 40 140 None 1168 363 44 124 None 1094 379 51 127 None 1118 434 42 149 None 1145 436 44 127 None 1255 407 24 95 None 1222 457 56 133 None
36325.jpg r_spike 994 417 38 137 None 863 471 51 111 digging 863 344 61 120 None 810 404 49 120 None 822 439 61 137 spiking 725 385 55 141 None 646 374 63 204 blocking 673 377 37 172 blocking 519 381 82 119 None 365 374 44 99 None 296 464 71 128 None 226 415 88 116 None
26020.jpg l_set 217 415 44 94 None 281 407 27 109 None 413 412 47 109 None 264 506 58 126 None 408 379 40 80 digging 565 429 40 102 None 685 454 38 114 None 669 415 28 97 None 671 391 27 99 None 801 395 42 98 None 916 413 33 107 None 865 475 37 94 None
45005.jpg l-pass 880 375 49 123 None 821 434 49 135 None 629 434 47 142 None 623 368 42 103 None 505 359 40 122 None 421 359 47 102 None 375 385 59 122 None 336 377 39 105 None 279 468 89 108 digging 178 438 45 117 None 91 408 47 125 None
30175.jpg r-pass 990 301 39 113 None 1002 275 47 98 None 819 343 43 123 None 721 299 49 135 digging 590 394 76 137 None 583 336 41 123 None 279 424 41 154 None 274 334 45 147 None 39 351 49 131 None 209 392 80 148 None
30060.jpg r-pass 806 444 67 111 digging 692 447 97 118 digging 665 343 48 101 None 505 274 45 154 blocking 421 367 43 144 None 427 315 37 109 None 304 401 45 141 None 334 360 54 103 None 163 431 54 141 None 136 377 48 139 None 1031 358 67 126 None
26340.jpg l-spike 1156 464 50 150 None 1065 360 77 107 digging 839 375 66 142 None 786 354 67 204 blocking 797 337 55 189 blocking 720 387 49 149 None 643 367 72 193 spiking 600 322 47 139 None 546 404 53 149 None 489 397 71 120 None 295 412 69 144 None
45140.jpg l-pass 920 357 68 116 None 855 460 57 130 None 678 456 60 147 None 671 378 44 96 None 499 362 52 133 None 498 351 30 130 None 375 411 69 111 None 314 451 79 133 digging 305 416 44 125 None 319 390 49 108 None 394 364 37 108 None 118 415 38 116 None
43560.jpg r-pass 49 432 75 117 None 259 385 39 109 None 331 434 48 125 None 452 431 56 141 None 502 375 48 146 blocking 572 368 47 111 None 825 484 71 153 None 886 440 64 134 None 1015 400 65 120 None 738 404 54 131 None 714 397 113 89 digging
38175.jpg r_set 656 335 49 184 setting 910 380 75 134 None 812 347 53 107 None 823 495 107 162 None 756 436 49 147 None 531 402 42 148 None 414 357 58 120 None 420 412 58 127 None 385 440 81 147 None 100 362 70 113 None 158 442 49 138 None
23435.jpg l-pass 358 410 58 139 digging 582 356 46 103 None 534 450 67 137 None 772 397 63 119 None 873 354 27 119 None 848 354 35 114 None 922 338 46 147 None 980 384 27 133 None 1025 433 35 147 None 1069 376 38 110 None 1177 371 46 122 None 1139 436 61 119 None
17960.jpg l-spike 134 449 73 129 digging 224 425 43 135 None 242 468 58 150 None 280 385 58 103 None 325 288 43 144 spiking 376 411 47 129 None 442 298 48 139 blocking 462 404 43 124 None 597 445 84 126 None 675 366 45 114 None 835 423 62 135 None 835 409 48 102 None
36385.jpg l_set 402 399 73 118 None 519 427 53 136 None 576 367 44 113 None 638 465 49 144 None 777 433 78 128 setting 884 390 70 142 None 956 383 62 103 None 989 497 72 152 None 1084 461 70 122 None 1107 363 56 126 None 1152 429 49 132 None 787 440 72 64 None
36145.jpg l-pass 980 381 46 127 None 1000 350 30 120 None 911 415 40 114 None 866 428 49 142 None 840 365 43 110 None 803 315 35 116 None 701 379 54 106 None 737 333 51 117 None 584 438 75 137 None 561 349 37 107 None 489 404 65 126 None 380 403 44 130 None
23220.jpg l-pass 1224 366 52 121 None 1176 400 49 127 None 1008 421 52 111 None 875 387 68 133 None 826 408 50 129 None 819 386 41 135 None 641 349 50 117 None 492 350 60 121 digging 327 403 56 127 None 345 369 60 115 None 711 400 58 135 None 391 473 86 154 None
43470.jpg l-pass 1005 390 35 136 None 971 450 55 136 None 861 389 49 119 None 721 445 48 119 None 696 357 34 153 blocking 726 363 27 116 None 598 412 65 125 digging 541 432 106 52 None 488 400 75 108 None 264 407 52 119 None 374 381 35 119 None 297 474 92 148 None
43450.jpg l-pass 982 461 57 165 None 922 398 48 137 None 856 387 65 113 None 741 368 35 114 None 714 463 54 136 None 701 399 34 136 None 596 448 49 130 None 471 423 120 66 None 478 416 46 100 None 274 482 85 139 None 333 384 49 116 None 252 409 49 128 None
23370.jpg r_set 225 390 48 132 None 293 357 42 116 None 333 443 53 143 None 560 452 56 137 None 570 379 31 135 None 590 351 29 132 None 763 387 25 138 None 819 366 34 127 None 889 413 48 118 digging 961 368 43 126 None 1059 506 107 159 None 890 333 53 101 None
36255.jpg r-pass 666 361 83 100 digging 791 434 58 140 None 971 359 60 123 None 892 422 68 116 None 549 330 55 148 None 490 363 41 119 None 469 375 37 133 None 450 414 44 147 None 378 361 41 116 None 298 420 38 134 None 172 377 52 136 None
38040.jpg l_set 1113 466 65 124 None 1099 364 50 126 None 836 432 55 141 None 827 380 46 142 None 832 346 41 107 None 665 396 55 159 setting 684 386 47 127 None 544 332 45 100 None 518 375 49 117 None 462 404 62 132 None 370 480 77 153 None
29905.jpg r_set 639 312 54 156 setting 718 402 63 136 None 1022 368 51 133 None 1059 419 75 141 None 954 439 133 147 None 823 303 63 108 None 555 331 58 168 None 548 426 54 139 None 285 346 44 117 None 142 363 49 148 None 218 442 77 144 None
36100.jpg r_set 151 401 75 135 None 311 357 39 110 None 325 425 60 127 None 561 430 63 132 None 587 401 45 119 None 599 311 37 125 blocking 645 296 43 168 setting 747 349 95 110 None 883 394 27 119 None 910 469 127 152 None 1024 391 82 127 None 991 322 48 112 None
45115.jpg l-spike 405 320 52 124 spiking 423 414 65 107 None 356 457 75 122 None 328 389 35 101 None 239 410 62 120 None 112 412 67 120 None 537 297 56 178 blocking 733 368 43 111 None 959 378 45 114 None 882 459 60 131 None 727 438 62 143 None
45065.jpg l-pass 1218 394 54 137 None 1174 445 49 150 None 1015 382 33 123 None 850 432 60 137 None 837 391 31 125 None 822 359 45 117 None 720 401 39 123 None 579 352 47 94 None 471 365 47 103 None 380 385 49 141 digging 287 382 50 115 None 469 478 60 154 None
43285.jpg l_set 642 388 57 119 None 589 376 58 158 setting 483 349 75 92 None 420 384 43 103 None 347 431 69 106 None 330 497 82 150 None 770 359 49 111 blocking 768 440 65 145 blocking 955 386 72 119 None 1099 406 77 122 None 1094 438 51 134 None
19245.jpg r_set 1042 400 80 124 None 1000 456 67 133 None 966 514 86 158 None 930 402 69 129 None 724 409 77 128 None 661 420 43 144 setting 553 452 56 146 digging 567 407 52 137 blocking 565 379 45 126 None 309 454 62 143 None 298 372 52 114 None 150 412 69 143 None
51055.jpg r_set 135 384 67 117 None 320 372 49 121 None 364 427 35 123 None 364 455 35 151 None 549 400 60 134 None 656 347 58 96 None 798 497 68 162 None 896 385 53 171 setting 1071 432 49 126 None 764 392 39 137 None
17970.jpg r-pass 724 447 67 114 None 725 426 82 97 digging 583 368 50 105 None 540 448 77 133 None 384 402 41 124 None 355 300 33 154 blocking 284 398 50 135 None 228 345 64 109 None 205 386 43 101 None 176 463 52 148 None 83 431 71 135 None 32 438 75 143 None
36435.jpg l-spike 1204 464 64 126 None 1188 385 45 105 None 1068 369 80 112 None 853 442 73 126 None 835 375 54 118 None 761 382 32 148 blocking 668 427 54 133 None 697 351 39 122 None 490 327 107 163 setting 552 450 45 141 None 391 431 52 137 None 531 389 48 103 None
36120.jpg r_spike 736 254 49 161 spiking 706 340 51 126 None 938 332 63 116 None 928 389 53 126 None 839 399 44 128 None 870 462 44 142 None 664 282 42 177 blocking 633 394 53 126 None 593 441 58 123 None 405 347 44 104 None 390 415 49 126 None 277 405 53 132 None
19285.jpg r_spike 849 380 112 203 spiking 876 480 79 102 None 991 415 44 123 None 973 466 42 144 None 1103 432 55 142 None 725 367 77 193 blocking 803 403 35 147 None 623 403 77 116 None 443 377 63 102 None 405 469 58 135 None 221 436 55 130 None
23320.jpg r-pass 793 453 69 145 None 788 414 43 114 None 767 386 44 114 None 663 388 37 123 None 666 342 38 136 digging 431 424 66 145 None 345 411 54 128 None 279 367 43 127 None 217 367 40 113 None 451 373 43 134 None 470 346 30 123 None
43635.jpg r_spike 777 455 79 131 None 806 426 58 128 None 819 382 44 105 None 737 417 57 111 None 680 430 80 145 spiking 625 375 44 120 None 533 373 58 212 blocking 555 372 38 178 blocking 473 390 57 110 None 119 430 51 102 None 302 386 41 95 None 180 481 71 130 None
43240.jpg l-pass 383 430 69 123 None 389 405 64 96 digging 560 359 51 107 None 620 407 40 127 None 576 467 87 155 None 770 433 59 132 None 878 434 34 138 None 872 362 30 137 None 865 401 37 133 None 1109 417 46 134 None 1085 397 33 118 None
23285.jpg l-pass 566 340 79 112 digging 691 338 42 132 None 723 375 44 119 None 870 350 49 121 None 833 429 56 146 None 1056 373 49 116 None 1031 441 44 128 None 603 450 35 81 None 539 368 42 126 None 492 436 67 146 None 450 361 53 112 None 348 380 56 123 None
17875.jpg l-pass 346 390 43 136 digging 398 432 54 144 None 612 474 97 144 None 587 355 57 114 None 673 400 51 122 None 822 426 44 136 None 918 428 46 141 None 927 400 27 137 None 931 364 27 111 None 1166 384 51 130 None 1213 412 41 147 None
18065.jpg r_spike 922 431 63 137 None 872 385 43 130 None 791 434 54 116 None 743 451 48 134 None 701 399 40 175 spiking 668 400 30 131 None 569 389 48 179 blocking 474 401 71 114 None 318 379 43 103 None 223 480 69 139 None 48 439 71 122 None
23490.jpg l_set 590 459 71 139 digging 776 358 35 94 None 775 405 48 137 None 780 440 40 145 None 942 375 65 114 None 626 377 44 141 None 556 417 55 137 None 488 344 66 103 None 404 352 49 117 None 245 391 58 141 None 1089 387 38 131 None 1049 463 58 125 None
43320.jpg l-spike 865 391 65 105 None 963 409 93 101 None 999 471 57 137 digging 655 387 48 114 None 594 403 47 177 blocking 594 389 40 175 blocking 515 372 40 127 None 461 356 45 123 None 385 446 46 134 None 416 436 57 141 spiking 339 428 56 116 None 397 392 48 73 None
44930.jpg l_set 1141 452 54 145 None 1074 403 45 130 None 987 380 62 126 None 768 439 50 145 None 767 405 40 129 None 763 355 34 119 None 567 398 64 130 None 323 376 56 130 None 377 500 66 160 None 298 487 64 148 None 440 403 67 173 digging 442 344 62 99 None
36290.jpg r_set 1070 384 74 130 None 909 427 51 130 None 960 478 74 149 None 684 323 44 166 setting 725 315 44 120 None 333 427 51 140 None 391 359 58 112 None 224 389 53 131 None 571 426 56 145 None 588 395 51 130 None 594 361 43 133 None 655 345 42 133 None
51105.jpg r_spike 1190 480 43 147 None 1075 448 57 141 None 1005 435 79 121 None 916 366 41 118 None 849 375 87 197 None 876 420 34 137 None 751 394 41 168 blocking 613 393 68 111 None 481 383 47 96 None 418 467 43 128 None 221 444 60 112 None
37960.jpg l-spike 1042 461 57 119 None 1156 381 66 123 None 1057 373 72 103 None 742 350 46 127 None 702 401 54 154 blocking 694 340 32 184 blocking 588 434 63 117 None 553 332 41 113 None 463 467 61 150 digging 426 353 55 113 None 460 367 58 97 spiking 488 351 32 110 None
23415.jpg r_spike 223 426 72 131 None 440 353 38 96 None 651 411 55 114 None 436 463 75 128 None 846 279 44 142 spiking 864 386 27 134 None 737 295 43 156 blocking 920 373 54 110 None 934 458 82 139 None 1034 365 32 111 None 1023 407 55 128 None
26235.jpg l-pass 1116 406 51 153 None 971 375 68 134 None 983 432 38 149 None 891 335 39 137 None 867 387 52 155 None 805 413 51 161 None 724 405 46 146 None 668 436 98 166 None 555 373 84 127 None 444 350 46 132 None 367 371 52 195 setting 175 401 50 150 None
43600.jpg r_set 139 382 44 106 None 156 469 54 125 None 387 445 69 143 None 417 371 50 114 None 559 333 55 152 setting 689 359 43 103 None 807 512 52 117 None 798 446 51 109 None 844 403 54 119 None 415 426 39 128 None 621 385 61 113 None
38110.jpg r-pass 972 431 66 131 digging 1085 390 54 119 None 914 359 45 109 None 751 442 90 125 None 585 327 37 135 None 529 389 33 133 None 459 387 39 123 None 411 333 39 111 None 404 376 45 96 None 404 434 49 141 None 182 395 58 123 None
29940.jpg r_spike 1060 397 54 141 None 1027 367 66 125 None 926 293 52 162 setting 903 431 64 152 None 853 391 43 156 None 869 372 54 141 None 668 410 60 135 None 737 295 76 160 blocking 434 442 82 133 None 458 335 47 103 None 317 393 56 131 None
37755.jpg r-pass 928 375 60 119 None 792 446 69 141 None 724 364 54 114 digging 575 360 54 119 None 409 360 44 130 None 232 433 58 131 None 321 368 40 131 None 293 426 41 130 None 77 460 68 120 None 88 376 43 106 None 841 410 48 108 None
18025.jpg r_set 800 392 82 124 None 738 439 84 141 None 718 487 96 150 None 674 351 39 114 None 502 411 54 124 None 505 358 50 135 setting 311 440 80 152 None 345 414 43 129 None 344 366 43 112 None 98 445 52 144 None 108 376 67 118 None
19205.jpg r-pass 992 409 49 133 None 870 401 43 102 None 826 468 78 161 None 749 456 84 82 digging 671 425 58 149 None 473 371 29 126 None 346 429 56 155 None 376 382 39 141 None 351 375 35 113 None 137 426 53 128 None 9 436 64 133 None
50760.jpg r-pass 813 431 38 139 None 807 395 41 85 None 711 421 52 65 None 621 468 54 145 None 565 405 74 126 None 433 360 41 120 None 346 410 32 128 None 334 430 27 131 None 265 398 43 128 None 119 413 41 120 None 21 400 46 115 None
36360.jpg l-pass 1167 432 38 150 None 1115 367 37 127 None 1036 463 44 134 None 974 387 34 131 None 948 501 63 164 None 869 385 51 142 None 787 459 57 141 None 721 471 83 151 None 683 437 154 66 None 489 438 51 133 None 409 415 79 111 None 545 363 43 113 None
37995.jpg l-pass 1235 362 43 123 None 1090 357 66 108 None 1069 453 63 119 None 731 411 46 144 None 752 385 54 150 None 772 354 23 125 None 579 436 85 122 None 611 402 68 127 None 580 352 46 100 None 510 332 46 136 setting 451 455 52 142 None 442 365 58 116 None
30275.jpg l_set 1182 366 79 131 None 1040 463 71 129 None 945 368 77 116 None 775 419 37 141 None 780 365 54 135 None 787 313 45 163 None 672 345 50 161 setting 519 424 75 137 None 394 358 41 120 None 320 391 88 139 None 159 448 141 143 None 491 293 67 111 None
50985.jpg r-pass 49 412 59 122 digging 229 450 49 115 None 358 398 49 105 digging 427 366 36 89 None 426 432 69 129 None 489 410 49 102 None 557 352 49 129 blocking 630 440 97 122 None 762 384 44 96 None 965 394 42 74 None 954 441 57 127 digging
26080.jpg l-spike 384 441 64 156 spiking 384 396 42 97 None 348 453 47 110 None 482 371 36 112 None 554 410 40 110 None 536 431 35 119 None 694 439 31 125 None 727 397 61 114 None 756 468 41 135 None 883 397 40 101 None 974 422 47 97 None 1017 472 42 110 None
30010.jpg l_set 1202 368 69 136 None 1091 443 58 128 None 1036 342 49 122 None 841 415 60 128 None 868 362 38 106 None 858 325 52 134 None 730 377 55 151 setting 680 367 69 133 None 568 415 57 117 None 513 377 52 142 None 550 303 100 97 None 261 450 80 147 None
17925.jpg l_set 1150 444 69 143 None 1054 396 73 125 None 902 390 80 110 None 709 362 36 122 None 718 411 49 123 None 722 436 48 148 None 535 377 51 161 setting 549 383 60 144 None 420 345 84 89 None 241 502 132 149 None 198 442 104 147 None 270 392 44 114 None
37845.jpg r_spike 920 459 83 152 None 963 432 51 131 None 958 358 99 138 spiking 875 344 56 107 None 832 345 43 137 None 668 444 52 125 None 764 332 33 175 blocking 701 373 60 103 None 394 447 55 128 None 394 373 50 100 None 284 417 60 125 None 1005 371 28 113 None
19355.jpg l-pass 544 441 51 139 digging 697 439 85 122 None 672 383 54 125 None 608 377 44 113 None 417 373 55 131 None 887 399 37 147 None 983 365 24 122 None 970 397 30 136 None 986 439 48 139 None 1187 392 69 131 None 1211 474 66 130 None
36175.jpg l_set 575 410 60 137 digging 812 333 35 112 None 841 372 32 129 None 817 425 37 137 None 1029 350 60 124 None 1082 377 37 142 None 992 421 44 124 None 715 387 34 87 None 594 328 55 101 None 511 350 50 110 None 360 405 40 129 None 470 463 57 164 None
30220.jpg l-pass 1204 314 50 113 None 1092 433 54 133 None 915 309 60 150 None 865 379 29 168 None 864 356 33 145 None 749 413 60 147 None 433 394 84 148 None 361 391 50 139 None 343 370 52 127 digging 184 438 64 164 None 574 288 35 121 None
50795.jpg r_set 989 426 63 120 None 937 431 69 125 None 837 495 105 147 None 815 366 54 97 None 657 436 50 118 None 648 365 42 136 setting 484 383 37 104 None 486 413 43 130 None 489 441 38 135 None 246 383 48 116 None 162 419 47 111 None 186 468 67 130 None
36225.jpg l-spike 1115 370 72 117 None 999 451 62 112 None 904 354 87 113 None 806 447 87 122 None 642 304 35 162 blocking 228 390 45 125 None 419 449 75 144 None 431 428 45 140 None 430 369 42 97 None 535 389 55 115 None 485 280 56 157 spiking
32940.jpg r_winpoint 565 379 61 134 None 626 425 63 154 None 603 391 113 55 None 815 407 63 152 None 998 341 53 135 None 992 321 73 131 None 1090 423 74 150 None 1153 380 70 164 None 1140 347 43 144 None 1220 364 53 142 None
47880.jpg r_winpoint 1102 474 42 137 None 1073 399 50 180 None 1097 397 46 162 None 1006 407 32 135 None 889 449 62 142 None 917 375 42 132 None 797 454 42 148 None 749 484 102 154 None 719 378 49 124 None 579 369 42 124 None 452 467 60 137 None 442 407 40 127 None
50115.jpg l_winpoint 752 385 38 123 None 648 430 43 129 None 544 426 50 147 None 543 351 33 104 None 389 346 44 119 None 385 340 28 112 None 282 427 69 121 None 240 364 42 121 None 172 405 61 130 None 157 382 55 119 None 52 397 65 130 None 8 407 47 137 None
35565.jpg l_winpoint 321 413 52 153 None 395 429 50 139 None 457 410 50 135 None 355 395 53 137 None 410 389 50 149 None 395 521 70 166 None 581 531 60 162 None 664 424 46 157 None 782 414 40 140 None 992 364 45 140 None 812 456 57 161 None
42165.jpg r_winpoint 1016 390 51 127 None 973 379 60 120 None 965 411 52 121 None 892 409 59 107 None 866 407 55 135 None 809 371 60 116 None 566 313 28 91 None 450 313 25 97 None 502 302 27 92 None 413 376 41 116 None 490 353 45 112 None 450 428 46 142 None
36510.jpg r_winpoint 230 408 70 136 None 359 366 35 125 None 492 350 46 131 None 407 422 52 132 None 438 374 59 127 None 489 406 65 136 None 860 418 47 115 None 893 349 51 118 None 793 403 64 137 None 725 382 56 137 None 726 368 52 117 None 826 365 50 140 None
44325.jpg r_winpoint 824 402 33 140 None 780 431 48 144 None 757 371 47 125 None 658 415 79 137 None 617 402 52 133 None 608 387 63 116 None 364 409 48 133 None 307 362 37 116 None 174 446 57 137 None 210 407 53 128 None 330 650 115 67 None 534 562 72 150 None
37245.jpg l_winpoint 870 446 65 140 None 873 359 47 134 None 610 345 52 130 None 505 394 48 139 None 445 455 53 153 None 435 428 57 162 None 156 395 42 137 None 135 378 39 148 None 82 370 113 181 None 77 416 47 142 None 60 400 52 140 None 26 402 60 150 None
48585.jpg l_winpoint 735 383 57 130 None 685 465 43 141 None 577 375 67 107 None 397 450 63 153 None 362 471 38 150 None 427 376 45 128 None 238 415 45 146 None 182 443 39 133 None 141 389 72 128 None 116 435 56 135 None 80 437 45 166 None 0 422 51 129 None
51300.jpg r_winpoint 839 392 70 121 None 746 367 53 125 None 741 446 43 152 None 644 424 71 132 None 682 347 43 109 None 572 400 51 133 None 359 439 56 138 None 380 410 45 134 None 376 368 65 119 None 125 387 41 122 None 81 482 67 151 None 24 415 64 147 None
43665.jpg r_winpoint 1013 441 56 149 None 1011 406 51 128 None 938 456 55 134 None 927 396 40 137 None 782 456 51 141 None 776 392 43 133 None 706 463 54 154 None 721 447 40 161 None 609 388 70 124 None 483 376 65 110 None 354 464 54 142 None 303 406 57 120 None
51960.jpg l_winpoint 640 354 45 111 None 444 439 45 147 None 330 392 72 134 None 374 372 60 127 None 734 365 38 120 None 715 438 62 128 None 28 434 77 141 None 0 406 56 130 None 117 423 73 132 None 113 382 43 132 None 141 394 40 85 None
31725.jpg l_winpoint 1037 357 77 140 None 924 381 40 152 None 876 335 64 130 None 737 408 76 147 None 717 365 73 152 None 637 330 64 120 None 572 331 49 120 None 474 337 42 122 None 495 377 48 157 None 514 374 57 141 None 334 364 70 142 None 292 386 80 161 None
