35595.jpg l-pass 214 403 41 103 digging 318 337 49 117 None 427 356 60 117 None 1101 376 39 143 None 220 446 60 156 None 1184 413 58 127 None 552 379 50 139 None 874 372 41 119 None 681 341 43 141 None 695 368 35 141 None 701 393 43 135 None 150 418 58 115 digging
71740.jpg l-pass 563 435 50 135 None 893 394 66 121 None 978 451 52 150 None 1191 438 60 127 None 1181 374 37 113 None 912 347 68 121 None 886 384 39 105 None 597 350 52 103 None 682 379 37 137 None 489 377 53 108 digging
42845.jpg r_spike 989 384 115 145 None 930 440 93 148 None 853 514 117 194 None 747 316 54 134 None 690 342 52 139 None 578 283 76 183 spiking 76 395 63 148 None 205 437 112 167 None 323 361 63 120 None 521 294 60 172 blocking 513 378 54 175 None 462 429 52 161 None
35825.jpg r_set 907 305 94 130 None 1086 364 119 149 None 693 375 64 150 None 774 316 62 176 setting 831 404 64 85 None 833 460 106 184 None 54 359 72 148 None 188 413 66 157 None 290 334 49 113 None 546 317 60 92 None 546 367 48 151 None 549 395 47 180 None
53880.jpg l-pass 441 427 78 86 digging 279 477 47 137 digging 301 441 54 88 digging 639 414 35 158 None 728 449 45 131 None 696 425 33 129 None 735 382 33 92 None 819 457 64 107 None 1026 414 72 125 None
25940.jpg r_set 189 461 59 152 None 251 377 49 117 None 166 426 61 122 None 503 468 44 144 None 534 426 42 142 None 627 369 37 162 setting 669 389 35 131 None 853 530 113 168 None 1027 414 61 108 None 910 368 45 124 None 958 412 65 135 None
35860.jpg r_spike 947 398 63 131 None 820 370 68 125 None 798 438 72 150 None 701 361 74 203 spiking 662 382 51 137 None 698 333 63 91 None 550 350 63 192 blocking 549 340 75 230 blocking 453 342 63 122 None 219 350 75 125 None 27 396 85 147 None 79 464 97 153 None
31200.jpg r_spike 763 247 61 185 spiking 909 379 63 141 None 744 441 69 176 None 850 356 55 132 None 798 415 52 151 None 679 382 62 136 None 589 293 41 192 blocking 413 438 113 137 None 221 424 86 154 None 203 347 69 117 None 76 385 72 150 None
19310.jpg l_set 592 377 53 160 setting 568 379 30 133 None 378 367 58 98 None 329 405 32 114 None 282 497 49 140 None 305 457 37 112 None 660 463 44 126 None 656 411 35 125 None 868 407 63 88 None 951 493 62 130 None 1077 427 53 121 None
42645.jpg r-pass 188 388 39 99 None 356 442 45 128 None 231 420 35 122 None 1032 414 39 120 None 928 481 45 137 None 927 432 47 103 None 725 420 60 118 None 611 410 30 94 None 790 428 60 88 None 542 445 35 118 None 568 420 20 116 None 545 398 37 96 blocking
57730.jpg r_spike 96 448 71 141 None 984 430 64 94 None 1101 419 73 114 None 720 404 33 131 None 744 341 50 116 None 152 423 41 107 None 311 358 48 103 None 471 353 58 110 None 601 415 49 168 blocking 805 414 88 160 spiking 874 437 67 134 None
71490.jpg r-pass 115 442 51 123 None 145 482 48 128 None 317 428 44 92 None 446 445 41 134 None 478 443 46 127 None 507 413 44 113 None 616 431 37 111 None 728 456 44 114 None 784 370 65 108 None 939 475 44 122 None 953 436 51 97 digging 910 416 43 94 None
42815.jpg r-pass 1011 367 48 148 None 899 409 56 141 None 772 457 71 172 None 677 391 73 86 None 710 367 50 139 None 523 345 54 123 None 467 334 37 152 blocking 388 367 58 125 None 70 387 84 145 None 175 424 65 172 None 278 345 46 123 None 298 397 57 123 None
30780.jpg l-spike 764 457 58 137 None 943 476 62 126 None 954 382 64 97 None 336 378 47 120 None 404 443 52 135 None 534 409 47 103 None 232 407 58 112 None 1067 425 56 112 None 417 289 67 143 spiking 591 333 43 156 blocking
57425.jpg r-pass 173 440 62 124 None 197 452 53 145 None 294 391 53 95 None 511 440 44 130 None 1018 438 48 125 None 690 410 48 135 None 799 468 76 142 None 732 367 64 119 None 731 487 83 116 None 862 434 70 144 digging 563 406 47 131 None 601 458 41 140 None
57560.jpg l-pass 54 466 93 145 None 190 401 63 130 None 303 438 56 131 None 396 426 46 143 None 447 387 47 68 None 351 410 61 80 digging 506 362 59 118 None 653 456 84 124 None 728 387 56 110 None 868 453 65 125 None 870 424 81 107 None
57740.jpg l-pass 121 444 64 139 digging 182 413 71 111 digging 337 385 84 94 digging 497 367 82 105 digging 641 394 47 167 blocking 790 445 65 152 None 740 429 48 103 None 751 377 58 86 None 867 449 62 137 None 1023 433 58 90 None 1109 427 71 120 None
72380.jpg l-pass 326 388 49 109 None 596 466 49 123 None 480 475 62 147 None 457 426 32 132 None 938 422 59 149 None 863 455 53 114 None 758 449 29 125 None 732 426 35 127 None 681 431 39 133 None 1177 379 62 147 None 219 453 39 125 None 234 466 51 137 None
30895.jpg l-pass 198 392 77 125 digging 324 371 92 96 digging 499 328 65 119 digging 309 442 63 136 None 683 413 41 176 blocking 782 364 68 89 digging 784 464 60 142 None 841 421 72 127 None 930 449 58 142 None 1078 341 37 103 None 1064 413 72 127 None
72420.jpg l_set 555 399 48 123 None 403 339 51 106 None 149 410 85 119 None 214 419 75 144 None 397 450 61 148 spiking 327 491 80 176 None 1011 357 49 130 None 1071 410 65 119 None 1065 472 72 141 None 730 371 38 108 None 719 404 52 105 None 721 449 60 141 None
30880.jpg r_spike 96 378 92 138 None 506 320 82 126 None 223 440 70 149 None 316 342 67 110 None 642 365 44 225 blocking 1046 415 70 124 None 1025 347 92 116 None 760 418 112 124 None 828 412 119 183 spiking 922 455 86 127 None 792 323 57 124 None
31110.jpg r_spike 112 397 72 141 None 175 459 80 140 None 489 337 79 119 None 356 351 54 116 None 652 372 43 212 blocking 771 337 79 125 None 822 429 71 127 None 945 359 47 117 None 1005 395 46 130 None 942 450 63 130 None 849 417 110 179 spiking
42730.jpg l-pass 213 407 77 144 None 93 455 105 182 None 625 333 58 139 None 496 432 48 116 None 524 385 82 139 digging 546 370 45 97 None 735 342 39 154 None 794 454 62 171 None 801 370 75 139 None 893 345 67 128 None 907 435 60 148 None 1032 404 71 154 None
35725.jpg r_set 1079 354 98 145 None 960 423 85 159 None 862 472 96 183 None 813 288 68 130 None 633 350 53 105 digging 606 365 53 161 None 112 406 70 161 None 143 332 48 125 None 465 322 50 163 None 470 347 53 152 None 465 404 40 180 None
23855.jpg l-spike 712 404 55 125 None 1026 494 68 122 None 961 368 65 125 None 1104 399 51 133 None 591 395 41 161 blocking 595 430 43 158 blocking 487 477 69 167 None 211 385 72 182 spiking 140 440 68 141 None 296 356 40 119 None 360 393 54 114 None 443 364 49 116 None
19275.jpg l-pass 280 448 59 94 digging 314 486 47 139 None 355 396 39 100 None 495 401 47 104 None 574 431 33 114 None 705 442 39 118 None 693 427 31 118 None 862 412 43 100 None 1055 435 45 116 None 1098 454 41 118 None
30795.jpg r-pass 199 385 41 115 None 277 375 49 122 None 376 426 72 142 None 383 341 38 115 None 448 380 54 115 None 653 446 92 138 None 521 338 57 145 blocking 877 372 57 88 None 995 416 49 119 digging 877 451 69 123 digging
25960.jpg l-pass 402 365 60 109 digging 233 424 54 109 digging 289 437 74 156 digging 533 452 98 134 None 764 393 43 137 None 687 354 52 128 None 778 467 82 178 None 897 410 68 123 None 860 381 52 101 None 1040 412 76 137 None 619 368 46 145 None 622 368 43 145 None
35930.jpg l_set 101 353 85 143 None 299 400 64 144 digging 522 539 89 180 None 410 432 79 183 None 599 413 47 183 None 1111 317 62 127 None 1203 443 73 165 None 778 365 40 170 None
31025.jpg r-pass 128 366 50 141 None 228 356 50 128 None 366 399 47 156 None 416 365 41 148 None 645 402 82 146 None 789 399 86 141 None 485 358 52 129 None 508 328 37 137 None 715 346 88 111 digging 947 367 54 133 None
71600.jpg l-pass 118 393 60 143 None 401 468 60 148 None 352 360 53 119 None 592 343 50 120 None 624 329 59 117 None 1118 380 52 146 None 939 389 67 94 None 915 389 45 148 None 750 425 48 156 None 753 373 37 146 None 509 407 52 184 None
26105.jpg r_spike 157 378 58 144 None 271 420 92 158 None 495 436 82 145 None 843 477 75 178 None 801 420 77 133 None 838 353 49 111 None 651 357 49 136 None 592 387 40 147 None 615 293 32 150 blocking 691 276 60 151 spiking 922 382 120 135 None 434 359 78 130 None
42705.jpg l-pass 268 454 63 155 None 451 399 119 82 None 522 448 77 147 None 622 417 46 145 None 646 343 35 151 None 715 363 50 107 None 832 372 58 86 None 923 432 70 123 None 847 392 61 109 None 804 477 76 175 None
71650.jpg l-spike 127 392 66 151 None 254 474 83 181 None 315 359 40 136 None 372 314 61 119 None 495 368 61 137 None 502 388 82 170 setting 615 379 49 170 blocking 623 333 55 151 None 879 447 77 151 None 873 362 52 128 None 1064 380 57 138 None
30845.jpg r_set 95 356 62 118 None 47 394 62 141 None 105 449 64 148 None 492 351 41 107 None 484 421 50 82 None 461 463 58 135 None 592 396 62 135 None 746 316 67 118 None 924 330 64 173 setting 902 520 107 197 None 984 470 77 152 None 1031 399 67 156 None
26060.jpg r-pass 42 390 94 141 None 206 410 60 167 None 296 333 34 131 None 422 430 58 128 None 473 325 46 117 None 487 367 44 139 None 553 348 49 117 None 766 439 71 161 None 721 372 58 142 None 777 389 142 77 None 952 406 63 130 None 1008 369 62 135 None
57510.jpg l_set 133 463 60 158 None 209 411 58 134 None 166 396 51 119 None 412 454 75 139 None 347 347 58 106 None 671 368 48 97 None 668 410 54 122 None 664 461 46 130 None 938 396 58 94 None 995 477 97 140 None 1091 453 57 114 None 550 368 55 167 setting
35790.jpg r-pass 394 342 79 118 None 250 424 60 165 None 495 309 77 129 None 623 396 56 184 None 673 392 43 188 None 760 302 77 120 None 873 347 77 120 None 992 396 90 116 digging 938 424 69 141 None 735 421 58 190 None 767 398 48 126 None 157 339 73 146 None
53850.jpg r_set 76 475 96 136 None 196 478 53 102 None 366 450 53 85 None 516 430 43 91 None 533 460 34 86 None 522 495 43 114 None 583 409 43 127 setting 629 450 44 113 None 760 520 86 144 None 760 384 69 80 None 939 456 79 87 None 1057 468 97 125 None
26035.jpg l-spike 327 329 64 135 None 238 399 75 178 None 487 427 67 144 None 539 357 58 131 None 538 292 43 133 None 1033 414 69 135 None 1085 378 60 131 None 975 334 62 139 None 784 421 71 148 None 726 370 56 148 None 618 340 56 135 None 192 329 65 173 spiking
71770.jpg r-pass 139 444 50 135 None 314 377 37 112 None 480 428 47 147 None 489 383 42 117 None 468 359 37 124 None 882 500 65 169 None 948 402 60 120 None 782 385 65 124 None 589 376 39 125 None 805 333 63 114 None 944 317 40 143 setting
71535.jpg r_set 301 413 50 96 None 140 433 54 122 None 183 506 73 129 None 679 375 41 146 setting 677 444 65 124 None 897 407 65 109 None 949 534 88 141 None 1040 454 67 143 None 825 367 71 111 None 541 402 39 103 None 529 440 47 109 None 520 477 47 139 None
23660.jpg l-spike 623 401 43 145 blocking 622 345 35 167 blocking 688 393 76 109 None 981 375 49 101 None 1015 468 79 126 None 1128 407 76 126 None 271 464 65 145 None 431 517 96 109 None 535 429 65 145 None 453 354 49 131 None 371 350 65 170 spiking 309 387 57 117 None
53820.jpg r-pass 11 480 66 119 None 334 444 35 102 None 451 455 32 92 None 547 490 48 106 None 584 472 27 116 None 651 460 41 86 None 889 408 26 96 None 742 473 57 116 None 787 516 38 123 None 1012 487 72 88 None 983 485 55 111 digging 514 453 48 105 None
25950.jpg r_spike 175 425 52 126 None 226 453 65 152 None 299 374 65 107 None 498 462 71 137 None 566 365 37 180 blocking 558 310 62 182 blocking 641 310 65 143 spiking 658 402 73 135 None 803 504 112 175 None 867 363 58 122 None 890 412 82 126 None 1023 406 71 118 None
23685.jpg r-pass 144 419 67 135 None 97 389 65 146 None 350 472 45 148 None 361 392 62 128 None 407 406 54 141 None 487 420 65 126 None 551 383 60 107 None 890 432 48 124 None 919 414 69 112 None 837 425 75 82 digging 414 369 43 124 None
31160.jpg r_set 156 440 69 156 None 193 387 58 145 None 337 384 54 119 None 514 324 41 139 None 534 395 58 158 None 559 431 57 162 None 810 493 97 182 None 922 394 73 137 None 849 363 44 117 None 718 330 61 133 None 654 504 133 73 None 691 406 85 141 digging
71800.jpg r_set 154 466 74 137 None 30 402 66 150 None 273 362 54 105 None 532 364 41 148 blocking 507 424 58 158 blocking 543 348 35 77 blocking 620 317 58 154 setting 682 365 65 134 None 814 320 89 127 None 925 519 86 170 None 929 421 88 116 digging 981 347 51 130 digging
23620.jpg l_set 395 340 45 90 None 459 409 76 130 None 257 385 42 130 None 299 370 85 108 None 707 424 45 129 None 730 385 34 127 None 946 453 54 110 None 1141 431 60 110 None 934 386 53 95 None 604 441 68 110 digging 338 521 113 64 None
57690.jpg r_set 978 458 72 91 None 990 449 88 137 None 925 512 82 181 None 677 410 55 142 None 825 325 52 117 None 891 396 57 144 setting 141 441 49 167 None 182 375 75 108 None 20 407 100 150 None 498 378 48 105 None 481 412 52 141 None 487 449 49 145 None
23720.jpg r_set 650 373 82 137 None 775 481 101 167 None 987 387 105 146 None 879 429 41 143 None 877 392 58 146 None 699 337 43 150 setting 513 382 28 58 None 479 410 48 133 None 461 464 56 135 None 239 418 54 163 None 216 367 58 114 None
30690.jpg l-pass 1169 438 72 136 None 963 440 51 145 None 741 370 43 150 None 702 412 51 136 None 716 419 46 156 None 464 452 68 156 None 433 316 60 130 None 371 402 89 131 None 275 368 60 133 None 209 447 85 164 digging 124 438 88 137 None
72515.jpg l-spike 750 457 63 156 None 947 337 43 134 None 1009 398 60 137 None 938 444 79 131 None 612 367 54 164 blocking 603 354 38 139 blocking 56 398 76 145 None 299 381 54 117 None 315 449 60 148 None 380 388 74 148 None 420 450 57 181 None 438 332 71 126 spiking
31120.jpg r_spike 167 421 76 118 None 403 376 89 102 None 495 340 74 117 None 206 481 63 129 None 671 374 74 195 spiking 939 460 94 135 digging 848 433 63 181 None 823 426 102 128 None 794 368 69 86 digging 1004 402 75 128 digging 952 365 65 106 digging
42675.jpg r_set 292 381 52 107 None 163 415 58 129 None 219 450 62 150 None 535 378 39 118 None 526 441 39 122 None 496 467 54 131 None 653 373 64 148 setting 677 371 54 118 None 871 436 48 107 None 921 402 60 133 None 794 365 75 124 None 863 516 101 167 None
23595.jpg l-pass 227 397 55 122 None 338 391 54 100 None 362 497 130 54 None 440 356 36 94 None 510 388 46 102 None 670 390 42 106 None 762 404 39 109 None 777 387 34 103 None 944 427 49 110 None 1066 362 41 110 None 1141 417 44 120 None
42685.jpg r_spike 154 424 49 127 None 186 450 63 161 None 307 373 66 109 None 466 471 74 133 None 527 450 46 137 None 536 317 46 170 blocking 653 285 51 163 spiking 684 415 51 107 None 759 359 64 126 None 860 407 50 120 None 801 498 95 173 None 829 449 80 139 None
19415.jpg r_set 1099 385 85 134 None 941 398 41 109 None 771 347 68 57 None 666 376 50 137 None 197 440 41 142 None 137 389 49 148 None 130 370 60 101 None 492 368 38 134 None 480 399 43 123 None 492 427 41 150 None 833 329 54 148 setting 974 485 85 156 None
35880.jpg l-pass 330 489 129 101 digging 133 360 56 154 None 318 358 67 135 None 491 312 58 137 None 559 430 62 163 None 629 391 48 178 None 748 300 54 143 None 723 360 47 158 None 716 402 77 156 None 914 414 67 158 None 888 340 60 143 None 1046 356 62 156 None
57475.jpg l-pass 155 460 65 158 None 214 422 44 152 None 260 404 37 123 digging 445 427 49 146 None 494 358 58 96 None 709 435 56 147 None 818 445 44 154 None 834 417 37 140 None 820 381 48 62 None 1065 468 63 142 None 1087 415 42 116 None 1115 495 93 137 None
23820.jpg l_set 170 389 57 145 None 341 367 40 114 None 502 345 61 100 None 405 445 99 131 None 423 365 56 155 setting 9 457 109 163 None 1022 467 77 130 None 1029 356 49 127 None 715 451 58 124 None 717 382 37 119 None 734 361 32 110 None
72460.jpg l-spike 65 517 117 85 None 284 406 69 119 None 354 388 68 94 None 414 300 35 120 spiking 602 308 40 150 blocking 764 443 80 131 None 956 344 55 99 None 1004 401 57 97 None 967 449 68 127 None 482 450 80 130 None 467 382 71 122 None
35680.jpg r-pass 906 443 72 124 None 865 373 82 96 digging 729 363 92 103 None 616 346 92 123 None 440 427 51 152 None 429 417 39 126 None 345 453 61 165 None 321 412 89 147 None 333 335 35 107 None 197 399 70 110 None 90 469 79 102 None
25900.jpg r-pass 87 406 54 104 None 189 433 40 118 None 352 435 37 122 None 605 426 44 98 None 763 432 45 119 None 1070 424 41 116 None 990 463 64 90 None 890 415 50 99 digging 910 486 54 134 None 505 415 57 126 blocking 546 421 43 103 blocking 540 460 30 112 None
35980.jpg l-spike 313 344 52 114 None 212 421 56 160 None 201 379 48 139 None 428 404 86 171 None 467 359 52 126 None 453 243 62 158 spiking 592 279 39 178 blocking 887 335 64 105 None 1008 440 92 146 None 1174 368 60 139 None
19335.jpg l-spike 1042 407 49 114 None 904 386 65 84 digging 634 456 118 116 None 593 367 36 137 None 369 459 81 159 None 531 403 41 126 None 340 388 54 102 None 483 309 42 118 spiking 338 443 50 107 None 945 471 77 130 None
71695.jpg l-pass 425 448 97 162 None 338 380 79 114 None 528 373 62 124 None 511 331 67 109 None 592 468 72 95 None 248 424 98 122 digging 747 331 27 137 None 923 358 47 120 None 772 425 47 152 None 768 385 42 132 None 1044 456 65 141 None 1108 376 84 144 None
26090.jpg r_set 736 344 69 129 None 767 402 105 55 None 624 293 39 147 setting 570 278 50 175 blocking 561 381 47 139 None 508 437 57 142 None 402 355 57 114 None 144 386 53 139 None 279 421 72 154 None 877 497 107 180 None 1032 379 84 137 None 900 419 87 124 None
57635.jpg l-spike 217 439 85 155 None 474 352 45 116 None 520 414 49 141 None 659 436 75 135 None 649 399 51 121 None 281 345 66 149 spiking 537 381 54 95 None 766 363 48 119 None 891 380 84 99 None 1044 415 53 104 None 1066 462 59 141 None
53875.jpg r_spike 275 470 61 137 None 1051 423 49 123 None 444 425 76 92 None 278 446 44 109 None 625 420 32 165 blocking 728 371 37 92 None 859 448 43 102 None 676 435 53 117 None 682 414 52 115 None 730 438 44 130 spiking
57655.jpg r-pass 911 473 78 70 None 955 483 60 89 None 834 395 91 89 None 716 362 42 114 None 677 461 64 154 None 629 410 72 130 None 194 440 47 159 None 185 395 67 130 None 351 367 53 103 None 415 366 42 109 None 447 393 53 95 None 427 418 49 131 None
71565.jpg r_spike 330 387 47 90 None 275 476 73 118 None 486 448 73 124 None 187 422 58 129 None 717 410 41 137 None 1017 425 60 120 None 835 398 56 94 None 802 471 65 158 None 784 430 41 126 None 775 298 39 137 spiking 656 321 28 173 blocking
30730.jpg l_set 817 449 51 153 None 297 432 102 142 digging 194 487 94 190 None 356 353 48 130 None 597 385 74 141 None 805 402 57 128 None 817 363 48 83 None 1080 367 70 115 None 1164 473 68 158 None 76 426 72 145 None
42780.jpg l-pass 194 427 70 165 None 246 367 84 114 None 522 332 51 125 None 307 380 50 132 digging 342 367 57 120 digging 634 354 38 125 None 700 375 70 138 None 758 436 80 142 None 935 347 66 126 None 1021 425 53 134 None 1083 385 54 132 None
57380.jpg r_set 625 499 54 96 digging 324 432 43 92 None 883 508 77 96 digging 745 478 55 122 None 791 397 45 99 None 915 469 62 98 None 801 539 74 147 None 88 488 68 133 None 185 469 68 109 None 501 514 43 127 None 499 480 29 115 None 502 466 39 58 None
31000.jpg l-spike 302 391 65 128 None 311 374 82 111 None 479 430 62 131 None 585 395 37 122 None 769 438 52 143 None 500 284 58 163 spiking 632 311 54 180 blocking 1129 421 62 114 None 995 374 62 97 None 984 483 80 122 None
31070.jpg r_set 58 381 53 147 None 130 433 55 158 None 127 348 64 115 None 484 440 62 142 None 497 392 50 125 None 521 333 35 141 None 600 386 50 141 None 927 495 90 185 None 1050 377 69 142 None 856 326 70 117 None 809 312 59 114 None 943 450 58 117 digging
23770.jpg l-pass 133 410 67 125 digging 332 431 63 156 None 392 359 74 114 None 650 436 84 165 None 680 451 49 161 None 787 383 42 154 None 801 480 79 174 None 874 346 44 119 None 926 383 56 147 None 905 435 63 147 None 1051 387 69 142 None
57790.jpg l_set 1147 458 77 151 None 381 464 66 148 digging 656 419 48 145 None 200 402 92 130 None 129 424 54 148 None 422 345 72 91 None 299 450 66 69 None 1082 367 66 119 None 795 384 37 139 None 795 362 40 125 None 834 463 71 158 None
35665.jpg l-spike 201 357 75 129 None 3 392 42 137 None 356 316 61 134 None 691 331 81 120 None 824 339 62 102 None 984 440 68 154 None 1021 363 69 130 None 414 406 62 129 digging 323 350 77 217 spiking 111 483 123 71 None 503 357 49 205 blocking
57540.jpg l-spike 113 444 66 157 None 204 412 71 137 None 392 455 56 150 None 604 455 56 137 None 830 458 90 121 None 771 380 60 108 None 898 436 67 107 None 271 384 39 120 None 282 430 53 135 None 395 297 44 133 spiking 504 300 32 167 blocking
53920.jpg l_set 966 491 72 121 None 1111 404 46 123 None 707 443 63 140 None 722 407 32 126 None 719 378 42 74 None 569 423 53 133 None 518 368 67 105 None 451 443 46 149 digging 352 432 46 93 None 205 474 63 157 None 208 419 86 125 None 870 387 60 114 None
35625.jpg l_set 57 376 82 147 None 223 451 84 196 None 277 353 42 141 None 348 313 58 106 None 507 417 103 138 digging 580 360 77 124 None 770 334 42 117 None 760 373 40 147 None 761 414 54 166 None 1026 344 72 123 None 1188 468 64 159 None 1243 410 35 137 None
19370.jpg r-pass 566 333 65 101 None 715 429 62 139 None 574 359 52 132 None 308 414 70 135 None 410 417 43 157 None 146 384 50 118 None 239 350 42 129 None 431 369 32 124 None 906 422 69 123 None 969 362 42 124 None 867 341 47 100 digging
23750.jpg r_spike 309 350 61 113 None 206 432 99 158 None 696 363 44 144 None 795 338 77 121 None 827 393 64 133 None 895 395 62 117 None 847 454 110 135 None 742 389 75 193 spiking 588 370 41 215 blocking 29 401 102 123 None
72475.jpg r-pass 501 338 35 139 blocking 885 410 46 123 digging 180 410 68 123 None 275 387 43 115 None 386 460 80 123 None 693 446 56 129 None 347 379 46 95 None 368 399 82 107 None 884 344 39 97 None 901 385 43 111 None
47250.jpg r_winpoint 240 474 159 51 None 531 323 51 137 None 732 450 51 194 None 752 442 54 170 None 333 455 70 163 None 253 412 39 145 None 881 379 49 164 None 921 396 47 127 None 996 480 109 182 None 1128 389 101 165 None 1056 472 92 141 None 1114 342 57 137 None
36690.jpg r_winpoint 616 441 77 163 None 718 323 64 137 None 661 343 44 120 None 440 338 53 135 None 303 425 54 187 None 1175 479 84 182 None 1024 420 102 158 None 982 403 63 158 None 1028 379 43 172 None 1143 362 37 152 None 345 455 60 111 None
50355.jpg l_winpoint 246 364 70 150 None 808 408 55 187 None 588 295 62 151 None 542 320 45 152 None 776 322 60 145 None 935 381 74 175 None 1045 353 52 154 None 297 361 85 163 None 260 341 53 162 None 332 355 38 154 None 302 338 79 156 None
41535.jpg l_winpoint 1055 360 66 159 None 998 409 49 152 None 954 350 67 60 None 849 403 61 165 None 674 344 69 139 None 615 367 75 154 None 384 358 47 156 None 345 380 64 151 None 306 376 96 146 None 303 367 52 150 None 358 360 69 154 None
52155.jpg r_winpoint 131 354 53 153 None 351 422 56 171 None 414 357 79 147 None 380 455 61 194 None 506 410 68 169 None 543 370 55 152 None 804 362 59 143 None 871 378 80 154 None 1005 440 78 163 None 1094 358 86 148 None 1181 367 86 158 None 1112 503 84 159 None
36015.jpg l_winpoint 43 387 78 145 None 64 338 80 147 None 136 277 113 177 None 324 304 69 154 None 276 306 88 177 None 276 355 52 181 None 485 279 55 156 None 459 295 47 156 None 464 317 61 159 None 698 297 61 145 None 927 392 62 175 None 1033 316 69 162 None
31245.jpg l_winpoint 362 361 46 143 None 412 385 77 144 None 475 350 80 177 None 580 340 54 127 None 591 323 61 128 None 730 387 61 100 None 761 403 54 153 None 853 311 56 135 None 910 362 46 122 None 900 395 72 139 None 965 361 54 149 None
51435.jpg l_winpoint 153 443 109 138 None 269 425 38 111 None 350 437 51 139 None 434 388 41 116 None 466 400 42 131 None 440 465 60 159 None 567 464 61 160 None 585 446 51 151 None 664 380 78 121 None 817 417 86 90 None 897 466 65 150 None 966 396 44 136 None
47865.jpg r_winpoint 994 376 45 129 None 848 385 71 132 None 824 474 104 162 None 678 464 85 147 None 667 426 100 142 None 644 367 42 140 None 489 393 61 135 None 434 337 46 144 None 378 427 59 141 None 366 544 73 61 None 298 370 40 132 None 247 411 46 128 None
33570.jpg r_winpoint 1180 381 57 156 None 1024 450 94 159 None 1002 365 52 134 None 892 401 72 150 None 932 352 64 138 None 717 343 50 137 None 665 402 67 170 None 672 326 43 132 None 626 344 45 135 None 478 424 42 154 None 292 377 48 155 None
31920.jpg r_winpoint 1125 403 138 173 None 1084 475 60 162 None 849 403 88 161 None 932 422 89 167 None 981 370 70 155 None 980 365 71 154 None 672 427 52 177 None 619 445 75 183 None 636 394 59 158 None 376 448 37 167 None 362 361 62 138 None 140 372 57 150 None
