73210.jpg r_set 918 393 47 98 None 845 413 98 100 None 809 466 68 99 None 727 334 87 86 None 688 372 51 138 None 668 326 39 126 setting 536 473 54 121 None 559 413 40 116 None 542 385 37 107 None 267 503 75 98 None 297 375 41 100 None 139 426 54 102 None
73320.jpg l-spike 124 651 76 67 None 265 425 58 88 None 427 380 69 96 None 464 296 69 105 spiking 579 396 34 80 digging 524 460 49 120 None 632 323 27 148 blocking 638 327 47 135 blocking 926 383 46 84 None 950 480 63 120 digging 1115 414 54 103 None
12960.jpg l-spike 908 469 127 135 None 1073 393 65 143 None 908 317 75 111 None 640 408 54 172 None 557 304 47 139 None 571 213 58 187 blocking 450 342 72 153 None 377 209 79 121 spiking 345 327 63 149 None 224 397 89 145 None 79 363 60 127 None 381 480 100 167 None
13170.jpg l-spike 76 409 65 150 None 272 338 95 127 None 343 270 83 111 None 328 486 143 157 None 591 304 51 201 setting 468 296 115 179 spiking 652 314 36 192 blocking 665 315 55 118 None 674 410 69 142 None 941 340 84 99 None 1085 360 69 139 None 957 456 63 141 None
64170.jpg l_set 207 479 97 111 None 313 402 55 111 None 406 333 48 111 None 497 282 42 131 setting 450 280 76 83 None 557 349 33 125 None 752 339 41 106 None 758 389 44 115 None 1036 435 64 109 None 1117 352 53 121 None 1015 318 59 104 None
18455.jpg r_set 967 454 90 123 None 918 361 47 104 None 852 325 44 107 None 853 297 56 85 None 719 232 41 122 setting 656 358 56 101 None 579 418 35 128 None 585 350 39 111 None 569 318 59 116 None 304 336 43 98 None 275 415 65 120 None 208 363 32 121 None
18775.jpg r-pass 273 371 41 109 None 386 438 70 140 None 421 421 71 126 None 555 368 42 136 None 450 352 75 103 None 515 271 56 105 None 637 314 34 153 blocking 644 334 65 159 blocking 660 319 51 88 None 906 347 64 80 None 1012 390 59 96 None 935 424 59 108 None
13185.jpg l-spike 1033 382 67 128 None 924 328 80 116 None 917 452 85 143 None 625 435 63 181 None 603 303 44 214 blocking 619 306 66 100 None 480 457 99 156 None 544 397 55 149 None 513 334 82 159 None 446 267 69 122 None 379 256 97 146 spiking 41 399 105 139 None
42015.jpg l-pass 1066 345 51 95 None 937 386 60 124 None 902 339 66 89 None 930 300 49 100 None 831 394 72 126 None 855 348 36 126 None 789 341 45 171 blocking 764 334 68 134 None 660 330 69 90 digging 514 344 84 70 None 438 356 52 100 None 398 452 77 105 None
42130.jpg r_spike 1029 391 68 116 None 1025 328 51 85 None 978 365 47 115 None 950 220 41 121 spiking 891 354 44 121 None 882 445 58 129 None 677 418 85 106 None 822 242 46 155 blocking 826 230 53 116 blocking 510 436 71 92 digging 527 309 46 77 digging 441 347 53 99 digging
42220.jpg r-pass 174 334 47 113 None 334 408 48 119 None 371 335 40 92 None 409 289 43 77 None 547 350 52 128 None 571 407 47 128 None 643 326 44 95 None 737 342 52 122 None 838 430 41 124 None 880 380 48 75 digging 990 309 56 95 None 1081 384 67 108 None
42265.jpg r_spike 386 366 47 99 None 474 341 44 91 None 432 422 63 105 None 694 302 37 104 blocking 713 302 29 163 blocking 694 413 51 115 None 766 345 73 110 None 773 273 68 124 spiking 908 304 58 81 None 1044 348 44 99 None 934 393 68 112 None 842 479 83 116 None
18615.jpg l-pass 871 341 64 101 None 784 313 65 101 None 815 412 42 107 None 576 360 33 124 None 549 329 39 122 None 593 306 48 96 None 470 399 50 125 None 447 315 37 138 setting 313 280 50 96 None 275 346 53 94 None 129 421 51 126 None 123 381 94 110 None
12980.jpg r-pass 940 370 46 153 None 774 297 87 118 None 647 447 109 133 None 488 381 87 124 None 398 279 82 148 None 370 291 57 129 None 297 352 56 161 None 319 302 56 135 None 196 317 71 148 None 202 454 115 166 None 35 415 100 149 None
18715.jpg l-pass 966 379 40 121 None 848 413 41 123 None 846 318 48 104 None 612 426 50 120 None 614 310 40 92 None 638 285 53 90 None 518 418 55 115 None 454 436 80 134 digging 437 321 50 118 None 439 280 41 102 None 348 345 44 110 None 265 388 51 107 None
18535.jpg l_set 921 407 49 112 None 928 336 48 118 None 835 291 58 106 None 683 398 44 132 None 639 358 39 120 None 646 328 41 103 None 504 360 45 117 None 512 312 48 101 None 434 274 54 81 None 370 327 46 121 setting 252 377 56 119 None 147 478 109 125 None
64195.jpg l-spike 185 404 81 99 None 267 463 75 129 None 250 318 44 108 None 367 348 61 103 None 491 355 43 93 None 418 254 57 112 spiking 557 269 30 146 blocking 563 360 64 94 None 812 440 73 109 None 868 335 55 102 None 963 383 60 102 digging
18820.jpg l_winpoint 638 368 32 126 None 733 357 42 133 None 782 301 40 111 None 879 332 64 114 None 858 310 56 109 None 513 321 62 110 None 453 360 86 134 None 439 376 81 119 None 420 357 67 124 None 411 343 47 116 None 466 335 50 60 None 873 385 42 162 setting
42195.jpg l-pass 417 386 48 114 None 358 341 43 90 None 546 321 39 116 None 488 244 57 112 digging 592 401 58 128 None 702 317 32 107 None 735 330 47 117 None 773 404 47 125 None 948 365 39 115 None 980 382 50 114 None 934 311 32 100 None 141 323 44 101 None
64210.jpg r-pass 847 404 53 97 None 750 338 43 106 None 713 426 60 112 digging 518 366 51 106 None 445 302 54 109 blocking 436 279 52 126 blocking 390 347 37 100 None 346 303 38 95 None 293 345 51 102 None 208 462 68 119 None 124 405 57 103 None 151 343 33 107 None
81700.jpg l-spike 195 369 62 92 None 359 356 71 119 None 435 384 50 152 spiking 413 408 55 125 None 480 405 49 121 None 478 288 52 97 None 576 326 51 194 blocking 588 365 33 170 blocking 580 328 81 87 None 862 358 65 81 None 940 354 75 90 digging 926 442 57 120 None
73240.jpg l-pass 484 461 54 119 None 411 397 46 107 digging 545 379 51 98 digging 724 467 93 124 None 800 357 53 153 blocking 816 362 35 117 None 866 354 56 90 None 898 383 41 114 None 858 437 56 83 None 894 498 68 127 None 1018 352 56 99 None 1162 430 38 115 None
18650.jpg l_set 1002 351 36 114 None 909 431 55 99 None 886 333 63 89 None 672 379 40 115 None 652 339 40 111 None 671 318 35 87 None 545 327 49 143 setting 586 302 35 124 None 428 271 53 82 None 279 375 72 94 None 206 349 50 98 None 229 465 57 134 None
42140.jpg l-pass 456 345 44 101 None 553 311 52 73 None 536 413 75 116 None 653 418 81 106 None 861 263 26 114 blocking 818 267 68 123 blocking 911 300 60 77 None 899 351 52 120 None 906 440 52 139 None 1008 367 56 117 None 1001 327 48 93 None 1058 389 70 124 None
41985.jpg r_set 893 298 76 79 None 914 377 56 99 None 829 332 28 101 None 800 442 76 96 None 660 368 52 133 None 622 340 61 122 setting 545 385 45 145 blocking 546 345 48 166 blocking 530 358 48 99 None 315 340 56 90 None 237 447 83 97 None 187 388 48 107 None
41960.jpg r-pass 943 298 40 98 None 931 342 56 115 None 776 430 82 106 digging 751 343 51 100 None 680 409 61 135 None 522 354 38 112 None 433 345 30 115 None 442 370 42 128 None 387 392 65 124 None 204 344 43 96 None 150 448 52 113 None 6 406 24 130 None
58890.jpg r_set 991 511 78 125 None 1002 426 43 110 None 905 391 59 100 None 802 317 40 83 None 772 307 41 119 setting 728 385 58 114 None 541 453 52 122 None 564 381 41 127 blocking 536 364 45 109 None 319 368 46 81 None 260 480 73 102 None 173 390 39 122 None
73175.jpg r-pass 884 403 43 112 None 780 448 57 103 None 806 393 47 92 None 778 324 57 99 None 689 437 59 127 None 494 388 51 95 None 436 459 43 127 None 432 400 43 118 None 392 381 53 119 None 206 426 41 130 None 196 368 41 119 None 7 391 38 129 None
59160.jpg r-pass 211 395 54 119 None 398 411 41 120 None 398 350 34 106 None 489 294 54 104 None 540 346 57 115 None 578 377 50 111 None 653 368 55 135 None 757 366 60 100 None 765 327 43 105 None 890 368 64 92 digging 953 383 44 120 None 814 474 75 125 None
17520.jpg l-spike 894 462 56 110 digging 948 371 57 90 None 807 365 73 83 digging 591 336 53 89 None 549 373 50 157 blocking 543 360 55 104 None 494 342 41 114 None 461 304 39 98 None 347 402 92 135 spiking 383 384 78 100 None 336 358 48 115 None 255 425 53 100 None
73390.jpg r_set 961 435 62 100 None 773 336 68 78 None 757 448 51 119 None 1229 421 49 107 None 711 318 45 142 setting 696 347 29 114 None 588 451 51 122 None 606 390 41 119 None 577 354 48 111 None 312 467 56 116 None 350 365 64 109 None 213 394 48 116 None
17540.jpg l-pass 316 449 46 96 None 370 400 64 95 None 324 350 45 111 None 415 303 39 98 None 468 372 47 120 None 456 456 77 124 digging 538 439 54 122 None 589 418 51 111 None 671 339 72 95 None 758 354 84 92 None 783 497 130 68 None 942 345 46 106 None
18765.jpg l-spike 1015 364 52 110 None 956 436 51 105 None 917 323 56 101 None 672 372 66 163 blocking 656 339 35 132 blocking 671 310 43 105 None 521 310 88 140 spiking 446 405 80 118 None 413 360 47 107 None 466 269 77 97 None 310 457 99 126 None 217 381 68 111 None
73280.jpg l_set 1159 443 63 110 None 1065 375 46 104 None 909 433 94 115 None 840 452 44 124 None 831 367 30 128 None 797 361 44 106 None 729 397 36 128 None 541 502 61 142 None 424 366 49 110 None 366 497 63 150 setting 335 375 64 122 None 519 337 69 77 None
17580.jpg l-pass 1106 450 85 131 None 1077 330 36 109 None 1249 375 29 123 None 858 396 43 129 None 833 356 33 120 None 867 322 36 106 None 672 391 34 125 None 670 342 64 119 None 570 281 48 80 None 447 344 57 104 None 386 352 57 140 digging 515 424 61 140 None
12935.jpg l_set 1152 494 76 137 None 1053 351 90 103 None 768 428 86 172 None 750 339 53 173 blocking 779 324 47 135 None 529 334 88 156 None 485 312 56 191 setting 340 282 73 107 None 266 348 95 137 None 208 394 56 153 None 268 499 120 186 None
17620.jpg l-spike 301 427 66 103 None 484 412 60 85 None 415 330 56 100 digging 508 351 73 110 None 496 250 47 139 spiking 643 278 38 148 blocking 897 447 58 114 digging 915 338 71 95 digging 1154 401 59 107 None 41 411 76 95 None
59075.jpg r_set 331 384 53 120 None 462 359 55 86 None 421 433 66 129 None 688 438 52 120 None 714 369 41 127 None 686 351 48 115 None 815 317 36 121 None 825 316 46 122 setting 866 320 87 84 None 947 454 110 113 None 1084 439 81 116 None 1129 371 46 108 None
18570.jpg l-spike 75 373 40 122 None 198 420 58 125 None 234 343 63 103 None 330 375 62 107 None 367 333 68 104 None 355 235 73 121 spiking 495 243 31 161 blocking 499 286 35 153 blocking 553 365 60 111 None 753 322 63 83 None 836 334 48 95 digging 805 415 60 107 None
12900.jpg l-pass 363 447 67 130 None 391 412 49 102 None 405 344 48 100 None 441 342 52 82 digging 590 332 61 86 None 667 388 75 114 None 867 318 32 107 None 831 338 39 126 None 817 383 76 126 None 1090 321 35 119 None 1135 469 64 114 None 1237 345 41 117 None
13140.jpg l-pass 121 487 92 167 None 113 326 60 153 None 181 370 91 143 digging 250 242 51 125 None 357 325 70 146 None 637 406 47 158 None 714 303 39 136 None 692 341 60 166 None 735 378 46 163 None 999 309 60 130 None 1085 350 55 148 None 1099 456 82 141 None
18410.jpg r-pass 129 404 57 90 None 186 420 34 141 None 292 335 50 103 None 511 343 37 112 None 520 356 57 146 blocking 498 415 41 122 None 640 348 71 95 None 829 429 67 131 None 991 422 53 121 None 934 394 59 104 digging 922 346 48 77 None 819 285 56 98 None
58945.jpg l-pass 496 290 35 144 setting 493 431 73 137 None 681 360 63 96 None 782 390 52 122 None 839 464 52 153 None 860 482 55 118 None 938 490 47 118 None 941 413 49 97 None 966 350 52 118 None 1024 452 51 137 None 1218 442 49 127 None 1162 362 49 108 None
18675.jpg l-spike 149 362 68 107 None 305 456 73 118 None 362 354 42 119 None 410 386 65 110 None 478 331 50 111 None 448 221 48 138 spiking 538 232 36 138 blocking 539 277 31 158 blocking 584 415 97 130 None 781 425 70 105 None 909 381 54 102 None 809 324 57 92 digging
81745.jpg l-pass 1190 349 46 114 None 1039 415 47 122 None 1021 339 52 92 None 776 317 39 99 None 775 439 52 126 None 771 399 45 145 None 641 467 81 135 None 654 363 34 122 None 593 287 48 94 None 461 405 82 129 None 505 341 67 115 None 301 383 87 98 digging
64120.jpg l-pass 207 446 64 127 None 387 401 49 116 None 409 356 49 108 None 424 322 49 108 digging 552 332 53 93 None 756 362 47 122 None 827 335 43 111 None 828 347 51 133 blocking 839 375 48 130 None 1071 325 47 118 None 1134 441 53 114 None 1190 393 63 78 None
64255.jpg r_set 175 349 43 93 None 238 428 59 132 None 261 350 49 115 None 441 390 52 123 None 504 359 45 122 None 488 304 35 108 None 608 339 30 127 None 751 282 34 117 setting 819 472 90 129 None 964 435 57 122 None 889 387 68 94 None 815 296 54 87 None
73420.jpg l-pass 391 411 57 112 None 508 453 60 89 None 558 342 36 95 digging 730 426 79 103 None 848 284 30 134 blocking 821 311 51 127 blocking 880 317 69 104 None 888 357 46 99 None 965 375 56 104 None 999 428 58 107 None 964 474 51 138 None
42255.jpg r_set 960 390 117 104 None 974 346 47 81 None 960 306 50 75 None 751 318 55 120 None 704 313 51 125 setting 867 486 65 120 None 637 402 48 126 None 651 333 36 134 blocking 609 317 39 91 None 387 420 60 95 None 423 341 36 95 None 327 354 41 108 None
59030.jpg r-pass 165 353 43 115 None 442 333 51 84 None 385 363 41 94 None 409 366 43 108 None 397 397 64 120 None 414 455 79 122 None 520 307 67 125 None 527 326 64 103 None 711 435 56 87 digging 804 435 52 111 None 783 350 64 87 None 976 416 81 103 None
73440.jpg l-pass 1253 445 25 110 None 1086 386 48 100 None 1049 420 42 106 None 1009 490 73 138 None 950 351 45 120 None 937 339 41 109 None 876 320 36 106 None 827 322 45 99 None 740 447 85 77 None 555 426 57 116 None 571 327 50 103 None 409 404 55 112 None
73410.jpg r_spike 331 412 53 102 None 426 451 58 116 None 472 354 47 95 None 703 435 84 115 None 759 301 26 160 blocking 748 297 33 148 blocking 805 345 40 109 None 831 346 54 129 None 842 274 38 120 spiking 928 423 68 109 None 877 466 53 132 None
59220.jpg l-pass 465 402 43 98 digging 518 445 56 102 None 587 370 58 81 None 801 448 49 119 None 769 345 59 102 None 822 350 44 146 blocking 879 397 65 130 None 946 479 85 122 None 1009 382 45 127 None 899 298 54 101 None 939 338 52 96 None
42100.jpg r_set 989 379 41 87 None 952 308 78 80 None 939 393 75 111 None 865 497 73 112 None 728 360 52 132 None 707 321 47 136 setting 618 416 43 128 None 627 346 41 149 blocking 616 350 42 108 None 412 346 50 86 None 338 437 78 92 None 304 369 66 96 None
59010.jpg l-spike 1069 400 42 120 None 860 352 50 71 digging 824 450 68 117 None 711 463 50 104 None 560 284 47 149 blocking 562 260 41 143 blocking 481 260 52 127 spiking 464 473 60 125 None 448 410 90 102 None 468 377 65 97 None 437 375 44 77 None 147 339 53 106 None
13085.jpg r-pass 930 335 69 146 None 804 462 109 176 None 771 375 77 162 digging 431 308 65 140 None 293 342 62 162 None 161 442 69 173 None 11 345 67 176 None
42060.jpg r-pass 911 366 59 108 digging 893 306 52 98 None 784 380 107 119 None 769 454 51 127 None 706 358 39 128 None 646 329 55 98 None 544 406 62 124 None 567 340 46 119 None 457 319 65 95 None 391 340 34 97 None 284 422 49 100 None 272 364 44 96 None
17495.jpg l_set 1109 399 49 108 None 1051 443 48 124 None 933 358 66 74 None 746 413 48 130 None 732 344 39 95 None 704 353 37 99 None 633 324 46 137 setting 626 297 43 141 None 482 309 52 79 None 382 344 79 107 None 278 380 47 109 None 299 481 55 134 None
81795.jpg l-spike 1125 361 63 96 None 980 428 44 112 None 842 339 50 96 None 625 300 44 135 blocking 609 276 47 155 blocking 624 269 34 159 blocking 497 277 55 131 spiking 519 418 45 123 None 530 376 48 125 None 428 376 41 116 None 368 360 55 112 digging 46 493 94 66 None
59200.jpg r_set 1017 529 119 124 None 1048 388 90 124 None 832 310 40 126 setting 895 314 76 86 None 847 407 52 121 None 695 436 60 118 None 715 372 46 124 None 690 322 45 109 None 495 360 45 89 None 432 455 66 105 None 383 393 40 112 None 1177 364 46 102 None
58980.jpg l_set 1181 413 51 107 None 1063 363 37 104 None 1015 449 59 134 None 825 485 47 134 None 801 373 50 131 None 794 353 57 103 None 717 418 48 138 None 540 522 93 130 None 604 353 45 144 setting 542 354 56 105 None 604 327 52 76 None 319 314 51 81 None
58850.jpg r-pass 888 474 49 101 digging 869 413 48 79 None 840 368 41 100 None 711 340 48 98 None 702 316 42 99 None 552 385 56 88 None 423 443 36 125 None 444 401 26 139 None 439 375 29 119 None 204 378 46 80 None 190 451 27 134 None 53 454 52 127 None
58920.jpg r_spike 406 476 69 109 None 366 387 53 92 None 531 366 63 71 None 739 367 37 88 None 766 392 49 159 blocking 833 410 47 114 None 863 344 41 96 None 897 437 88 135 spiking 941 419 37 124 None 1028 347 51 97 None 1131 460 57 107 None
73340.jpg r-pass 140 422 49 104 None 358 374 53 102 None 388 346 39 96 None 456 365 34 111 None 410 459 82 106 None 512 370 34 99 None 516 347 30 111 None 796 367 46 91 None 826 481 70 112 None 1010 423 52 86 digging 8 582 54 136 None
18480.jpg r_spike 892 358 47 113 None 817 434 76 115 None 827 339 46 88 None 843 242 36 97 None 764 242 48 103 spiking 729 343 45 108 None 678 255 40 134 blocking 682 240 46 122 blocking 559 399 79 87 None 394 406 67 111 None 361 313 54 80 digging 258 397 62 108 digging
81715.jpg l-pass 922 346 70 100 None 876 450 53 114 None 824 355 42 83 None 591 330 67 90 None 520 386 37 173 blocking 519 378 65 159 blocking 469 450 52 109 None 432 401 47 125 digging 441 314 54 94 None 307 434 49 119 None 303 361 75 121 None 144 379 47 89 None
42005.jpg r_spike 969 339 44 96 None 870 385 75 117 None 890 291 47 88 None 795 383 77 130 spiking 816 329 51 104 None 779 355 47 123 None 706 353 47 176 blocking 686 304 67 155 blocking 663 337 66 79 digging 436 343 69 80 None 360 440 72 90 None 355 376 48 98 None
18755.jpg l_set 218 386 55 112 None 317 375 77 90 None 277 471 105 117 None 411 271 68 92 None 508 347 44 153 setting 537 333 45 148 None 669 402 64 127 None 660 348 41 117 None 678 307 45 105 None 958 435 53 107 None 1006 355 48 118 None 919 326 45 93 None
81680.jpg l_set 339 457 100 112 None 298 353 61 105 None 190 356 53 102 None 455 275 75 76 None 535 365 51 157 setting 524 341 38 132 spiking 684 424 47 117 None 677 358 43 114 blocking 680 322 44 79 None 937 356 51 89 digging 997 419 54 113 None 1082 353 41 114 None
81630.jpg l-pass 514 422 82 128 None 487 305 64 101 None 494 259 34 63 None 357 308 50 96 None 343 401 42 114 None 328 359 29 71 digging 1161 398 78 100 None 1065 412 46 119 None 976 326 57 93 None 804 330 51 120 None 780 326 35 133 None 772 373 43 126 None
59210.jpg r_spike 1245 392 34 107 None 977 508 89 118 None 997 399 78 111 None 846 359 92 147 spiking 886 350 53 88 None 903 317 32 85 None 750 456 45 115 None 762 381 41 111 None 740 338 40 95 None 550 369 56 76 None 474 454 62 104 None 421 395 43 105 None
17630.jpg r-pass 24 411 58 94 None 218 434 71 111 None 356 337 41 110 None 406 415 60 85 None 431 362 64 103 digging 431 329 52 110 None 563 287 49 140 blocking 817 347 46 94 None 788 453 77 102 digging 1083 397 48 113 None
64285.jpg r_spike 332 458 59 117 None 303 375 63 98 None 378 349 73 79 None 640 370 48 126 digging 673 383 53 164 blocking 690 381 36 136 blocking 856 330 71 81 None 867 412 54 112 None 759 403 98 118 None 1046 449 63 101 None 1050 336 68 91 None 808 423 89 133 spiking
59095.jpg r_spike 1144 378 48 93 None 1006 409 57 114 None 904 458 52 126 None 882 383 46 105 None 854 364 92 93 None 869 262 40 117 spiking 731 393 80 108 None 778 308 36 134 blocking 776 271 42 135 blocking 537 343 42 87 None 465 443 64 107 None 365 405 55 104 None
18495.jpg l-pass 296 400 66 111 None 477 408 54 110 None 417 310 48 87 None 599 342 58 135 setting 682 286 61 102 None 729 285 32 99 None 769 328 50 117 None 762 314 36 68 None 942 349 40 112 None 883 338 35 92 None 859 415 63 135 None 935 250 40 89 None
42155.jpg l-pass 377 327 34 88 None 761 266 31 114 None 788 280 34 96 None 847 351 44 118 None 864 421 37 128 None 1008 388 62 122 None 934 348 49 107 None 915 296 45 84 None 960 322 43 87 None 520 410 76 93 None 509 353 65 74 None 569 431 111 106 None
17455.jpg l-pass 196 456 47 138 None 331 404 54 109 None 401 372 52 113 None 463 346 49 100 digging 520 356 72 74 None 656 387 55 109 None 753 392 54 132 None 799 397 45 132 None 760 343 28 105 None 956 370 41 130 None 1083 422 46 129 None 1155 402 79 134 None
38985.jpg l_winpoint 367 414 54 130 None 375 439 86 115 None 469 411 69 131 None 435 427 77 119 None 433 393 37 127 None 449 386 42 125 None 651 477 47 130 None 796 463 65 122 None 725 397 58 108 None 910 425 47 118 None 791 415 62 125 None 742 355 37 100 None
52485.jpg l_winpoint 775 364 42 114 None 911 559 106 72 None 668 451 66 133 None 576 344 45 110 None 556 420 51 104 None 479 413 42 129 None 347 376 47 120 None 279 415 84 117 None 227 344 41 107 None 170 400 66 113 None 176 424 37 161 None 122 430 60 149 None
45465.jpg l_winpoint 156 411 73 104 None 371 412 44 107 None 353 392 81 100 None 398 408 82 113 None 442 390 57 117 None 465 383 54 99 None 690 389 68 106 None 798 382 39 125 None 878 334 35 104 None 962 451 74 66 None 1010 442 54 136 None 1013 444 74 55 None
39915.jpg l_winpoint 74 208 70 120 None 403 247 49 115 None 342 205 101 108 None 475 221 42 119 None 458 201 46 111 None 524 204 49 127 None 655 364 55 158 None 728 429 55 143 None 865 372 67 160 None 990 227 52 115 None 907 171 43 111 None 724 173 44 112 None
33435.jpg r_winpoint 150 318 38 100 None 235 378 54 117 None 281 365 63 104 None 173 272 39 100 None 387 304 28 102 None 458 356 60 118 None 841 386 61 117 None 843 377 58 107 None 862 369 64 113 None 950 375 42 108 None 991 389 43 109 None 995 381 60 102 None
30615.jpg l_winpoint 442 400 53 125 None 450 367 68 125 None 496 403 79 111 None 540 369 61 114 None 507 395 47 112 None 479 328 32 77 None 753 462 51 139 None 757 436 52 134 None 814 351 42 104 None 968 366 41 114 None 1017 439 50 130 None 1134 380 39 127 None
32700.jpg l_winpoint 394 383 62 112 None 386 365 55 98 None 460 387 43 112 None 494 358 76 108 None 449 345 44 114 None 467 352 25 107 None 666 327 35 109 None 693 326 31 113 None 719 335 38 116 None 892 353 47 89 None 937 410 60 116 None 1003 389 59 110 None
31830.jpg r_winpoint 170 382 51 110 None 306 387 53 130 None 346 343 40 97 None 501 314 43 113 None 537 308 45 107 None 573 325 48 94 None 698 381 70 151 None 748 379 45 116 None 730 346 44 106 None 748 330 52 123 None 785 349 29 111 None 800 334 37 135 None
41490.jpg l_winpoint 400 336 63 110 None 457 384 51 124 None 477 353 45 106 None 500 327 44 112 None 536 329 65 112 None 562 322 37 117 None 712 355 41 124 None 747 355 50 117 None 717 314 44 114 None 905 327 49 111 None 950 357 80 106 None 914 436 123 70 None
30000.jpg r_winpoint 299 427 57 121 None 297 405 36 134 None 330 422 42 118 None 446 393 72 115 None 508 361 37 117 None 496 348 57 102 None 777 420 82 100 None 820 391 40 116 None 865 404 52 122 None 841 380 46 122 None 644 299 31 76 None
42300.jpg r_winpoint 432 351 39 112 None 476 387 33 118 None 509 385 109 65 None 615 384 48 130 None 727 315 39 119 None 748 318 27 110 None 817 325 44 118 None 857 342 46 115 None 849 330 66 104 None 894 391 49 130 None 799 438 46 134 None 1058 365 46 109 None
46155.jpg r_winpoint 117 477 56 129 None 248 441 54 113 None 299 469 53 117 None 364 366 70 111 None 467 364 37 107 None 474 343 42 108 None 820 390 60 109 None 837 412 40 125 None 941 408 48 106 None 886 408 60 121 None 896 406 33 113 None 912 395 37 134 None
