50150.jpg l_set 265 437 53 126 None 437 420 53 114 setting 406 514 64 148 None 685 368 42 126 None 523 379 44 120 None 815 451 53 126 None 807 418 53 131 None 807 390 47 103 None 1173 464 43 142 None 1123 383 39 114 None 547 342 48 84 None
84620.jpg l-spike 546 231 53 163 spiking 224 361 69 128 None 232 406 39 128 None 387 439 51 170 None 565 406 53 142 None 503 387 91 128 None 649 278 32 139 blocking 652 372 70 130 None 752 435 58 126 None 949 351 51 118 None 1035 435 67 116 None 902 451 84 112 None
67880.jpg l_set 329 455 97 133 None 271 416 114 69 None 565 366 50 149 setting 446 353 53 99 None 505 329 67 75 None 631 352 47 117 None 866 360 35 118 None 817 423 61 127 None 825 392 48 133 None 1085 449 54 140 None 1205 392 48 133 None 1187 328 64 109 None
14265.jpg r_set 128 399 33 126 None 245 475 44 123 None 348 375 42 110 None 541 463 43 135 None 534 424 35 142 None 561 421 32 117 None 702 428 44 128 None 736 450 43 175 setting 856 541 118 145 None 967 475 35 127 None 903 430 75 128 None 911 368 72 103 None
50290.jpg r_spike 646 373 44 200 blocking 294 487 58 118 None 379 397 48 98 None 974 394 63 112 None 909 448 46 126 None 850 443 83 107 None 782 404 93 140 spiking 777 374 44 121 None 741 445 58 98 None 72 439 58 126 None
24105.jpg l-pass 493 507 62 97 None 297 473 81 140 None 462 456 65 102 digging 578 402 37 105 None 687 494 63 135 None 859 478 69 114 None 1006 455 44 132 None 976 443 51 132 None 987 410 46 112 None
95110.jpg r-pass 43 447 42 140 None 208 504 62 155 None 273 439 50 137 None 331 397 60 132 None 342 456 56 144 None 334 455 112 107 None 485 420 95 194 blocking 780 420 99 82 digging 821 479 52 137 None 1022 388 69 114 None
67935.jpg r-pass 720 441 72 120 None 540 426 62 121 None 832 371 63 110 None 666 394 123 62 None 175 438 62 133 None 164 373 44 106 None 282 371 38 138 None 307 346 36 117 None 386 342 30 96 None 414 323 44 120 None
95195.jpg r_spike 0 419 58 129 None 309 516 68 127 None 372 385 54 109 None 633 402 54 199 blocking 756 383 98 98 None 913 438 64 119 None 1045 458 47 145 None 983 470 52 160 None 770 457 84 147 spiking 741 437 105 125 None
52160.jpg l-spike 406 342 51 106 None 525 481 45 145 None 504 398 40 119 None 565 445 50 95 None 451 300 65 127 spiking 657 321 34 164 blocking 697 472 67 117 None 960 479 104 105 None 945 386 46 93 None 1140 422 51 126 None 583 444 37 133 None
24255.jpg l-pass 421 493 96 90 digging 409 495 62 74 None 503 399 68 117 None 615 451 54 113 None 661 398 49 127 None 582 351 49 107 None 771 436 35 131 None 762 414 29 127 None 779 371 49 117 None 964 450 64 127 None 1045 381 47 127 None 1149 416 45 133 None
51710.jpg l-pass 427 484 58 146 None 441 388 58 107 None 625 408 45 133 None 340 434 66 107 digging 304 453 41 114 None 583 446 62 113 None 831 486 56 133 None 886 429 110 146 None 852 362 34 124 None 702 403 105 113 None 874 404 46 126 None 751 366 65 115 None
24150.jpg l_set 318 481 65 127 None 240 510 75 133 None 481 419 43 123 None 567 421 58 147 None 540 376 48 117 setting 831 454 58 131 None 824 388 65 99 None 823 422 68 123 None 1175 458 52 137 None 1207 396 48 120 None 598 351 35 86 None
14300.jpg r_spike 122 411 63 101 None 389 395 65 92 None 325 477 45 112 None 668 378 51 200 blocking 792 539 65 154 None 868 410 52 165 spiking 831 376 63 119 None 960 473 58 120 None 953 451 49 88 None 751 452 50 123 None
50340.jpg l_set 513 414 56 135 setting 539 435 74 84 None 630 466 53 125 None 717 508 116 146 None 759 412 42 105 None 892 442 48 147 None 1019 490 53 125 None 986 425 39 128 None 977 389 46 130 None 1243 460 35 135 None 1244 397 34 119 None
75920.jpg l_set 705 381 27 68 digging 708 297 60 109 None 533 446 64 152 None 422 432 64 137 None 436 395 52 117 None 866 356 33 137 None 834 384 52 145 None 893 417 49 139 None 1050 412 35 137 None 1047 353 37 125 None 1179 399 68 137 None
67995.jpg r_spike 643 408 64 137 spiking 865 337 50 115 None 922 386 58 129 None 801 446 52 125 None 694 452 52 106 None 644 351 72 135 None 556 372 55 182 blocking 445 383 92 90 None 317 375 67 97 None 183 454 68 119 None 53 414 56 112 None
95055.jpg l_set 502 536 74 182 setting 757 428 62 129 None 528 365 37 113 None 317 439 37 139 None 371 493 84 145 None 392 428 72 129 None 982 466 39 145 None 956 434 39 145 None 969 416 43 154 None
24190.jpg l-pass 740 449 58 109 None 971 456 65 147 None 978 392 49 102 None 645 366 58 84 None 630 369 35 107 None 573 386 48 105 digging 534 446 42 102 None 503 417 39 77 None 258 472 49 135 None 195 429 42 128 None 301 395 44 83 None 1137 436 84 105 None
52030.jpg r_set 32 417 35 122 None 246 364 45 117 None 216 450 65 120 None 348 435 41 135 None 390 397 40 133 None 395 371 33 120 None 556 357 34 128 None 623 337 59 107 None 680 361 49 68 None 722 302 46 151 digging 763 454 75 121 None 778 397 42 122 None
50045.jpg r_set 689 444 60 132 None 865 516 80 123 None 797 424 53 118 None 810 370 67 125 None 771 366 54 96 None 651 367 52 150 setting 498 450 35 133 None 525 393 25 132 None 506 388 33 109 None 349 445 48 125 None 219 420 38 116 None 154 418 35 125 None
52135.jpg l_set 333 370 77 86 None 542 362 46 105 None 589 402 44 90 None 653 368 42 153 setting 666 464 49 128 None 775 481 46 130 None 781 421 34 130 None 1034 470 86 133 None 1050 409 63 90 None 782 386 48 118 None 504 534 76 135 None
51755.jpg l_set 663 490 45 155 setting 819 398 39 139 None 489 483 76 127 None 555 351 51 106 None 540 412 59 98 None 457 415 63 120 None 917 377 35 125 None 944 409 45 127 None 936 472 31 129 None 1193 464 72 147 None 1172 370 49 121 None
50085.jpg r_spike 758 297 57 140 spiking 1045 417 54 131 None 900 446 96 126 None 816 472 48 134 None 777 420 60 128 None 838 415 75 91 None 666 300 30 159 blocking 309 387 57 99 None 466 458 81 128 None 351 482 72 109 None 136 454 62 127 None
67745.jpg l_set 308 495 74 127 None 352 441 54 120 None 411 397 93 124 None 524 370 64 86 None 710 348 47 158 setting 660 368 51 121 None 929 492 69 114 None 1039 386 54 100 None 1141 412 35 130 None 780 452 54 118 None 789 398 39 114 None 812 385 37 110 None
67850.jpg l-pass 368 430 61 89 digging 390 382 48 103 None 432 431 74 126 None 620 379 75 124 None 613 337 46 97 None 732 436 55 126 None 836 387 35 135 None 871 358 35 111 None 872 417 54 131 None 1080 423 33 134 None 1217 385 60 126 None 1127 298 75 124 None
75800.jpg r-pass 947 473 60 117 digging 894 440 51 104 digging 892 387 60 93 None 774 315 41 132 None 691 464 62 142 None 553 402 58 106 None 432 403 55 169 blocking 413 383 41 121 None 443 404 40 129 None 165 434 35 144 None 68 409 35 137 None
24310.jpg l-spike 269 405 35 131 None 273 464 84 140 None 474 463 43 120 None 435 404 50 120 None 531 351 80 121 None 526 304 47 128 spiking 622 299 39 162 blocking 685 420 45 124 None 921 385 45 113 None 992 428 64 106 None 933 464 74 120 None
51925.jpg l_set 390 422 53 106 None 518 384 57 114 None 583 361 48 110 None 580 472 89 127 digging 722 479 51 130 None 742 432 37 151 None 805 479 47 137 None 815 407 50 124 None 884 390 62 117 None 937 373 42 124 None 1028 452 74 133 None 1108 389 75 126 None
84595.jpg l_set 280 482 123 144 None 686 328 54 166 setting 537 313 65 95 None 263 343 86 97 None 276 417 61 127 None 607 412 72 137 None 1018 471 77 130 None 1181 405 61 131 None 1037 354 68 123 None 798 432 57 137 None 833 362 40 123 None 802 389 46 133 None
67765.jpg r-pass 766 465 57 104 None 892 416 49 107 digging 825 385 49 93 None 571 438 60 115 None 557 336 60 137 blocking 483 318 57 139 None 466 332 49 115 None 463 412 60 128 None 387 404 68 109 None 287 470 63 150 None 192 441 46 117 None
14215.jpg r-pass 851 426 90 126 None 633 400 61 130 None 775 463 57 143 None 786 425 45 101 None 743 402 45 87 digging 413 385 57 122 None 341 445 35 145 None 336 404 37 142 None 339 395 45 119 None 151 386 43 118 None 30 456 45 124 None
50195.jpg l-spike 1223 429 57 130 None 865 371 61 97 None 866 469 72 139 None 171 414 44 128 None 320 422 40 119 None 551 400 48 137 None 497 401 69 108 digging 426 470 49 133 None 634 362 52 125 None 568 303 38 119 setting 633 297 51 145 blocking
84515.jpg r-pass 779 413 62 96 None 848 420 91 95 digging 869 494 64 117 None 453 419 63 174 blocking 572 380 72 101 None 467 385 52 142 None 135 447 51 138 None 336 506 74 125 None 381 399 53 152 None 357 344 63 130 None 268 404 57 147 None 222 400 92 122 None
51985.jpg r-pass 149 410 30 129 None 293 435 53 146 None 396 441 57 127 None 451 380 45 138 None 398 357 37 112 None 481 342 37 105 None 578 403 75 120 None 529 343 44 115 None 525 320 52 129 blocking 719 370 66 86 None 768 447 77 115 None 1031 410 74 122 None
14390.jpg l-spike 280 431 81 127 None 1196 514 79 101 digging 979 392 78 95 None 768 416 76 105 None 735 422 38 159 blocking 737 458 43 148 blocking 618 415 73 120 None 513 367 78 102 None 529 423 67 94 None 533 456 49 117 None 552 416 44 192 setting
24170.jpg l-spike 1239 454 39 115 None 1105 404 74 108 digging 1053 490 80 122 None 785 450 71 129 None 715 352 53 147 blocking 711 306 45 163 blocking 605 297 51 133 setting 343 394 62 80 None 251 437 55 132 None 291 508 52 134 None 540 409 52 100 digging 573 425 69 122 None
50305.jpg l-pass 503 402 72 99 None 239 460 50 103 None 458 415 50 159 setting 768 450 54 132 None 797 440 47 157 blocking 936 477 47 124 None 906 430 41 129 None 888 383 56 120 None 1078 454 47 131 None 1058 438 92 127 None 1074 398 65 123 None
51790.jpg l-spike 1149 390 62 115 None 884 389 80 100 None 1028 494 84 127 None 736 403 50 113 None 644 429 40 149 blocking 630 390 59 170 blocking 432 370 53 112 None 455 459 60 125 None 555 414 42 138 None 515 413 60 157 spiking 357 543 42 130 None 206 436 48 125 None
94995.jpg l-pass 1228 383 49 137 None 1011 403 49 137 None 818 443 50 137 None 802 387 47 111 None 777 393 52 172 None 660 463 94 137 None 487 490 88 160 None 417 487 56 148 None 317 383 49 119 None 242 488 58 107 digging 238 460 56 98 digging
50245.jpg r_set 1031 421 82 120 None 820 345 52 140 setting 777 348 52 111 None 783 449 70 116 None 777 396 79 128 None 650 371 52 115 None 406 448 56 135 None 508 404 39 141 None 521 376 40 127 None 353 366 51 120 None 280 443 46 126 None 116 412 44 126 None
14355.jpg l_set 1246 461 33 148 None 541 502 82 159 None 570 385 42 117 digging 562 434 49 128 None 324 404 40 134 None 713 380 43 110 None 784 429 51 151 None 882 443 49 138 None 875 417 54 130 None 872 379 50 117 None 1060 417 47 124 None
51660.jpg l-pass 1156 532 82 107 None 1112 455 60 133 None 1031 440 42 131 None 803 458 46 130 None 769 444 57 133 None 767 397 61 140 None 676 477 62 124 None 331 477 44 135 None 322 452 51 89 None 430 452 54 84 digging 424 491 60 153 None 443 526 72 149 None
84390.jpg r-pass 123 481 80 141 None 184 383 66 127 None 405 453 49 152 None 423 421 60 145 None 430 393 49 143 None 532 410 72 121 None 693 365 72 139 None 930 494 52 139 None 965 450 62 105 digging 902 406 96 101 digging 1042 359 86 139 None
68050.jpg l_set 255 403 48 130 None 363 502 101 172 None 356 362 55 174 setting 434 393 68 117 None 415 351 70 87 None 615 449 49 147 None 773 478 48 141 None 725 379 47 131 None 752 415 50 123 None 975 460 70 137 None 972 358 70 123 None 1071 393 65 131 None
84440.jpg l-pass 137 412 56 141 None 188 441 66 152 None 416 419 52 117 None 510 362 49 168 setting 524 371 84 127 None 586 463 62 154 None 710 387 41 131 None 684 399 52 145 None 820 454 74 129 None 994 452 60 131 None 1014 382 52 131 None 1023 328 50 135 None
75955.jpg l-spike 304 404 56 123 None 430 436 62 121 None 502 423 54 84 None 465 387 66 160 spiking 549 331 62 127 None 653 350 56 193 blocking 814 358 82 117 None 941 382 74 98 None 1064 385 90 121 None 1008 477 82 123 None
75885.jpg l-pass 481 435 79 126 digging 644 407 88 131 None 597 352 58 97 None 823 439 101 131 None 902 306 58 135 None 951 313 48 126 None 1205 357 54 129 None 1107 416 58 152 None 1117 361 52 126 None 1023 404 58 152 None 1018 344 67 124 None
75840.jpg r_set 58 412 62 126 None 135 473 89 127 None 142 371 58 106 None 468 422 69 148 None 473 378 51 145 None 473 358 48 133 None 599 414 65 130 None 682 288 53 142 setting 745 310 54 99 None 777 368 51 128 None 851 478 103 133 None 940 446 62 127 None
24290.jpg l_set 335 413 49 142 None 440 449 53 132 None 465 396 35 128 None 492 348 67 91 None 619 409 51 140 setting 616 386 55 112 None 713 418 39 142 None 714 397 44 118 None 725 368 49 128 None 1003 394 51 116 None 1033 474 74 126 None 1085 424 58 114 None
51830.jpg r-pass 116 426 35 137 None 189 495 39 126 None 374 450 60 133 None 425 385 62 126 None 464 402 47 143 None 501 458 47 124 None 588 474 97 139 None 634 461 54 111 digging 639 382 79 107 None 721 478 67 105 None 1015 381 48 126 None
84505.jpg l-spike 279 444 56 139 None 402 379 61 206 spiking 388 379 71 127 None 444 404 54 142 None 496 337 49 138 None 532 420 44 131 None 584 398 54 176 blocking 601 397 58 139 None 653 371 98 108 None 896 397 69 116 None 970 415 111 110 None 989 508 69 120 None
51870.jpg r_set 1012 350 92 100 None 880 460 91 139 None 853 393 61 134 None 815 543 94 125 None 727 458 74 127 None 716 334 52 136 setting 591 436 41 144 None 595 412 41 123 None 595 392 46 136 None 406 393 60 106 None 304 469 38 130 None 228 423 40 137 None
51885.jpg r_spike 254 427 46 128 None 319 485 51 116 None 406 401 46 105 None 612 376 56 203 blocking 604 390 67 116 None 695 387 72 154 spiking 744 376 46 123 None 735 511 70 123 None 885 450 61 145 None 872 387 36 124 None 931 352 51 100 None
84480.jpg l_set 1155 418 90 125 None 1085 491 72 123 None 994 385 82 127 None 842 382 58 119 None 806 441 45 131 None 805 348 49 180 blocking 713 352 62 178 setting 678 334 68 159 None 574 326 100 121 None 486 450 58 133 None 319 491 130 142 None 476 417 67 116 None
14315.jpg l-pass 295 398 58 101 None 519 401 45 152 setting 553 387 60 88 None 828 446 52 175 None 927 456 54 114 None 955 382 47 137 None 1024 457 71 139 None 1129 468 50 126 None 1141 448 50 124 None 956 536 63 151 None
75860.jpg r_spike 251 415 50 129 None 373 466 97 120 None 368 352 58 103 None 634 449 88 116 None 703 335 50 137 None 711 261 39 171 blocking 767 362 60 135 None 829 264 58 129 spiking 867 379 54 116 None 889 464 71 143 None 924 386 71 92 None 1154 450 62 129 None
50100.jpg l-pass 213 458 69 124 None 434 379 75 109 None 419 469 80 116 None 513 454 88 133 digging 720 335 56 139 None 797 362 58 114 None 850 460 71 120 None 818 419 69 129 None 921 403 60 111 None 1039 435 56 135 None 1129 410 45 128 None
52070.jpg r_spike 945 368 50 98 None 861 368 52 111 None 703 376 45 119 None 756 410 74 158 spiking 676 456 66 98 digging 587 386 43 203 blocking 41 436 50 129 None 269 474 50 113 None 304 389 66 107 None 814 454 79 128 digging
67915.jpg l-spike 2 376 65 122 None 2 429 88 126 None 318 436 58 137 None 314 374 50 114 None 407 384 73 109 digging 411 242 43 150 spiking 543 284 64 148 blocking 669 432 79 114 None 846 459 69 107 None 989 410 60 109 None 879 345 60 109 None
49985.jpg l_set 308 450 60 133 None 396 411 36 127 None 475 532 82 137 None 536 361 48 103 None 668 379 45 141 setting 634 408 43 133 None 804 472 41 122 None 793 417 45 111 None 798 397 41 118 None 1035 492 84 131 None 1080 408 84 103 None 1201 477 62 116 None
67970.jpg r_set 648 466 83 119 None 789 432 75 126 None 885 361 48 124 None 788 350 77 96 None 552 368 47 120 setting 560 333 56 107 None 384 438 69 126 None 444 397 45 128 None 454 368 37 129 None 122 439 71 131 None 202 381 57 99 None
51895.jpg l-pass 653 389 50 178 blocking 347 488 48 116 None 284 453 67 99 digging 590 383 56 107 None 739 491 56 137 None 710 440 60 137 None 788 376 48 116 None 893 452 56 143 None 875 400 50 118 None 913 361 50 107 None 419 402 65 105 None
95160.jpg r_set 17 385 69 112 None 31 485 65 157 None 409 452 67 149 None 412 431 63 153 None 433 424 48 135 None 542 427 43 151 None 641 362 40 115 None 746 389 58 117 None 835 405 48 177 setting 816 541 100 144 None 885 456 47 167 None
52085.jpg l-pass 445 410 100 92 digging 160 436 65 122 None 375 476 51 120 None 668 461 65 134 None 708 475 40 153 None 798 440 51 125 None 788 403 65 119 None 853 518 48 117 None 884 479 51 131 digging 1002 392 66 125 None 1111 408 58 120 None
51700.jpg r_spike 248 450 43 124 None 301 438 50 101 None 412 396 52 105 None 364 508 71 131 None 546 459 58 103 None 526 441 92 118 None 694 328 50 167 spiking 687 361 69 129 None 734 478 71 135 None 864 448 84 141 None 856 422 48 109 None 837 387 69 106 None
49995.jpg l-spike 286 449 46 137 None 342 412 37 119 None 485 518 117 137 None 588 430 58 115 None 562 368 59 94 None 611 313 59 153 spiking 716 332 49 168 blocking 738 473 62 110 None 975 478 80 137 None 1036 407 67 104 None 1136 469 55 112 None 733 381 37 110 None
95095.jpg l-spike 182 438 60 126 None 408 396 96 173 spiking 448 390 60 129 None 657 382 60 195 blocking 1217 391 62 122 None 991 481 75 143 None 970 402 79 101 None 333 541 90 163 None 406 435 83 127 None 515 464 113 97 digging
67755.jpg l-spike 315 486 71 133 None 281 435 62 120 None 443 398 60 116 None 577 299 62 146 spiking 547 359 62 97 None 606 408 56 122 None 675 313 50 152 blocking 674 439 58 120 None 835 476 84 101 None 949 378 54 107 None 1015 417 50 114 None 682 375 57 89 None
84555.jpg l-pass 296 416 69 122 None 445 331 67 126 digging 498 457 52 156 None 538 371 62 129 None 563 320 86 126 None 674 424 80 144 None 1068 345 56 137 None 874 363 52 126 None 819 457 58 146 None 813 367 47 139 None 1176 457 75 144 None
49950.jpg l-pass 299 477 70 98 digging 371 485 72 123 digging 439 390 66 117 None 437 498 68 117 None 451 539 68 145 None 701 480 50 125 None 814 452 54 125 None 797 429 47 137 None 774 381 66 152 None 1042 415 43 125 None 1132 528 72 113 None 1155 454 66 137 None
67835.jpg r_spike 81 399 52 107 None 83 408 65 131 None 151 425 56 144 None 371 387 69 122 None 363 348 45 112 None 445 438 60 133 None 546 368 48 139 None 581 355 50 120 None 592 417 52 131 None 776 411 50 137 None 919 391 48 103 None 808 254 67 124 spiking
50010.jpg r-pass 203 457 60 126 None 203 409 41 128 None 436 489 57 148 None 423 440 71 98 None 488 351 54 120 None 519 385 49 109 None 587 403 43 120 None 594 371 38 109 None 637 479 68 109 None 848 455 71 126 None 888 401 82 98 digging 969 445 85 128 None
67705.jpg l-pass 230 487 42 151 None 371 477 48 123 None 333 433 68 118 None 418 412 72 93 digging 529 379 71 120 None 735 455 53 117 None 831 450 35 135 None 817 396 44 158 blocking 842 411 44 123 None 1047 466 44 134 None 1091 385 53 131 None
34920.jpg l_winpoint 1133 468 52 129 None 1119 429 43 130 None 1053 398 48 130 None 1005 399 63 135 None 983 432 57 142 None 951 478 70 127 None 767 390 57 124 None 715 370 54 117 None 708 427 33 135 None 627 415 61 129 None 599 375 51 149 None 523 400 33 119 None
34020.jpg r_winpoint 496 486 56 140 None 577 407 47 133 None 419 429 54 119 None 377 413 54 125 None 267 454 56 144 None 216 456 55 137 None 874 431 91 140 None 907 438 75 128 None 871 429 47 125 None 867 413 119 132 None 936 429 49 128 None
33450.jpg l_winpoint 702 457 47 128 None 625 488 57 140 None 640 460 67 139 None 635 430 71 132 None 598 461 55 125 None 604 444 36 125 None 1102 481 60 137 None 1046 468 66 147 None 1036 439 59 141 None 1204 447 70 135 None 1237 481 41 140 None
36630.jpg r_winpoint 447 524 123 40 None 596 386 36 107 None 633 487 61 123 None 842 477 42 127 None 930 374 35 129 None 963 376 41 118 None 1044 439 59 141 None 1046 411 57 135 None 1126 477 45 141 None 1152 439 44 127 None 1198 420 44 123 None
50430.jpg r_winpoint 970 396 66 133 None 849 495 52 146 None 764 361 79 136 None 669 504 47 139 None 655 466 92 161 None 634 464 47 150 None 488 415 41 138 None 456 462 45 123 None 383 463 40 127 None 366 400 48 128 None 316 493 89 138 None 208 430 37 127 None
49395.jpg r_winpoint 1079 431 51 121 None 1048 517 68 108 None 1023 522 83 142 None 911 430 83 140 None 896 418 92 132 None 863 450 55 136 None 772 478 45 152 None 682 507 60 144 None 646 475 47 140 None 560 381 39 120 None 487 488 94 86 None 356 403 44 118 digging
30570.jpg l_winpoint 1240 485 38 135 None 1078 442 48 130 None 1071 427 51 127 None 980 504 50 143 None 946 454 58 140 None 960 399 47 127 None 740 458 57 149 None 734 393 56 137 None 678 378 63 118 None 647 431 64 138 None 631 414 46 113 None 398 445 52 131 None
45765.jpg r_winpoint 886 431 59 120 None 840 440 77 124 None 861 411 48 126 None 839 376 52 110 None 782 399 64 126 None 655 406 49 124 None 412 464 62 139 None 400 420 43 125 None 346 399 57 121 None 222 469 49 122 None 217 438 58 114 None 7 479 41 131 None
31065.jpg l_winpoint 1103 453 35 126 None 907 401 59 130 None 831 463 65 137 None 822 392 56 133 None 783 416 61 131 None 768 460 48 141 None 655 400 41 139 None 558 443 64 147 None 511 392 83 125 None 464 407 65 115 None 491 454 66 126 None 287 439 64 127 None
30045.jpg l_winpoint 933 402 39 126 None 851 351 46 112 None 827 429 65 122 None 749 437 42 131 None 666 343 63 116 None 609 377 57 126 None 435 411 58 139 None 415 414 38 128 None 371 429 74 117 None 374 402 80 126 None 338 410 41 121 None 233 462 81 137 None
37890.jpg r_winpoint 1188 415 50 142 None 1142 397 45 137 None 1110 404 49 123 None 1046 394 68 128 None 1021 366 38 119 None 972 361 66 115 None 797 389 54 130 None 787 327 49 105 None 759 450 42 123 None 466 441 53 134 None 466 366 40 114 None 371 499 69 69 None
44355.jpg l_winpoint 747 429 45 128 None 603 466 82 129 None 507 442 52 146 None 526 370 35 119 None 372 336 52 115 None 270 360 42 120 None 130 406 63 136 None 102 422 60 152 None 36 404 53 129 None 82 405 43 108 None 129 364 46 111 None
44850.jpg r_winpoint 801 381 48 126 None 749 407 49 138 None 687 442 38 124 None 626 439 90 144 None 511 404 71 140 None 440 392 60 143 None 181 420 56 142 None 123 453 70 137 None 126 417 85 119 None
