12145.jpg r-pass 302 328 37 127 None 400 328 37 107 None 434 356 36 115 None 532 424 56 141 None 563 337 45 117 None 564 280 35 112 None 595 374 73 134 None 662 359 77 137 None 906 388 100 136 None 950 356 90 110 digging 841 285 46 91 None 766 244 65 99 None
21815.jpg l-pass 232 398 73 94 None 398 316 53 105 None 231 305 47 101 None 25 355 48 114 None 267 256 41 115 None 583 332 40 113 None 643 328 39 154 blocking 682 305 49 115 None 649 287 37 125 None 947 386 37 121 None 924 257 40 110 None
22690.jpg l-pass 435 299 52 92 digging 352 325 58 123 None 364 234 44 97 None 261 364 43 131 None 71 321 69 120 None 613 350 34 107 None 952 394 50 122 None 761 379 46 132 None 679 359 44 124 None 660 282 50 119 None 836 271 37 104 None 1025 316 53 108 None
14925.jpg l_set 1083 349 60 129 None 1050 287 48 105 None 887 277 39 100 None 673 355 47 131 None 681 305 25 123 None 671 273 41 104 None 606 326 49 103 None 415 367 103 64 None 374 230 70 80 None 244 270 55 115 None 323 383 82 121 None 150 309 51 102 None
12200.jpg r_spike 942 318 41 120 None 863 362 77 124 None 910 452 71 142 None 694 222 63 109 spiking 711 303 40 102 None 815 234 49 84 None 572 399 48 127 None 597 330 37 133 None 605 242 29 118 blocking 319 409 51 115 None 191 352 67 99 None 293 281 44 79 digging
21920.jpg r-pass 249 321 44 120 None 287 377 45 132 None 371 297 51 98 None 459 336 43 116 None 510 266 56 122 None 526 335 39 134 None 596 278 39 117 None 647 328 60 133 None 849 413 77 137 None 975 265 67 105 None 1011 338 69 99 digging 990 372 69 94 None
22835.jpg r_spike 96 378 53 120 None 165 422 54 125 digging 215 305 66 85 digging 318 301 76 85 None 600 318 39 171 blocking 591 360 33 160 blocking 747 288 44 103 None 803 307 44 100 None 787 341 37 120 None 733 346 79 147 spiking 908 383 48 121 None 1001 360 48 91 None
23510.jpg l_set 1037 314 47 104 None 956 409 48 103 None 890 295 38 87 None 665 383 41 125 None 681 326 31 107 None 674 280 32 104 None 559 286 36 128 setting 449 365 87 122 None 374 302 57 92 None 398 240 50 86 None 254 343 51 105 None 123 387 90 121 None
13545.jpg l_set 1006 405 57 126 None 1107 310 47 102 None 935 290 40 96 None 694 393 51 131 None 698 319 39 114 None 697 272 38 96 None 654 273 34 136 setting 514 346 71 132 None 456 236 45 84 None 407 401 54 122 None 315 291 65 111 None 106 341 44 105 None
15050.jpg l-pass 969 334 47 114 None 790 277 66 95 None 664 403 68 132 None 746 386 102 93 None 670 259 41 113 None 688 232 51 94 None 582 335 79 158 blocking 546 276 46 105 None 547 263 84 89 None 357 301 75 85 None 232 319 76 82 digging 174 435 68 104 digging
15015.jpg r_set 201 338 86 91 None 333 297 51 75 None 369 369 61 114 None 612 252 28 127 blocking 592 292 42 113 None 589 361 50 129 None 656 252 45 135 setting 690 251 50 125 None 844 235 69 87 None 960 288 44 105 None 885 359 53 123 None 952 446 97 137 None
12250.jpg l_set 471 275 44 115 setting 487 221 54 89 None 374 463 94 131 None 836 271 61 106 None 684 255 46 115 None 1026 294 46 103 None 952 393 65 127 None 231 330 86 117 None 671 389 68 140 digging 368 269 51 100 None 402 278 61 110 None 719 255 51 103 None
12280.jpg l-spike 542 195 60 112 spiking 635 193 35 155 blocking 635 190 42 127 blocking 751 395 101 116 None 810 268 54 107 None 364 328 58 118 None 469 315 56 116 None 440 280 44 91 None 516 386 51 136 None 469 305 63 97 None 1068 265 68 109 None 992 404 97 127 None
13610.jpg r-pass 233 390 60 110 None 243 302 39 118 None 217 285 44 100 None 507 261 32 122 None 496 344 38 119 None 479 379 55 130 None 655 244 47 92 None 722 270 53 94 None 690 280 42 114 None 804 393 64 135 None 893 361 75 131 None 973 282 51 159 setting
23535.jpg l-spike 872 275 45 82 None 975 338 56 98 None 952 412 51 100 None 674 393 43 117 None 636 308 41 104 None 628 221 30 125 blocking 505 215 69 105 spiking 461 336 58 100 None 446 289 38 91 None 399 319 44 119 None 546 399 45 130 None 298 355 45 113 None
18350.jpg r-pass 1125 293 38 106 None 941 412 55 127 None 983 351 53 117 None 979 281 37 101 digging 791 342 56 129 None 620 336 41 116 None 501 380 39 109 None 547 342 30 130 None 549 314 53 123 None 294 375 56 120 None 314 299 47 74 None 15 319 43 118 None
12095.jpg l_set 251 312 59 121 None 338 359 61 111 None 376 420 72 131 None 487 352 86 135 None 377 221 67 91 None 612 279 40 144 setting 661 263 40 101 None 661 317 44 132 None 660 396 59 134 None 899 281 43 97 None 1060 323 56 112 None 1014 392 56 143 None
18430.jpg r-pass 1011 321 61 100 digging 960 345 56 127 None 813 393 66 139 None 828 333 47 116 None 708 281 38 109 None 702 220 48 83 None 619 382 33 118 None 490 309 60 117 None 465 271 53 108 None 272 390 64 124 None 222 351 44 113 None 254 309 41 104 None
22465.jpg l_set 213 411 61 125 None 241 332 50 102 None 375 303 60 93 None 313 232 72 98 None 505 378 53 136 None 564 329 44 125 setting 655 384 42 132 blocking 661 342 39 116 None 656 279 42 110 None 835 297 53 89 None 968 437 68 107 None 1032 331 59 106 None
22640.jpg r_spike 843 405 64 202 setting 710 435 83 117 None 974 313 44 115 None 934 226 42 105 None 735 254 61 114 None 654 563 92 77 None 518 371 45 121 None 520 317 64 126 None 478 263 51 102 None 348 286 53 88 None 246 360 62 120 None 162 316 50 110 None
13565.jpg l-spike 1025 343 46 107 digging 907 268 49 92 None 930 412 55 125 digging 630 401 111 116 None 623 261 32 134 blocking 621 220 36 142 blocking 502 201 73 84 spiking 546 339 60 100 None 552 402 38 142 None 483 371 60 106 digging 399 292 58 104 None 161 323 64 98 None
22475.jpg l-spike 977 447 64 105 None 991 335 79 98 None 811 305 78 80 None 659 328 29 179 blocking 664 352 37 115 None 658 273 40 115 None 545 336 47 153 spiking 448 306 48 95 None 393 232 60 99 None 350 331 39 111 None 308 404 38 129 None 544 377 60 88 None
12190.jpg r_set 191 346 73 104 None 288 285 52 77 None 307 412 61 111 None 587 254 45 131 blocking 587 338 39 128 None 530 380 80 137 None 702 253 51 128 setting 734 279 76 103 None 857 228 65 84 None 950 320 42 119 None 910 363 73 134 None 931 463 97 125 None
22720.jpg l_set 992 337 64 90 None 945 417 52 114 None 832 314 39 93 None 660 384 40 117 None 687 323 41 107 None 662 280 40 120 None 565 318 45 126 setting 504 363 64 120 None 415 289 43 94 None 332 235 74 95 None 328 381 51 121 None 232 335 57 108 None
12115.jpg l-spike 956 435 85 128 digging 1027 361 53 106 digging 883 289 54 98 None 650 280 70 83 None 645 336 34 182 blocking 643 293 32 168 blocking 505 332 50 137 spiking 563 332 49 99 None 555 384 44 135 None 410 373 72 108 None 372 311 52 129 None 499 239 45 99 None
13650.jpg r_set 615 297 45 135 setting 666 303 62 104 None 548 385 48 129 None 547 326 36 71 None 555 289 33 57 None 259 426 61 111 None 144 353 56 106 None 257 311 48 72 None 809 247 66 78 None 991 339 70 116 None 847 388 66 128 None 921 479 99 132 None
13510.jpg l-pass 216 406 57 125 None 194 365 42 97 digging 218 296 79 105 None 359 242 40 100 None 509 270 45 96 None 578 339 52 107 None 676 278 28 96 None 669 340 40 124 None 684 368 59 125 None 898 300 40 108 None 1065 333 57 117 None 1106 278 43 97 None
23545.jpg r-pass 318 358 47 104 None 383 318 40 120 None 434 288 43 89 None 451 340 53 107 None 534 275 60 96 None 564 378 51 127 None 609 241 24 130 blocking 628 304 41 104 None 677 404 85 100 None 925 412 78 85 digging 981 363 51 99 digging 895 283 65 70 None
22535.jpg l_set 955 409 54 102 None 990 322 56 102 None 828 299 50 88 None 659 278 40 115 None 656 333 42 108 None 651 389 44 129 None 578 302 41 111 setting 468 294 42 96 None 369 235 68 92 None 276 322 64 101 None 320 375 62 120 None 396 409 76 119 None
21890.jpg l-spike 1069 336 56 93 None 1069 411 56 97 None 995 267 41 97 None 743 378 57 127 None 675 284 45 110 None 651 326 39 120 None 553 298 50 90 None 525 363 83 127 None 466 307 46 95 None 439 238 52 109 None 288 272 85 127 spiking 330 374 70 123 None
14975.jpg r-pass 278 266 51 98 None 396 272 41 101 None 553 252 36 110 None 547 306 39 116 None 540 323 50 122 None 523 362 53 126 None 655 278 49 100 None 758 311 65 120 None 814 246 52 96 None 972 272 52 114 digging 835 367 67 119 None 1010 356 59 130 None
12060.jpg l-pass 245 300 63 92 digging 249 342 50 110 None 273 404 55 140 None 399 220 45 100 None 470 277 74 112 None 627 343 48 111 None 710 271 26 108 None 701 336 42 128 None 721 365 58 132 None 920 286 40 114 None 1075 323 63 108 None 1118 288 43 113 None
12215.jpg l-pass 951 317 46 115 None 830 362 68 123 None 815 431 90 143 None 741 294 40 120 None 748 235 42 106 None 657 252 47 103 None 586 298 67 119 None 567 410 80 109 None 597 251 51 115 None 318 383 63 112 None 245 368 53 103 None 311 271 51 90 None
14955.jpg l-spike 240 270 54 94 None 367 222 76 115 spiking 512 232 43 106 None 602 325 45 68 None 455 341 96 114 None 451 355 48 126 None 733 366 80 109 None 722 307 46 116 None 801 274 65 102 None 713 258 64 100 None 1008 287 42 109 None 1040 377 50 122 None
22575.jpg r-pass 997 437 67 116 None 955 299 53 97 None 860 290 53 81 None 728 280 36 115 None 693 412 66 76 None 640 432 71 131 setting 531 253 40 119 None 572 322 33 110 None 546 400 53 107 digging 556 458 54 125 digging 417 388 42 120 None 354 342 67 125 None
13660.jpg r_spike 165 363 53 105 None 279 420 64 116 None 273 304 81 77 None 582 253 32 142 blocking 559 252 53 150 blocking 555 414 60 125 None 662 256 52 124 spiking 627 358 46 117 None 791 248 43 87 None 835 374 49 125 None 929 343 94 117 None 874 465 64 150 None
22495.jpg l-pass 952 417 42 119 None 960 313 69 96 None 810 311 95 79 None 688 261 48 105 None 662 336 49 104 None 661 382 44 136 None 571 403 61 138 None 528 360 48 101 None 503 314 45 90 None 505 257 68 98 None 407 337 75 110 None 392 349 34 166 setting
22795.jpg r_set 1085 341 67 106 None 967 388 63 57 None 849 255 43 88 digging 682 289 50 89 None 689 246 32 103 None 890 438 78 141 None 538 348 41 127 None 505 400 43 121 None 458 267 51 108 None 308 282 43 89 None 231 369 42 120 None 232 313 49 110 None
22555.jpg l-spike 998 437 54 108 None 949 316 66 97 None 792 295 71 79 None 673 291 39 102 None 646 351 59 110 None 638 339 37 190 blocking 580 316 47 101 None 500 355 71 181 spiking 489 343 45 91 None 479 235 44 99 None 383 316 57 114 None 398 384 55 115 digging
22750.jpg l-spike 990 408 65 97 None 1009 351 70 105 None 927 273 46 88 None 727 407 66 128 None 642 285 33 91 None 623 201 40 129 blocking 510 190 55 117 spiking 476 286 36 102 None 439 311 52 117 None 560 408 47 136 None 480 402 48 119 None 379 359 41 122 None
22605.jpg r-pass 862 458 56 137 digging 783 487 65 96 None 725 496 43 65 None 983 304 50 94 None 960 248 50 97 None 784 257 46 107 None 569 282 37 106 None 553 351 46 114 None 574 387 49 143 None 488 354 43 114 None 314 378 56 120 None 261 330 61 125 None
18500.jpg l_set 197 339 104 115 None 298 399 65 125 None 398 300 49 98 None 367 247 77 91 None 471 354 43 120 None 555 324 38 146 setting 668 283 36 98 None 664 321 37 126 None 655 387 60 126 None 850 319 42 93 None 1065 329 46 105 None 937 438 65 99 None
18385.jpg r-pass 975 350 44 127 None 1020 326 36 109 None 951 291 41 102 None 957 465 75 137 None 717 280 51 97 None 634 216 28 114 digging 571 270 38 100 None 563 325 45 121 None 508 393 56 114 None 304 374 62 128 None 264 287 49 81 None 175 322 42 112 None
23475.jpg l-pass 947 380 49 115 None 937 264 43 93 None 686 317 45 102 None 666 289 35 125 None 654 338 42 134 blocking 607 344 37 107 None 415 326 49 98 None 299 255 43 111 None 228 322 53 102 None 186 368 46 128 digging 92 349 42 123 None
18465.jpg l-pass 195 330 52 128 None 333 391 65 121 None 388 327 47 100 None 420 252 34 102 None 514 330 56 107 digging 667 376 38 111 None 724 364 51 122 None 720 318 35 106 None 729 255 38 112 None 939 398 43 112 None 1054 335 39 113 None 957 307 48 93 None
21850.jpg l_set 169 313 59 112 None 286 348 71 100 None 354 276 55 100 None 397 339 47 139 None 400 219 57 106 digging 575 289 42 98 None 676 268 46 110 None 684 299 50 114 None 661 346 45 138 None 943 268 44 110 None 1018 388 60 114 None 1120 297 57 119 None
15040.jpg r_spike 208 327 70 95 None 248 416 55 115 None 346 296 65 87 None 604 337 45 165 blocking 581 279 61 103 None 599 258 47 105 None 656 258 46 110 None 698 239 54 92 None 743 281 45 102 None 726 386 112 132 spiking 790 413 50 72 None 944 341 57 106 None
22850.jpg l-pass 92 411 84 97 digging 221 303 63 87 None 336 290 92 100 None 194 423 47 126 None 616 346 50 139 None 602 376 64 129 None 695 372 53 132 None 744 302 54 120 None 844 319 53 104 None 810 362 48 119 None 817 381 72 134 None 1027 357 47 115 None
14900.jpg l-pass 1082 309 71 118 None 1082 271 49 98 None 874 293 40 106 None 664 318 30 119 None 672 279 32 107 None 570 329 52 102 None 482 262 60 91 None 377 231 36 90 None 248 313 48 68 None 227 336 39 92 None 254 380 45 129 None 682 352 43 133 None
12295.jpg l-pass 1049 277 42 92 None 952 391 63 134 None 817 392 79 121 None 767 280 38 107 None 622 238 38 133 blocking 567 280 40 92 None 545 379 53 118 None 506 333 57 98 None 452 324 62 76 digging 387 311 103 52 None 342 337 55 107 None
21950.jpg r_set 256 401 56 130 digging 203 322 53 116 None 358 313 51 96 None 578 273 45 119 None 571 342 43 128 None 534 384 37 127 None 641 270 49 139 setting 768 280 76 118 None 990 251 67 91 None 977 337 46 90 None 1036 340 90 111 None 934 486 117 139 None
22430.jpg l-pass 53 348 39 119 None 251 254 47 107 None 222 337 42 92 None 191 396 60 123 digging 380 330 62 97 None 581 350 38 108 None 640 334 40 149 blocking 681 324 55 113 None 660 293 29 119 None 817 289 54 99 None 928 385 45 117 None 1251 275 26 100 None
21980.jpg r_spike 227 430 69 121 digging 209 357 57 113 digging 407 311 81 77 digging 590 262 35 98 None 680 349 44 183 blocking 665 377 40 172 blocking 730 241 44 105 None 781 322 60 112 None 875 286 73 106 None 879 373 59 127 None 761 355 102 194 spiking 1017 353 51 106 None
23590.jpg r_set 1004 311 45 95 None 963 239 44 94 None 934 360 41 109 None 759 258 55 91 None 733 357 50 138 setting 709 363 60 119 None 561 352 33 135 None 512 392 35 116 None 557 280 34 102 None 320 280 33 85 None 239 374 52 118 None 207 327 55 111 None
22875.jpg l_set 1014 383 50 119 None 892 303 40 104 None 858 388 54 127 None 822 333 50 110 None 745 314 43 124 None 694 343 43 119 None 623 398 69 115 spiking 535 342 51 99 None 356 312 47 89 None 383 258 53 106 None 208 425 63 113 None 69 378 79 72 None
39975.jpg r_winpoint 509 413 57 144 None 316 431 38 126 None 231 366 41 132 None 287 305 46 112 None 470 272 40 122 None 559 319 40 127 None 997 342 47 129 None 804 306 97 120 None 779 332 35 112 None 837 353 45 127 None 830 346 36 115 None 811 357 34 144 None
46605.jpg r_winpoint 415 201 61 100 None 330 239 45 95 None 222 295 45 115 None 255 337 48 132 None 500 401 64 130 None 537 372 52 136 None 692 314 38 128 None 730 375 55 130 None 791 335 41 116 None 809 368 58 127 None 855 354 53 131 None 970 375 42 133 None
48615.jpg l_winpoint 1026 298 55 123 None 905 301 41 114 None 778 292 60 112 None 714 373 41 140 None 1031 413 43 117 None 716 432 47 129 None 350 335 47 127 None 511 310 52 111 None 417 334 35 98 None 390 393 43 117 None 485 362 67 107 None 388 380 77 146 None
43710.jpg l_winpoint 1060 303 41 130 None 935 293 38 111 None 855 343 61 119 None 767 323 44 121 None 793 280 31 110 None 1237 377 42 137 None 479 335 71 105 None 441 288 72 112 None 390 334 84 128 None 386 287 62 118 None 302 300 50 111 None 372 308 37 103 None
39210.jpg l_winpoint 301 279 53 122 None 342 311 56 109 None 391 281 40 123 None 403 257 70 104 None 472 237 45 109 None 472 315 41 122 None 687 208 34 109 None 704 240 48 122 None 757 243 43 118 None 823 301 41 114 None 880 287 55 114 None 790 396 49 149 None
30420.jpg l_winpoint 901 356 52 139 None 904 335 50 109 None 900 244 60 108 None 786 265 53 118 None 634 263 44 104 None 593 295 42 116 None 395 342 64 114 None 425 289 55 135 None 324 359 37 109 None 353 317 26 96 None 321 315 43 119 None
49140.jpg r_winpoint 950 365 44 115 None 805 444 46 138 None 799 413 48 96 None 731 335 43 132 None 806 307 37 114 None 817 337 49 111 None 585 378 44 132 None 535 387 38 134 None 478 272 55 118 None 307 270 32 88 None 257 368 86 118 None 171 327 77 128 None
44970.jpg l_winpoint 993 305 63 131 None 875 296 48 111 None 836 375 43 122 None 744 452 41 147 None 741 346 39 126 None 686 304 62 103 None 471 377 84 116 None 511 344 47 106 None 488 302 31 89 None 426 321 35 104 None 374 341 43 115 None 391 364 59 127 None
