54925.jpg r_spike 1065 382 85 145 None 1121 344 71 131 None 858 433 114 114 None 768 393 117 200 spiking 691 396 57 139 None 668 314 65 141 None 520 372 60 200 blocking 531 371 46 181 blocking 334 344 49 125 digging 117 376 59 95 digging 6 455 64 153 None 1 401 32 107 None
84675.jpg l-pass 972 411 56 126 None 878 476 46 121 None 818 380 59 113 None 592 452 61 141 None 619 441 60 130 None 625 404 31 119 None 168 457 81 109 digging 254 442 71 136 None 415 479 93 143 None 398 426 54 116 None 430 394 49 119 None 400 351 64 110 None
83060.jpg l-spike 1161 392 61 139 None 1076 471 55 112 digging 1057 362 55 112 digging 865 419 68 136 digging 636 290 53 165 blocking 640 283 39 159 blocking 504 396 70 123 None 505 294 58 137 spiking 403 371 40 114 None 264 397 55 122 digging 20 432 83 136 None 426 463 88 139 None
40895.jpg l-spike 1115 380 67 139 None 971 441 64 130 None 895 340 52 126 None 655 370 50 129 None 580 265 57 172 blocking 579 265 52 157 blocking 476 355 79 131 None 441 279 57 135 spiking 373 363 54 113 None 410 425 55 149 None 292 389 65 146 None
58830.jpg r_spike 961 378 52 124 None 854 493 92 158 None 866 446 69 128 digging 756 361 94 120 None 715 371 58 135 None 632 359 86 169 spiking 511 436 54 143 None 546 383 43 163 blocking 515 374 50 109 None 239 398 65 96 None 195 480 54 124 None 109 428 60 114 None
49185.jpg r-pass 821 392 75 129 digging 679 382 73 113 None 498 457 59 160 None 518 485 90 83 None 560 452 57 91 None 563 431 55 92 None 362 448 56 152 None 350 425 42 126 None 370 366 40 129 None 240 388 54 106 None 131 442 52 154 None 46 407 65 128 None
58930.jpg r-pass 993 371 75 108 digging 842 348 86 103 digging 847 443 54 123 None 708 365 86 96 digging 636 351 55 136 None 559 334 55 212 blocking 484 351 68 130 None 467 312 54 105 None 405 369 63 103 None 406 423 102 161 None 304 403 54 117 None 269 440 51 131 None
54890.jpg r_set 1026 362 90 151 None 909 298 58 170 setting 809 426 53 151 None 614 288 58 118 None 538 344 62 149 None 297 430 46 151 None 312 383 55 147 None 298 340 72 130 None 787 478 74 186 None
54740.jpg l-pass 54 397 46 130 None 170 438 43 119 None 205 370 44 117 None 455 344 63 100 None 583 411 48 127 None 676 390 44 139 None 873 361 61 102 None 917 419 48 116 None 735 339 41 137 None 690 343 50 144 None 273 353 52 106 digging 1211 407 61 136 None
40680.jpg l_set 104 559 146 69 None 297 509 86 175 None 359 381 67 112 None 402 311 60 99 None 510 415 67 143 None 537 359 58 158 setting 774 413 50 165 None 770 374 54 137 None 798 342 41 122 None 1072 363 58 129 None 1140 454 77 150 None
49245.jpg l-pass 882 447 58 141 None 847 378 51 136 None 652 431 43 169 None 649 407 57 145 None 649 380 45 151 None 549 453 69 161 None 446 344 52 128 None 427 441 71 88 None 321 443 55 153 None 216 452 85 167 None 1122 405 61 153 None 433 435 86 111 digging
82615.jpg r-pass 994 357 38 103 None 983 465 51 148 None 952 397 38 127 None 784 409 60 75 digging 748 418 57 125 None 561 372 37 110 None 434 401 58 141 None 473 382 51 134 None 490 366 38 123 None 264 391 38 102 None 123 397 54 117 None 18 427 55 134 None
82835.jpg l-pass 1073 409 54 148 None 975 481 71 124 None 935 368 54 124 None 681 435 62 148 None 665 393 54 120 None 546 450 73 135 digging 354 430 56 180 None 174 396 82 150 None 436 368 58 122 None 515 384 54 126 None 419 320 56 124 None 677 375 46 125 None
55020.jpg r-pass 788 320 75 115 digging 943 362 61 117 digging 811 425 103 123 None 569 399 92 129 None 423 251 62 190 blocking 292 364 42 87 None 340 316 47 82 None 356 373 53 137 None 311 372 75 118 None 123 377 51 128 None 171 429 77 142 None
49270.jpg l_set 510 387 62 203 setting 637 454 37 150 None 632 392 54 161 None 635 350 60 150 None 150 439 92 188 None 302 342 86 107 None 331 388 47 133 None 413 376 62 156 None 377 469 96 150 None 1119 407 75 150 digging 868 383 69 116 None 923 469 69 146 None
40770.jpg r_set 297 421 49 169 None 315 389 49 155 None 307 338 40 154 None 452 371 44 152 None 516 330 49 142 None 791 473 85 197 None 873 423 60 149 None 865 294 51 142 None 935 279 79 174 setting
84520.jpg r-pass 97 442 52 113 None 169 479 51 123 None 239 428 30 113 None 460 451 43 148 None 463 433 35 123 None 468 401 41 108 None 537 416 43 106 None 699 434 54 123 None 906 390 54 92 None 925 539 103 120 None 855 466 54 103 digging 658 506 66 43 None
58835.jpg r_spike 925 370 77 128 None 840 475 84 167 None 867 437 69 135 None 748 378 52 122 None 743 365 50 103 None 651 361 52 154 None 532 378 50 169 blocking 581 345 37 167 blocking 534 364 48 120 None 223 467 60 126 None 260 393 56 80 None 127 427 62 107 None
54945.jpg l-pass 1199 344 77 146 None 989 432 55 138 None 846 444 85 166 None 830 386 58 144 None 834 315 66 139 None 732 422 49 158 None 713 421 56 143 None 481 359 65 126 None 296 362 82 101 None 211 431 56 152 None 200 415 104 101 None
49135.jpg l_set 1142 435 67 133 None 1022 497 67 133 digging 927 395 60 116 None 695 459 41 154 None 700 420 45 111 None 702 370 50 109 None 525 412 43 156 setting 436 454 86 131 None 393 401 52 107 None 375 354 73 96 None 264 413 56 128 None 122 455 101 143 None
82950.jpg r_spike 2 434 48 110 None 77 469 102 145 None 149 389 71 87 None 266 374 85 117 digging 489 356 57 223 blocking 615 432 68 115 None 619 366 57 108 None 767 412 50 134 None 802 382 50 122 None 681 405 80 159 spiking 1074 434 78 108 None
40705.jpg l-spike 1146 382 83 133 digging 984 455 114 119 digging 967 327 72 120 None 720 413 79 154 None 636 313 35 134 None 645 274 38 148 blocking 527 366 65 142 None 433 357 79 102 None 448 239 88 106 spiking 384 445 63 168 None 213 368 86 131 None 47 492 68 127 None
84550.jpg r_set 923 472 65 150 None 873 460 41 144 None 823 381 44 108 None 723 436 58 86 None 666 390 57 156 setting 605 400 54 116 None 454 424 51 128 None 367 461 65 141 None 391 378 54 102 None 311 459 69 117 None 211 420 48 106 None 120 440 52 125 None
49095.jpg l-pass 1116 385 84 129 None 1083 417 52 139 None 939 450 50 126 None 778 407 60 141 None 731 423 41 144 None 702 380 52 171 blocking 614 452 48 133 None 446 417 64 126 None 293 364 41 116 None 208 471 50 124 digging 234 433 47 107 None 81 427 56 137 None
55180.jpg l-spike 1244 419 35 124 None 978 455 92 139 None 954 358 88 122 None 680 346 71 133 None 656 422 41 161 None 654 342 37 220 blocking 552 376 54 167 None 491 382 43 114 None 410 422 88 143 None 332 396 107 180 spiking 332 375 65 163 None 520 307 52 118 None
58920.jpg l-spike 1067 385 68 140 None 891 354 56 113 None 700 352 54 123 None 959 476 119 126 None 612 387 85 115 None 604 388 49 181 blocking 525 357 62 130 None 407 391 92 177 spiking 480 320 49 115 None 313 433 58 149 None 330 387 62 145 None 436 381 62 98 None
58035.jpg l-pass 1163 372 45 159 None 935 479 118 161 None 946 428 75 134 None 796 399 46 171 None 825 374 47 137 None 853 330 34 143 None 660 397 74 167 None 502 353 67 115 None 368 437 75 147 None 300 423 87 50 None 139 415 74 132 None
84615.jpg l_set 934 490 72 128 digging 921 395 43 108 None 634 470 65 137 None 616 433 40 108 None 625 397 57 116 None 545 383 43 164 setting 492 373 57 144 None 400 352 51 113 None 306 399 40 116 None 266 506 92 162 None 164 433 79 128 None
55095.jpg r-pass 1055 346 52 159 None 951 393 72 144 digging 983 322 57 142 None 713 389 114 178 None 686 439 130 65 None 685 296 74 150 None 532 371 46 151 None 427 417 88 168 None 430 317 43 134 None 209 406 80 161 None 136 352 75 154 None 179 349 51 108 None
54825.jpg l-spike 1014 378 73 128 None 895 450 80 120 None 902 330 50 107 None 775 419 73 135 None 535 257 50 173 blocking 429 356 69 124 None 402 254 45 143 spiking 323 431 69 129 None 187 432 79 152 None 251 405 56 114 None 273 368 52 103 None
54835.jpg r-pass 948 371 50 128 digging 810 444 97 114 digging 836 331 48 105 None 675 418 101 133 digging 443 254 77 184 blocking 340 359 90 118 None 327 317 64 116 None 264 416 79 124 None 104 423 62 139 None 151 399 52 105 None 177 358 50 111 None
58895.jpg l_set 191 416 77 134 None 314 484 106 159 None 410 381 50 102 None 437 349 51 88 None 544 391 64 114 None 695 437 51 149 None 699 406 50 130 None 693 351 43 128 None 922 369 42 117 None 1003 468 65 137 None 465 375 53 158 setting 1149 412 65 136 None
58115.jpg l-pass 120 417 68 120 digging 197 388 46 110 None 275 431 77 119 None 342 395 99 112 None 285 381 42 103 None 312 344 60 114 None 477 348 42 128 None 672 435 78 127 None 469 301 30 155 blocking 863 444 84 135 None 880 359 50 103 None 989 395 51 133 digging
58975.jpg l-pass 1036 378 85 106 None 862 438 55 137 None 848 358 57 116 None 752 340 68 120 None 618 419 43 160 None 641 398 47 156 None 421 473 75 121 None 446 440 81 134 digging 440 393 84 123 None 454 339 68 117 None 352 387 39 106 None 218 379 44 156 None
49335.jpg r-pass 888 327 82 123 None 483 337 62 129 None 444 317 66 123 None 723 453 97 173 None 752 394 75 136 None 788 308 48 116 digging 233 342 44 110 None 325 414 88 142 None 361 384 55 129 None 365 320 48 130 None 149 373 50 137 None 67 393 71 157 None
57975.jpg l-spike 956 364 64 146 None 838 449 55 157 None 801 379 70 141 None 763 494 119 173 None 600 439 80 157 None 536 405 70 125 digging 449 442 75 163 None 472 337 71 167 spiking 244 397 55 109 None 112 466 60 160 None 465 354 60 155 None
84580.jpg l-pass 1166 442 58 140 None 993 397 40 112 None 951 474 37 128 None 845 477 64 145 None 735 425 42 134 None 752 407 37 110 None 641 455 57 134 None 431 482 89 128 digging 498 405 58 120 None 469 360 40 109 None 357 420 40 112 None 262 458 49 133 None
49380.jpg r_set 1011 358 71 139 None 945 316 60 123 None 888 502 105 192 None 725 408 74 112 digging 806 307 64 112 None 627 378 61 154 None 438 439 78 139 None 477 382 55 145 None 481 343 54 137 None 227 356 55 109 None 101 442 63 157 None 2 385 70 145 None
40835.jpg l-pass 1143 359 73 133 None 1228 389 49 165 None 1033 432 60 139 None 973 376 63 139 None 867 384 45 144 None 835 396 55 160 None 161 405 59 162 None 328 314 64 149 setting 510 437 85 159 None 479 335 89 129 None 776 415 47 166 None 758 372 68 175 None
42305.jpg r_set 957 385 120 143 None 885 325 92 118 None 845 431 54 152 None 755 481 124 175 None 601 368 50 124 None 539 319 50 180 setting 418 447 65 163 None 453 415 47 146 None 464 360 50 126 None 152 458 65 139 None 102 358 75 124 None
40815.jpg r_spike 1122 356 65 145 None 982 342 68 123 None 914 405 46 147 None 788 352 51 137 None 751 331 77 192 spiking 730 377 51 130 None 619 318 63 212 blocking 624 315 57 203 blocking 333 352 77 100 None 277 450 92 144 None 195 373 55 89 digging 0 383 72 153 digging
82870.jpg l-spike 1046 397 55 132 None 919 366 56 110 None 946 489 77 102 digging 781 441 69 152 None 565 325 46 162 blocking 481 409 48 142 None 411 427 68 172 None 404 379 66 142 None 290 386 66 111 None 186 411 69 137 None 400 288 89 146 spiking
82765.jpg r_spike 1118 461 60 147 None 840 403 51 147 None 728 381 69 125 None 685 448 64 170 None 674 393 62 144 None 831 280 72 161 setting 602 322 42 176 blocking 409 417 60 158 None 197 373 72 105 None 136 458 70 149 None 57 428 68 139 None
58185.jpg l-spike 1082 394 64 137 None 966 466 94 129 None 981 336 50 118 None 660 436 82 150 None 612 338 45 141 None 617 307 41 150 blocking 487 373 79 131 None 418 369 80 103 None 412 270 62 124 spiking 290 402 73 144 None 344 465 80 178 None 141 399 92 139 None
40645.jpg l-pass 1193 401 71 129 None 1215 346 63 127 None 1019 424 44 133 None 802 398 67 131 None 746 387 51 138 blocking 787 375 33 130 None 645 433 57 127 None 436 461 78 138 None 370 482 50 152 None 238 497 65 94 digging 292 408 60 96 None 360 345 50 120 None
40720.jpg r-pass 999 372 48 134 digging 812 441 102 121 digging 782 344 55 104 None 661 417 98 126 None 479 283 64 158 blocking 372 360 80 121 None 371 329 64 107 None 304 430 53 133 None 309 354 41 96 None 39 369 49 140 None 1 427 57 151 None
82890.jpg r-pass 937 380 46 130 None 887 468 58 105 None 869 359 40 111 None 719 402 82 168 setting 477 357 60 122 None 472 350 37 120 None 374 443 58 151 None 334 413 58 130 None 327 391 69 123 None 345 358 51 122 None 243 382 41 119 None 117 424 55 119 None
82790.jpg l-pass 1182 470 87 134 None 1056 402 93 137 None 796 429 57 153 None 794 390 32 142 None 825 379 30 123 None 370 454 76 134 None 233 394 54 137 None 465 398 87 82 None 535 410 65 134 None 684 366 71 134 None 687 346 60 126 None 850 361 38 120 None
55950.jpg l-spike 369 279 82 141 spiking 511 263 57 192 blocking 801 349 61 113 None 986 392 69 123 None 841 447 82 117 None 632 430 52 147 None 439 369 34 144 None 386 440 60 158 None 358 383 51 85 None 237 398 66 131 None 155 431 65 151 None
55160.jpg l_set 995 403 63 131 None 961 335 94 114 None 704 390 48 168 None 714 305 49 145 None 708 358 55 147 None 560 342 51 192 setting 514 381 60 143 None 451 341 46 125 None 413 281 85 111 None 195 368 123 143 None 142 446 89 168 None
42175.jpg l-pass 950 380 65 113 None 901 459 54 123 None 926 401 48 151 None 723 444 60 152 None 731 400 101 121 None 716 363 68 123 None 664 441 33 142 None 630 402 70 111 None 540 407 94 110 None 407 456 50 150 None 353 388 97 117 None 174 417 90 99 digging
49300.jpg l-spike 1068 365 62 127 digging 895 453 96 130 None 893 334 53 121 digging 695 439 50 172 None 577 258 42 197 blocking 577 236 43 195 blocking 446 243 51 145 spiking 468 384 49 138 None 469 455 81 172 None 361 353 66 114 None 326 359 45 133 None 213 398 57 132 None
82965.jpg l-pass 1177 447 65 127 None 930 404 55 123 None 879 439 51 131 None 786 460 52 145 None 743 436 99 122 None 720 379 74 133 None 645 408 51 198 blocking 404 365 80 116 digging 339 456 51 137 None 244 396 97 89 digging 130 422 75 133 digging
55795.jpg r-pass 1047 349 60 131 None 1074 464 94 103 None 1038 448 60 154 None 823 387 49 145 None 730 331 58 135 None 652 373 45 121 None 554 357 43 170 blocking 526 363 33 141 None 483 397 39 141 None 356 380 47 105 None 199 360 47 139 None 0 435 35 145 None
55830.jpg r-pass 774 321 75 116 digging 1058 352 72 131 None 991 421 71 139 None 965 456 82 182 None 695 386 52 167 None 596 359 39 146 None 442 344 38 117 None 461 389 52 154 None 427 415 43 165 None 151 372 69 99 None 56 461 80 147 None 1 376 54 164 None
42265.jpg r-pass 950 383 54 126 None 854 456 60 110 digging 684 368 71 123 None 600 434 79 140 None 458 365 65 134 None 453 362 54 120 None 379 382 37 140 None 287 421 49 145 None 316 357 54 145 None 136 365 65 123 None 0 398 54 145 None
83015.jpg l_set 1123 494 62 124 digging 1122 364 58 116 None 797 440 64 148 None 790 389 52 139 None 829 371 33 114 None 601 393 43 150 None 528 318 56 111 None 375 355 65 105 None 290 407 50 150 setting 285 375 69 131 None 336 494 86 169 None
58100.jpg l-spike 1054 396 62 126 digging 920 467 80 126 None 922 351 50 107 None 747 434 71 141 None 560 271 54 193 blocking 446 382 60 126 None 392 288 45 126 spiking 364 389 56 82 None 378 430 50 131 None 254 371 69 120 None 217 417 67 120 None
54985.jpg l_set 987 424 65 130 digging 980 337 47 111 None 691 392 52 167 None 696 375 63 135 None 704 324 55 140 None 543 334 45 170 setting 512 408 55 145 None 401 350 42 120 None 390 312 79 94 None 227 362 71 142 None 115 433 91 167 None
42100.jpg r-pass 924 454 77 110 None 843 431 71 151 digging 839 372 49 123 None 662 471 69 159 None 615 414 71 130 None 472 413 40 110 None 367 431 57 151 None 383 413 37 137 None 374 386 41 123 None 130 445 49 134 None 8 424 55 147 None
42340.jpg l-pass 1015 435 55 144 None 1003 357 72 116 None 827 448 65 165 None 835 395 63 105 None 877 388 51 125 None 796 341 41 137 None 714 331 57 176 blocking 673 368 60 114 None 582 456 100 141 None 310 455 77 145 None 243 383 102 103 digging 164 399 57 119 None
58855.jpg l-pass 978 391 73 130 None 922 429 47 133 None 889 385 50 116 None 813 443 67 166 None 726 469 51 80 None 756 368 48 108 None 629 421 59 126 None 664 393 48 141 None 591 362 110 101 digging 435 374 62 93 None 339 437 108 124 None 259 415 76 100 None
58825.jpg r_set 971 378 75 120 None 884 444 56 133 None 839 499 116 156 None 799 365 62 120 None 650 400 80 165 None 690 342 33 150 setting 487 443 60 141 None 522 427 39 122 None 509 377 54 120 None 239 398 67 92 None 174 471 54 137 None 90 427 65 120 None
59015.jpg l_set 1122 370 52 154 None 1007 458 77 141 None 939 341 55 120 None 670 418 55 164 None 672 393 57 136 None 686 334 51 144 None 550 425 71 154 None 412 397 52 165 None 346 373 48 141 setting 313 324 66 94 None 203 376 51 156 None 166 499 92 164 None
42160.jpg r_spike 871 373 47 114 None 837 404 62 116 digging 795 466 67 111 None 652 407 122 175 spiking 622 392 45 133 None 618 374 41 111 None 540 379 50 205 blocking 564 403 28 160 None 479 405 94 105 None 330 466 88 133 None 274 390 90 118 digging 86 410 64 135 digging
82695.jpg r-pass 956 386 77 113 None 959 408 58 110 None 861 513 89 100 None 837 407 75 113 None 768 413 79 117 None 742 495 48 113 None 656 446 55 168 None 645 446 68 156 None 531 358 72 120 None 388 384 71 100 None 236 393 68 123 None 237 456 52 156 None
54790.jpg l_set 1090 467 107 139 None 1037 365 77 112 None 753 424 67 163 None 762 382 60 141 None 777 339 52 133 None 474 367 96 131 None 390 450 52 129 None 394 374 39 171 setting 319 353 54 144 None 352 318 56 107 None 121 474 103 178 None
42135.jpg r_set 893 457 121 157 None 908 402 88 136 None 806 322 50 136 None 702 497 100 179 None 534 381 94 135 None 457 321 41 192 setting 353 438 73 163 None 393 415 49 150 None 392 326 54 168 blocking 128 462 73 151 None 7 367 87 130 None
58160.jpg l_set 1148 396 65 148 None 1003 450 69 145 None 966 344 76 128 None 671 422 68 162 None 657 389 66 129 None 665 331 44 125 None 499 361 70 135 None 336 335 48 188 setting 351 363 38 109 None 183 473 84 173 None 161 388 84 164 None 315 314 70 98 None
40890.jpg l-spike 1192 398 62 150 None 1001 463 92 137 None 986 353 103 118 None 658 379 90 124 None 642 286 45 180 blocking 653 278 33 175 blocking 525 364 75 137 None 453 275 90 126 spiking 440 440 62 154 None 330 399 73 137 None 386 361 56 126 None
55125.jpg l-pass 1004 373 62 145 None 1026 300 54 143 None 811 390 57 89 None 763 358 60 168 None 751 282 47 147 None 658 389 46 152 None 472 420 82 147 digging 415 263 57 127 None 258 411 82 155 None 268 323 60 117 None 193 336 57 164 None
55010.jpg l-spike 1023 354 59 136 None 841 423 61 129 None 821 318 53 116 None 559 392 81 147 None 493 258 52 193 blocking 499 236 42 186 blocking 404 371 49 157 None 361 359 50 135 None 350 361 30 97 None 373 227 47 153 spiking 196 425 61 158 None 183 373 62 116 None
55885.jpg l-pass 1205 372 51 172 None 995 439 61 150 None 855 361 72 134 None 752 322 68 147 None 690 424 58 168 None 704 387 46 167 None 487 454 79 165 None 388 447 75 164 digging 378 392 91 134 None 312 373 69 119 None 351 313 54 128 None 78 391 48 175 None
49165.jpg r-pass 850 388 40 116 digging 681 390 96 89 None 674 477 91 106 digging 546 416 63 86 None 476 424 92 128 digging 450 444 66 139 None 398 455 37 144 None 343 415 69 82 None 250 443 99 111 None 344 348 43 116 None 196 403 74 111 None 185 446 66 134 None
40860.jpg l_set 1149 457 76 152 None 951 355 55 140 None 878 400 45 167 None 878 383 59 142 None 749 400 85 152 None 670 449 82 160 None 579 379 55 159 setting 498 327 57 116 None 269 399 96 135 None 229 405 75 59 None 1237 351 40 149 None
49150.jpg l-spike 1023 407 66 123 None 931 488 73 139 None 830 388 69 108 None 635 378 53 119 None 602 388 42 225 blocking 459 396 71 170 spiking 383 432 71 126 None 412 398 50 103 None 423 341 49 112 None 311 406 65 123 None 182 443 87 140 None
42200.jpg l-pass 1095 401 51 151 None 1073 366 79 139 None 1003 454 92 141 None 874 383 40 136 None 798 411 61 159 None 806 372 34 136 None 659 445 58 164 None 670 411 57 137 None 573 367 51 134 None 446 368 72 116 None 383 461 79 122 None 260 411 72 63 None
59050.jpg l-spike 405 381 108 199 spiking 412 436 79 130 None 511 385 66 147 None 441 327 51 102 None 356 377 55 119 None 261 435 68 123 None 601 338 58 218 blocking 760 342 85 123 None 953 455 88 137 digging 1053 385 74 130 None 933 341 68 116 None
58070.jpg l_set 1225 379 52 152 None 1029 446 73 137 None 948 347 56 139 None 806 430 80 161 None 754 373 47 152 None 765 335 43 141 None 531 446 90 158 None 594 381 73 156 None 409 364 41 148 setting 403 320 62 94 None 286 386 80 88 None 209 371 71 152 None
55920.jpg l_set 1135 396 65 142 digging 953 467 80 145 None 817 360 71 111 None 601 421 51 167 None 606 378 41 148 None 611 341 43 137 None 399 376 55 178 setting 441 383 68 123 None 314 373 41 122 None 304 312 75 99 None 158 495 113 178 None 90 419 89 150 None
42330.jpg r_spike 907 345 64 122 None 899 435 54 152 None 766 448 58 182 None 817 313 97 182 spiking 733 367 62 141 None 700 352 43 128 None 629 317 47 186 blocking 618 352 39 129 None 560 462 69 143 None 218 467 90 135 None 206 365 75 114 None 82 391 67 143 None
57985.jpg r_set 592 398 64 139 setting 636 442 82 154 None 955 375 67 144 None 864 441 37 156 None 829 412 50 107 None 782 481 65 173 None 508 401 73 143 None 495 365 47 133 None 509 444 54 163 None 303 399 45 103 None 203 464 48 154 None 42 422 71 137 None
82915.jpg r_set 886 389 92 122 None 826 402 67 152 setting 758 454 60 154 None 558 350 62 105 None 492 379 52 107 None 356 430 47 158 None 361 395 45 126 None 302 357 58 126 None 170 430 56 146 None 146 378 73 109 None 15 407 75 137 None 832 349 39 109 None
57940.jpg r-pass 868 407 62 97 digging 881 454 50 129 None 863 387 54 101 None 729 478 64 144 None 635 393 75 101 None 638 405 45 131 None 433 391 35 154 None 408 406 28 129 None 351 434 41 137 None 248 422 45 94 None 61 402 56 137 None
82680.jpg r_spike 744 391 41 120 None 746 432 122 167 None 824 389 67 122 None 886 382 39 105 None 936 371 54 118 None 918 469 54 131 digging 676 363 77 197 blocking 570 359 62 114 digging 346 400 101 84 digging 208 414 94 120 digging 248 472 56 137 digging
82730.jpg r-pass 928 478 63 101 digging 1014 345 53 119 None 646 447 54 159 None 739 489 67 144 None 771 400 49 127 None 723 424 69 143 None 538 411 47 152 None 531 433 60 150 None 513 350 50 143 None 281 387 50 105 None 166 455 60 152 None 76 413 62 128 None
58020.jpg r_spike 690 343 65 193 spiking 756 355 79 134 None 656 384 49 142 None 857 481 89 172 None 880 438 71 151 None 559 351 65 199 blocking 424 359 65 123 None 222 404 61 91 None 238 484 71 144 None 49 427 91 131 None 998 391 57 154 None
82650.jpg r_set 998 404 58 120 None 967 343 48 106 None 928 528 85 151 None 692 375 71 145 None 738 357 29 99 None 656 320 37 158 setting 544 447 60 133 None 562 393 41 137 None 584 353 24 96 None 238 456 75 137 None 276 392 51 86 None 148 409 57 123 None
42245.jpg l-spike 1106 392 57 137 None 1024 444 58 141 None 936 357 50 131 None 751 430 82 147 None 631 310 43 170 blocking 641 309 36 158 blocking 534 383 56 127 None 447 422 68 137 None 281 358 70 126 None 130 367 68 127 None 1 489 78 99 None 426 295 68 130 spiking
47985.jpg l_winpoint 1072 459 63 180 None 1112 372 52 171 None 945 327 48 161 None 793 405 80 174 None 746 364 56 163 None 729 330 55 149 None 499 398 56 155 None 456 375 57 150 None 460 334 73 151 None 381 340 81 148 None 359 377 68 150 None 320 423 62 147 None
41535.jpg l_winpoint 280 384 64 149 None 429 390 75 150 None 316 399 76 147 None 355 396 40 118 None 400 376 52 152 None 426 356 41 152 None 1068 365 62 153 None 854 334 67 145 None 723 404 57 173 None 657 384 72 153 None 700 352 42 140 None 952 476 105 82 None
43650.jpg l_winpoint 132 383 62 144 None 195 410 44 131 None 232 429 55 126 None 343 387 57 137 None 278 440 46 163 None 281 367 56 137 None 618 425 102 79 None 775 409 72 79 None 843 437 67 151 None 914 354 62 142 None 548 447 88 168 None 501 436 47 164 None
42375.jpg r_winpoint 505 461 69 177 None 448 423 60 154 None 714 380 77 144 None 645 326 46 125 None 294 431 118 61 None 234 363 50 151 None 880 360 47 150 None 941 457 94 156 None 938 420 100 156 None 1007 387 52 146 None 1172 404 67 164 None 1157 363 49 163 None
45300.jpg r_winpoint 1016 372 124 170 None 919 399 64 185 None 713 379 57 143 None 853 350 72 149 None 972 353 67 152 None 945 386 70 160 None 581 390 60 65 None 441 325 65 141 None 347 375 55 151 None 323 361 49 154 None 198 353 62 153 None 0 384 37 131 None
52365.jpg r_winpoint 1096 372 57 140 None 975 424 79 140 None 935 421 67 203 None 928 418 48 169 None 917 341 55 139 None 771 381 84 147 None 721 428 77 141 None 699 340 41 121 None 479 359 45 127 None 305 430 57 152 None 288 439 79 48 None
35280.jpg l_winpoint 1032 428 68 111 None 965 435 62 157 None 973 358 53 151 None 834 419 96 170 None 623 339 57 153 None 620 340 57 129 None 308 393 89 155 None 277 398 71 145 None 263 384 57 154 None 319 382 42 153 None 339 373 43 154 None
37215.jpg l_winpoint 1007 428 61 167 None 939 398 73 85 None 922 385 67 111 None 706 341 64 137 None 645 442 53 168 None 615 430 56 159 None 399 430 92 153 None 411 398 48 140 None 392 374 61 120 None 294 429 92 147 None 257 425 51 125 None 223 388 50 147 None
