23350.jpg r_set 871 542 101 123 None 887 471 42 119 None 965 459 84 104 None 816 370 92 92 None 727 357 50 158 setting 687 432 52 129 None 561 401 46 105 None 568 439 60 129 None 558 473 61 131 None 334 395 76 111 None 257 470 68 142 None 135 453 58 119 None
52525.jpg l-spike 989 493 104 124 None 1003 390 73 107 None 724 311 40 165 blocking 745 362 34 158 blocking 629 416 76 122 None 592 466 64 111 None 592 404 53 112 None 567 316 87 112 spiking 411 405 79 125 None 362 453 47 147 None
23490.jpg r_spike 984 443 68 122 None 882 421 66 120 None 761 491 58 132 None 706 367 53 115 None 698 440 50 176 spiking 652 454 72 132 None 26 454 82 91 None 188 489 111 125 None 330 416 65 92 None 429 398 60 108 digging 576 440 53 170 blocking 559 413 66 170 blocking
16030.jpg r_set 2 436 56 135 None 156 472 54 139 None 146 397 62 96 None 487 441 56 143 None 485 427 60 123 None 494 392 50 101 None 612 435 52 146 None 659 409 47 141 None 762 331 39 152 setting 776 530 90 133 None 879 437 64 121 None 939 339 62 99 None
15835.jpg r_set 579 448 57 139 None 263 477 72 122 None 248 371 49 111 None 65 437 69 114 None 585 391 49 114 None 566 444 61 119 None 727 377 44 136 None 796 372 44 172 setting 833 347 68 91 None 861 505 83 130 None 985 486 71 122 None 1000 415 91 116 None
25495.jpg l_set 1085 433 52 120 None 993 408 55 113 None 993 518 57 125 None 732 488 51 132 None 733 424 41 152 blocking 728 405 49 114 None 634 395 56 163 setting 579 373 57 173 spiking 468 366 86 95 None 434 534 113 133 None 185 471 65 122 None 411 451 70 103 None
25615.jpg r_spike 127 464 61 112 None 390 401 55 99 None 636 389 39 185 blocking 733 375 53 165 setting 710 417 74 132 None 768 398 84 120 None 840 463 47 134 None 992 416 52 130 None 404 489 64 122 None 641 389 37 167 blocking 639 414 38 144 blocking
15985.jpg r-pass 9 471 54 145 None 84 396 34 137 None 264 462 48 134 None 357 459 63 151 None 328 425 88 123 None 352 379 54 120 None 469 471 38 139 None 471 442 58 148 None 638 365 41 120 None 821 467 60 141 None 967 374 74 114 digging
16060.jpg r_spike 990 396 66 117 None 926 435 65 111 None 853 489 49 133 None 775 408 48 137 None 807 380 60 122 None 834 271 103 144 spiking 679 317 44 164 blocking 685 287 38 168 blocking 576 453 58 130 None 332 499 92 108 None 253 396 61 89 digging 109 453 57 123 None
15860.jpg r_spike 166 442 66 96 None 316 380 41 111 digging 322 473 75 125 None 675 332 41 154 blocking 684 455 38 134 None 640 445 49 133 None 778 504 58 141 None 767 422 48 125 None 822 349 46 123 None 857 329 86 161 spiking 886 463 55 133 None 986 461 80 114 digging
21995.jpg l-spike 961 525 64 120 None 980 438 88 108 None 881 393 84 108 None 659 390 52 112 None 616 407 37 182 blocking 510 370 59 107 None 497 461 69 118 None 422 359 59 95 None 329 412 41 115 None 352 424 44 176 spiking 372 458 66 136 None
51485.jpg r_spike 999 432 56 128 None 886 390 73 100 None 804 459 70 119 None 798 341 81 115 None 718 422 62 130 None 660 432 58 115 None 594 392 60 159 blocking 589 372 96 159 blocking 315 383 71 98 digging 427 382 77 96 None 260 458 58 132 None 34 408 64 113 digging
19825.jpg l-pass 297 480 52 153 None 378 459 73 132 None 414 417 66 116 digging 468 384 48 105 None 617 383 59 119 None 842 450 48 123 None 932 395 29 138 None 947 400 49 129 None 922 426 37 136 None 1157 465 63 143 None 1128 383 59 130 None
25765.jpg l-pass 1221 456 42 138 None 1208 404 33 124 None 1098 389 51 120 None 939 456 46 126 None 931 395 37 133 None 948 374 39 120 None 735 459 87 126 None 779 379 39 122 None 720 331 45 111 None 613 398 51 125 None 553 431 45 137 None 350 397 42 127 setting
30195.jpg l_set 229 426 96 109 None 349 461 96 140 None 436 427 48 156 setting 408 347 54 93 None 452 360 47 113 None 607 387 39 120 None 723 438 39 135 None 718 406 39 138 None 709 378 43 113 None 971 372 62 120 None 1026 454 60 163 None 1094 406 46 135 None
52450.jpg l-pass 187 444 61 94 None 383 494 69 122 digging 469 417 71 92 None 570 393 77 99 None 728 428 72 148 blocking 765 444 34 165 blocking 864 485 85 102 None 886 503 46 134 None 904 494 46 123 None 1102 483 58 116 None 1034 410 68 106 None 973 375 82 105 None
15785.jpg r-pass 1068 439 63 113 None 822 381 79 112 None 699 404 31 115 digging 615 358 73 116 None 585 344 38 122 digging 535 358 35 107 None 502 409 56 118 None 481 446 56 132 None 350 390 50 118 None 286 446 65 105 None 229 386 43 116 None 830 480 97 103 None
25675.jpg r_set 147 464 44 122 None 291 378 35 125 None 301 464 52 147 None 561 470 38 139 None 554 428 51 120 None 562 391 44 137 None 653 468 69 141 None 732 419 65 141 None 780 481 62 132 None 783 393 55 120 digging 850 374 57 96 None 977 414 60 137 None
19990.jpg r-pass 238 400 63 137 None 421 451 63 142 None 423 402 79 96 None 702 419 43 134 None 711 371 49 167 blocking 805 464 74 123 None 782 415 117 101 None 852 406 35 107 digging 1007 424 54 120 None 1031 306 63 120 None 1167 436 56 131 None
51480.jpg r_spike 797 459 72 114 None 709 392 68 165 spiking 652 418 57 117 None 796 342 63 106 None 884 384 71 103 None 1024 440 75 141 None 315 383 52 92 digging 435 385 83 85 None 190 459 110 128 None 42 411 71 113 None 598 408 46 158 blocking 598 367 58 172 blocking
19975.jpg r_spike 123 445 48 103 None 322 469 54 133 None 311 385 60 123 digging 616 354 68 159 blocking 628 343 39 160 blocking 694 421 102 103 None 753 381 44 107 None 760 458 58 142 None 883 393 60 138 spiking 956 300 39 95 None 1068 425 51 137 None
52440.jpg r_spike 1006 468 68 113 None 980 407 66 90 None 879 365 67 117 None 797 411 69 166 spiking 822 498 47 108 None 758 478 64 94 None 657 413 58 195 blocking 660 387 64 192 blocking 261 480 67 136 digging 367 409 57 97 None 467 403 91 92 None 89 420 66 118 digging
15640.jpg r-pass 834 483 48 116 digging 798 436 63 91 digging 821 395 43 103 None 645 384 57 130 None 569 351 54 117 None 499 395 57 127 None 319 435 65 139 None 360 423 46 142 None 355 397 27 130 None 62 478 40 144 None 98 391 54 122 None
25625.jpg r_spike 202 483 86 110 None 402 411 69 100 None 510 493 50 126 None 667 390 55 167 setting 655 426 47 112 None 735 403 62 135 spiking 753 433 82 107 digging 816 400 80 107 None 799 489 66 122 digging 1042 426 69 128 None
23455.jpg r_set 804 383 75 97 None 791 400 48 150 setting 933 422 44 132 None 798 530 93 125 None 873 475 65 130 None 593 451 69 145 None 494 399 50 69 None 488 435 54 125 None 494 463 56 135 None 143 449 45 130 None 233 392 47 117 None 198 477 60 140 None
30030.jpg l_set 322 383 39 116 None 337 421 110 126 None 414 504 130 124 None 409 358 69 92 None 520 413 53 160 setting 554 385 57 172 setting 747 473 42 127 None 743 430 43 123 None 732 377 53 114 None 989 394 67 110 None 1102 463 72 146 None 1126 418 60 118 None
23290.jpg l-spike 1135 470 45 126 None 1008 517 69 135 None 996 418 63 104 digging 726 454 45 164 blocking 720 423 46 141 blocking 721 411 40 90 None 462 448 55 124 None 450 389 70 135 None 540 349 49 161 spiking 508 380 86 104 None 306 512 80 145 None 311 469 43 134 None
21970.jpg l_set 439 435 50 172 setting 428 417 48 62 None 448 378 64 87 None 500 422 45 142 None 641 422 38 130 None 629 463 45 132 None 626 372 45 80 None 919 459 50 147 None 985 406 57 120 None 845 380 70 122 None 198 487 113 132 None 326 392 50 120 None
23420.jpg r-pass 1110 450 46 122 None 1017 444 54 116 None 913 408 80 113 None 847 376 53 128 None 830 483 71 138 None 775 428 42 148 setting 700 371 44 118 None 661 417 75 123 None 631 382 50 106 None 378 463 43 152 None 377 386 39 116 None 275 461 59 119 None
30085.jpg r_set 831 448 70 103 None 751 447 69 144 None 675 332 76 122 digging 516 352 50 102 None 471 415 46 144 None 599 502 65 133 None 355 453 45 147 None 340 423 57 139 None 367 384 31 119 None 102 409 65 131 None 47 464 65 139 None 63 384 37 120 None
59200.jpg l-spike 971 431 80 110 None 906 502 70 119 None 811 393 75 100 None 601 386 87 107 None 537 397 40 177 blocking 541 374 42 182 blocking 482 402 44 102 None 432 342 65 115 None 348 393 52 125 None 298 405 55 157 spiking 225 454 57 115 None 121 410 65 102 None
25635.jpg r-pass 1075 430 59 126 None 778 507 87 96 None 741 454 51 93 None 805 427 67 127 None 822 398 77 115 None 691 456 40 138 None 674 442 54 121 None 645 405 55 132 None 536 468 62 138 None 386 412 68 112 None 234 479 118 106 None 1223 354 54 93 None
16100.jpg r-pass 93 437 55 133 None 311 396 45 113 None 358 470 41 143 None 593 437 47 143 None 571 391 44 108 None 611 366 44 97 None 728 330 52 117 None 835 386 50 116 None 750 378 64 104 None 798 405 45 99 None 739 448 83 130 digging 801 470 57 126 None
30230.jpg l-spike 177 481 51 153 None 262 415 50 133 None 247 409 44 106 None 370 468 63 152 None 409 436 72 103 None 386 291 68 126 spiking 491 301 57 166 blocking 555 414 58 117 None 772 471 76 123 None 766 365 79 107 digging 990 441 58 127 digging
19860.jpg l_set 1168 432 46 131 None 1001 386 63 111 None 996 478 60 120 None 773 441 67 137 None 773 366 45 153 blocking 710 345 44 158 setting 625 392 60 121 None 532 363 39 85 None 336 448 39 129 None 241 499 107 137 None 250 361 61 99 None
19970.jpg r_spike 868 333 44 164 spiking 703 377 65 122 None 657 416 100 103 None 763 465 61 141 None 1022 418 46 137 None 583 349 48 185 blocking 73 435 51 117 None 248 463 68 136 None 270 375 38 114 None 573 342 58 164 blocking 916 293 55 98 None
16135.jpg r_set 148 434 55 114 None 262 482 83 123 None 322 406 63 91 digging 575 449 65 131 None 602 418 38 123 None 591 396 41 65 None 684 342 43 156 setting 723 360 66 168 setting 833 367 68 100 None 900 345 61 102 None 844 469 74 108 None 838 524 113 120 None
21830.jpg l-pass 1133 455 79 88 None 1024 415 48 133 None 953 392 41 134 None 799 425 45 120 None 760 395 51 129 None 758 404 53 143 None 681 469 61 131 None 424 479 59 151 None 285 477 47 124 digging 254 452 55 104 digging 325 388 47 119 None 107 479 56 152 None
25460.jpg l-pass 1159 419 63 128 None 1159 491 48 148 None 901 446 43 134 None 914 420 40 133 None 935 408 55 125 None 794 465 65 131 None 602 413 61 120 None 478 490 61 144 None 514 364 41 127 None 423 457 52 120 digging 347 417 55 127 None
52490.jpg l_set 1216 438 53 125 None 1107 461 57 146 None 1010 377 82 111 None 870 404 32 142 None 910 392 33 111 None 896 472 58 139 None 761 431 48 129 None 730 474 66 146 None 702 377 75 117 digging 519 371 65 90 None 324 423 70 127 None 354 474 66 149 None
25525.jpg r-pass 735 449 73 112 None 675 468 80 118 digging 642 407 77 116 None 457 511 68 138 None 395 429 45 141 None 406 420 43 143 None 348 446 42 105 None 338 461 42 135 None 266 490 55 151 None 287 375 62 129 None 154 485 101 141 None
23380.jpg r_spike 133 485 59 109 digging 340 397 62 102 digging 366 503 68 113 digging 560 495 71 116 None 682 328 39 165 blocking 692 297 34 158 blocking 764 282 52 148 spiking 766 426 54 127 None 809 505 55 154 None 860 415 36 124 None 869 457 70 128 None 1056 439 53 130 None
15920.jpg l_set 406 507 91 123 None 615 371 56 95 None 362 390 55 130 None 477 382 42 133 setting 470 442 37 123 None 734 415 53 139 None 886 473 49 119 None 910 422 39 135 None 881 391 58 105 None 1144 408 41 133 None 1211 401 39 132 None 1244 490 35 119 None
15965.jpg l-spike 869 395 72 97 digging 1220 413 58 108 None 1050 492 74 136 None 696 420 29 162 blocking 704 385 48 190 blocking 688 388 44 170 blocking 551 444 106 97 None 514 403 61 161 spiking 531 370 52 114 None 467 473 72 114 None 284 391 61 96 None 183 460 71 139 None
22005.jpg r-pass 910 447 69 103 None 856 513 52 129 None 780 402 92 107 digging 587 402 60 111 None 501 416 49 116 blocking 485 411 52 177 blocking 382 453 64 131 None 396 371 55 122 None 273 354 60 106 None 288 453 36 115 None 264 508 70 145 None 206 428 54 123 None
15770.jpg l-spike 788 410 47 109 None 711 280 60 172 blocking 616 265 47 144 spiking 611 424 86 103 None 562 467 57 144 None 489 403 63 105 None 983 383 65 112 None 968 480 75 122 None 1193 440 70 119 None 414 432 42 112 None 366 361 33 130 None
15690.jpg l-pass 1134 456 37 129 None 942 436 71 126 None 871 390 67 124 None 842 341 43 122 None 803 428 62 129 None 861 505 58 139 None 701 453 47 126 None 733 366 41 133 None 703 393 52 105 None 413 480 60 133 None 445 408 56 94 None 316 415 77 114 digging
19925.jpg r-pass 834 408 50 124 None 719 418 60 129 None 736 276 67 137 digging 654 493 88 135 None 506 399 50 146 None 498 368 39 120 None 341 450 47 122 None 362 403 33 135 None 378 382 30 129 None 137 448 65 152 None 12 383 43 131 None
19880.jpg r-pass 933 449 42 111 None 845 384 58 107 None 777 474 84 109 digging 570 462 99 116 None 559 350 33 156 blocking 567 318 40 150 blocking 473 343 45 111 None 473 356 49 137 None 504 407 50 122 None 247 479 84 156 None 196 435 43 132 None 124 362 49 130 None
15680.jpg r_spike 796 508 94 125 None 903 424 60 120 None 996 448 39 127 None 753 349 70 96 None 699 335 60 157 spiking 725 399 45 119 None 284 403 70 95 digging 268 499 75 118 None 174 427 51 108 digging 566 469 42 124 None 595 357 31 157 blocking 582 397 35 113 None
59140.jpg l-pass 47 433 57 153 None 235 458 54 115 None 284 414 38 120 None 335 396 49 109 digging 452 382 98 109 None 625 449 46 137 None 700 383 57 148 None 760 411 49 139 None 737 382 32 128 None 918 478 65 123 None 992 412 27 139 None 1202 418 74 134 None
23280.jpg l_set 1190 456 58 130 None 1081 420 63 106 None 1080 528 65 106 None 775 474 65 134 None 777 440 55 122 None 774 400 49 99 None 563 384 54 158 setting 484 374 51 89 None 401 432 99 113 None 359 469 44 128 None 264 516 89 141 None
25570.jpg r-pass 2 495 58 141 None 182 393 39 121 None 328 467 41 145 None 324 443 49 135 None 337 403 39 125 None 447 432 41 141 None 524 426 52 127 None 707 533 47 121 None 853 455 68 121 None 814 405 52 131 None 812 334 41 125 digging
21910.jpg l-spike 936 428 52 122 None 773 495 65 112 digging 689 376 82 112 None 450 433 68 117 None 460 314 37 160 blocking 437 306 46 146 blocking 320 318 87 135 spiking 350 458 69 114 None 276 443 73 137 None 265 426 60 112 None 126 411 43 121 None 26 537 92 149 None
23240.jpg l-pass 182 472 56 147 None 372 498 58 119 None 396 436 53 121 digging 415 406 35 90 None 568 402 56 112 None 725 474 51 137 None 836 440 51 137 None 815 424 39 132 None 1037 469 35 140 None 1100 438 55 130 None 829 407 28 111 None
25510.jpg l-spike 943 458 56 106 digging 871 412 59 110 None 885 498 59 110 None 626 513 48 117 None 620 360 49 186 blocking 519 413 56 132 None 494 467 79 133 None 470 509 54 138 None 495 351 45 117 None 427 361 71 130 spiking 108 473 75 129 None
52400.jpg r_set 884 493 78 135 None 898 430 62 125 None 926 403 59 117 None 911 354 80 90 None 775 368 46 137 setting 659 433 47 147 None 438 475 71 127 None 461 421 56 130 None 458 404 55 118 None 109 465 50 142 None 66 406 70 97 None 0 432 38 130 None
25815.jpg l-spike 520 291 63 144 spiking 573 427 43 105 None 407 467 79 125 None 405 455 49 117 None 426 401 49 86 None 667 316 46 152 blocking 671 309 26 153 blocking 894 497 63 123 None 963 396 61 117 None 1130 452 68 117 None
51445.jpg r_set 1017 510 53 60 None 834 499 79 134 None 763 404 46 115 None 838 333 78 92 None 646 349 42 131 setting 559 431 62 122 None 415 382 52 110 None 416 397 57 136 None 394 450 75 129 None 34 440 50 147 None 55 388 78 98 None
59170.jpg l_set 1127 420 57 132 None 1098 398 95 105 None 1034 490 56 129 None 772 444 62 135 None 777 405 56 105 None 777 381 47 118 None 673 395 57 152 setting 591 392 82 105 None 474 375 62 100 None 329 444 42 126 None 286 380 75 104 None 203 483 137 141 None
23395.jpg l-pass 1212 437 55 108 None 1062 443 51 131 None 1011 408 48 127 None 909 494 68 144 None 877 426 60 133 None 862 383 54 103 None 813 355 33 128 blocking 764 369 68 115 None 687 477 71 128 None 486 495 66 114 digging 467 393 39 105 None 256 484 73 104 None
51540.jpg r_spike 911 350 80 104 None 800 439 72 123 None 763 523 101 122 None 673 347 63 148 spiking 595 441 73 130 None 592 344 41 113 None 480 450 55 126 None 506 397 35 140 blocking 490 383 32 119 None 205 376 55 96 None 141 456 56 136 None
19870.jpg l-spike 186 356 61 114 None 248 497 102 139 None 252 452 66 122 None 542 328 86 144 spiking 537 366 68 94 None 614 375 46 153 setting 678 455 82 120 None 662 313 41 151 blocking 671 390 38 103 None 863 480 80 114 None 916 378 61 114 None 1045 431 44 131 None
51500.jpg r-pass 334 436 45 147 None 394 363 85 99 None 480 368 85 105 None 117 387 53 105 None 604 469 76 135 None 630 459 45 120 None 723 470 59 130 None 701 424 58 96 None 863 462 46 127 None 871 351 91 125 setting 841 367 66 82 None 1006 418 54 134 None
25725.jpg l-pass 251 473 60 117 None 485 476 86 129 None 555 387 47 108 None 684 423 70 99 digging 769 345 37 131 blocking 827 396 48 117 None 831 373 31 55 None 933 410 51 109 None 958 473 62 135 None 1005 396 45 115 None 1053 429 64 118 None
16160.jpg r_spike 194 432 55 117 None 344 385 51 97 digging 366 474 70 122 None 566 472 77 136 None 649 428 37 116 None 654 296 36 148 blocking 738 276 48 150 spiking 702 419 44 127 None 726 417 45 120 None 739 497 54 142 None 920 443 82 103 None 940 366 67 120 None
23305.jpg r-pass 154 462 43 125 None 274 509 65 139 None 262 461 78 126 None 397 454 46 128 None 394 393 69 121 spiking 423 376 56 105 None 542 485 55 112 None 545 374 56 170 blocking 575 417 36 105 None 807 413 81 102 None 816 508 58 98 None 959 498 51 99 digging
15880.jpg l-pass 1191 440 50 126 None 1150 467 60 143 None 993 358 67 126 None 932 437 52 97 None 973 439 30 133 None 967 507 58 141 None 817 471 82 129 None 774 436 62 129 None 880 435 47 99 None 521 429 45 141 setting 498 395 65 112 None 391 445 80 109 None
23510.jpg l-pass 432 460 58 133 digging 446 401 55 96 None 496 401 77 107 None 192 453 83 97 None 684 533 51 153 None 664 525 49 128 None 805 510 62 148 None 853 520 52 115 None 769 463 56 123 None 810 371 51 123 None 962 421 82 117 None 1116 452 58 137 None
30040.jpg l-spike 1014 475 64 133 None 1018 427 54 105 None 907 389 64 109 digging 646 440 50 160 None 644 385 39 161 blocking 658 391 37 103 None 481 350 64 173 spiking 436 459 84 137 None 449 492 80 148 None 382 415 79 124 None 441 368 43 92 None 270 383 37 118 None
21925.jpg l-pass 957 394 56 127 None 758 461 67 140 None 627 374 80 122 None 454 424 76 117 None 460 377 49 120 None 440 383 35 113 None 387 402 60 114 None 354 436 46 135 None 308 421 67 105 digging 251 434 62 134 None 194 418 51 108 None 74 506 79 146 None
21875.jpg l_set 1117 418 35 130 None 1094 471 37 154 None 979 380 61 125 None 733 477 59 133 digging 740 443 49 130 None 726 420 63 96 None 455 446 49 167 setting 472 447 95 151 None 330 353 76 105 None 307 469 62 101 None 249 496 67 126 None 124 442 60 110 None
30155.jpg l-pass 954 392 50 130 None 896 423 39 147 None 851 344 62 110 None 713 440 85 124 None 716 391 47 149 None 682 384 40 127 None 351 430 67 137 None 442 404 57 67 None 489 410 62 117 None 78 425 72 125 None 583 370 57 110 None 558 353 55 117 digging
15670.jpg r_set 884 506 102 132 None 988 430 48 121 None 965 422 92 109 None 790 349 71 96 None 722 364 53 170 setting 679 349 46 160 setting 529 443 67 142 None 557 417 46 130 None 542 399 44 112 None 233 503 91 118 None 247 413 69 89 digging 138 435 57 104 digging
15735.jpg l_set 1107 486 73 129 None 1114 418 35 126 None 1038 388 65 114 None 831 451 35 128 None 836 417 41 135 None 805 370 54 122 None 724 406 45 135 None 536 343 39 160 setting 478 358 67 75 None 412 501 92 135 None 401 429 47 129 None 349 374 54 118 None
31080.jpg r_winpoint 559 416 96 66 None 361 430 89 82 None 497 443 56 140 None 792 437 56 144 None 762 385 55 110 None 798 447 52 116 None 878 484 70 150 None 871 440 41 135 None 915 334 70 129 None 1071 474 58 132 None 1000 416 60 136 None 999 396 57 130 None
38430.jpg r_winpoint 731 401 36 152 None 590 385 72 137 None 582 440 63 151 None 449 487 56 145 None 388 397 56 143 None 354 419 48 169 None 267 408 48 121 None 240 448 45 139 None 198 479 63 153 None 123 479 56 144 None 182 410 41 127 None
48825.jpg r_winpoint 1187 435 85 146 None 1186 423 87 139 None 1116 449 73 138 None 1109 420 31 144 None 1106 401 30 134 None 773 440 79 130 None 645 382 63 131 None 570 449 70 147 None 586 371 39 119 None 519 436 62 122 None 481 470 120 60 None
34725.jpg l_winpoint 761 385 48 140 None 682 329 67 138 None 435 531 70 75 None 460 417 49 133 None 464 312 38 116 None 386 338 41 127 None 259 338 43 118 None 228 369 59 146 None 197 411 71 144 None 174 379 33 132 None 37 378 49 150 None
50745.jpg l_winpoint 782 390 63 149 None 752 375 58 134 None 674 404 104 138 None 701 408 28 123 None 710 397 44 122 None 702 374 58 117 None 1120 401 63 141 None 1129 394 46 125 None 1199 412 72 135 None
33405.jpg l_winpoint 848 418 80 123 None 813 445 61 143 None 776 447 55 135 None 718 374 46 127 None 661 387 53 135 None 635 388 44 135 None 463 358 40 128 None 390 402 40 135 None 313 415 82 138 None 336 413 49 124 None 287 401 56 120 None 337 391 61 114 None
43950.jpg l_winpoint 960 372 46 123 None 719 541 138 94 None 735 346 52 123 None 632 325 61 125 None 542 456 47 151 None 574 430 49 149 None 399 371 52 136 None 367 406 58 149 None 318 397 41 139 None 273 384 55 106 None 356 338 44 123 None 159 421 62 127 None
51615.jpg l_winpoint 1172 398 48 137 None 1131 351 60 135 None 1113 435 54 139 None 1037 392 68 144 None 973 341 55 127 None 1234 391 43 134 None 700 398 50 129 None 710 362 62 149 None 707 357 44 116 None 624 379 66 154 None 610 356 62 126 None 494 400 72 118 None
41670.jpg r_winpoint 1201 445 50 145 None 1130 440 49 154 None 1077 459 58 143 None 1042 429 55 146 None 1146 359 80 127 None 865 498 49 148 None 877 441 46 164 None 758 379 65 129 None 588 364 37 131 None 507 450 43 146 None 467 414 71 118 None
48135.jpg r_winpoint 738 357 71 123 None 621 424 72 130 None 599 415 80 141 None 606 412 39 127 None 608 413 83 127 None 652 425 45 125 None 204 438 105 145 None 226 404 50 140 None 171 396 80 124 None 84 455 59 143 None 51 433 47 141 None 21 412 54 137 None
30285.jpg l_winpoint 751 431 36 136 None 550 438 53 142 None 438 354 36 127 None 385 431 47 138 None 279 378 41 132 None 239 344 59 119 None 7 421 94 150 None 22 405 48 140 None
44910.jpg l_winpoint 901 411 62 136 None 687 541 135 68 None 780 372 35 129 None 604 467 66 145 None 518 435 39 131 None 574 366 49 126 None 277 445 88 131 None 179 418 48 115 None 410 452 74 147 None 453 396 63 108 None 368 425 109 121 None 350 388 50 127 None
46230.jpg l_winpoint 719 427 47 135 None 570 478 66 138 None 589 403 39 125 None 469 499 54 143 None 405 451 74 143 None 385 388 45 129 None 214 444 57 138 None 229 406 59 134 None 182 458 66 135 None 131 475 52 147 None 174 419 54 125 None 41 444 80 126 None
32565.jpg l_winpoint 933 393 60 152 None 761 428 55 135 None 631 343 48 129 None 535 452 116 132 None 542 394 67 141 None 536 384 37 138 None 352 397 78 162 None 355 380 43 133 None 367 368 69 125 None 266 397 70 155 None 242 377 37 143 None 177 393 58 133 None
