23455.jpg r_spike 463 646 87 166 None 654 570 85 124 None 612 749 73 169 digging 824 608 107 116 None 1042 612 63 222 blocking 1049 658 58 214 blocking 1174 573 87 134 digging 1228 623 83 125 None 1218 667 108 123 None 1318 678 126 174 spiking 1423 684 77 144 None 1727 823 101 112 None
23605.jpg r_set 1191 573 51 185 setting 1330 837 110 182 None 1417 705 80 161 None 1421 596 96 138 None 1095 699 96 166 None 1028 660 67 155 None 528 622 53 165 None 603 572 54 115 None 677 686 58 172 None 960 702 52 183 None 944 598 56 175 None 964 584 34 116 None
23545.jpg l-spike 334 597 65 154 None 466 647 78 168 None 586 639 81 252 spiking 609 631 80 152 None 641 563 56 160 None 568 507 59 139 None 752 623 86 222 blocking 749 640 73 215 blocking 884 598 59 130 None 1066 556 76 123 None 1248 639 91 116 None 1257 756 87 156 None
23825.jpg r_spike 465 596 77 159 None 638 566 93 112 None 657 707 121 165 None 886 590 100 118 None 1015 662 59 183 None 1020 717 60 181 None 1164 560 79 122 digging 1131 636 71 139 None 1128 681 83 141 None 1165 715 131 181 spiking 1285 746 107 135 None 1395 670 75 139 None
40135.jpg r_spike 1422 582 63 118 None 1312 673 68 144 None 1204 732 108 171 spiking 1162 759 117 122 None 1101 684 94 156 None 1122 576 56 130 digging 1000 703 48 228 blocking 972 665 75 232 blocking 769 627 104 120 None 592 589 115 132 None 602 757 112 162 None 375 675 75 162 None
40100.jpg r_set 372 631 89 158 None 492 549 91 141 None 651 666 76 176 None 816 607 57 163 blocking 791 643 57 184 blocking 776 712 80 170 None 951 558 57 152 None 1018 522 71 106 None 1191 540 57 139 setting 1358 620 106 146 None 1289 711 64 155 None 1327 828 101 190 None
19150.jpg l_set 1527 647 64 139 None 1450 729 80 174 None 1363 573 54 123 digging 1077 572 51 122 None 1019 700 65 169 None 1020 614 61 152 None 926 590 81 189 setting 828 699 72 186 None 743 469 58 125 None 487 633 107 148 None 495 575 53 129 None 336 776 152 176 None
23515.jpg l_set 1450 637 93 126 None 1271 569 70 111 None 1398 752 79 133 None 999 680 44 169 None 981 619 56 137 blocking 973 568 52 130 None 771 581 64 207 setting 760 584 74 166 None 593 499 75 122 None 507 577 66 133 None 387 604 112 140 None 586 811 123 169 None
19170.jpg r-pass 1352 771 92 152 None 1309 654 81 120 None 1128 616 111 107 None 953 596 104 98 digging 830 674 99 221 None 863 671 64 138 None 727 737 106 204 None 725 718 91 93 None 547 635 72 147 None 409 593 85 139 None 445 757 69 167 None 666 497 68 154 None
40050.jpg l-spike 606 603 67 154 None 636 626 96 155 None 652 734 61 185 None 762 641 93 121 None 742 446 55 186 spiking 652 549 73 143 None 908 477 45 182 blocking 909 498 47 195 blocking 1264 554 49 121 None 1133 710 63 165 digging 1361 736 65 141 digging 1477 654 69 132 None
14565.jpg r_spike 281 688 61 137 None 556 554 79 128 None 686 604 126 108 None 517 733 99 162 None 863 636 70 239 blocking 882 683 51 229 blocking 1018 568 78 129 digging 1026 664 76 124 None 1127 686 81 134 None 1041 713 104 160 spiking 1211 752 121 155 None 1328 669 83 130 None
23650.jpg l-pass 583 563 62 157 None 728 631 84 165 None 823 621 90 75 None 978 606 64 162 None 1120 529 56 166 None 1117 565 64 162 None 1215 596 52 156 None 1207 622 60 167 None 1249 678 65 180 None 1280 574 83 146 None 1448 678 52 163 None 1536 597 68 147 None
23475.jpg l-pass 533 657 62 167 None 691 607 82 89 None 696 742 92 168 None 845 585 94 134 digging 1126 702 58 160 None 1103 671 87 173 None 1258 652 69 133 None 1196 572 52 152 None 1286 689 92 157 None 1374 605 71 141 None 1513 665 64 177 None 1729 783 126 144 None
23795.jpg r_set 317 610 77 159 None 454 560 59 129 None 581 668 78 180 None 828 562 48 176 None 787 606 63 177 None 827 668 48 192 None 957 580 61 154 None 970 680 52 150 digging 1131 505 74 110 None 1331 615 107 156 None 1441 732 107 153 None 1256 802 102 197 None
23750.jpg r-pass 1207 646 93 157 digging 1178 561 70 164 None 943 518 64 109 None 921 681 110 155 None 689 497 67 142 None 685 486 55 139 None 628 466 50 186 None 494 625 95 166 None 527 573 49 167 None 509 561 58 128 None 384 522 64 144 None 277 579 67 164 None
19235.jpg l-pass 1358 640 111 134 None 1350 597 78 131 None 1128 639 91 136 None 1146 595 84 113 None 1041 730 63 161 None 1183 736 93 161 None 982 650 56 206 blocking 870 710 59 189 setting 812 585 90 139 None 671 766 76 157 digging 565 706 89 118 None 620 601 97 108 None
14590.jpg r-pass 373 638 66 157 None 607 535 61 151 None 758 592 113 99 None 670 713 64 182 None 943 691 80 190 None 939 733 87 178 None 1038 584 81 121 None 1106 739 113 94 None 1165 761 74 152 None 1240 714 77 113 None 1329 766 91 141 None 1426 647 83 156 None
40065.jpg r-pass 1398 616 53 159 None 1282 754 91 111 None 1175 552 57 111 None 1085 748 100 142 None 807 525 49 151 None 824 545 71 139 None 701 581 60 105 None 679 654 94 113 None 613 543 59 165 None 530 642 114 148 None 541 599 38 178 None 519 726 107 149 None
19160.jpg l-spike 1421 648 71 129 digging 1407 749 77 158 None 1268 586 55 126 digging 985 579 96 112 digging 933 655 66 175 blocking 926 627 59 112 None 767 657 84 200 spiking 554 626 83 152 None 456 577 63 135 None 717 482 53 135 None 823 685 97 113 None 387 765 125 169 None
14615.jpg l_winpoint 1326 619 90 171 None 1246 756 81 162 None 1130 652 63 146 None 1011 771 156 126 None 993 766 94 58 None 1050 551 69 134 None 832 621 56 176 None 720 708 71 195 None 693 515 71 185 None 637 692 66 184 None 526 556 75 159 None 432 633 69 171 None
23565.jpg r-pass 1255 618 95 149 None 995 572 67 118 None 912 687 92 104 None 789 750 101 146 None 789 723 101 173 None 651 563 47 150 None 661 535 65 137 None 520 669 72 169 None 335 634 56 152 None 678 704 47 168 None 664 679 75 137 None 1208 760 106 117 None
39935.jpg r_set 289 652 61 166 None 428 557 57 151 None 474 731 78 165 None 792 599 61 153 None 797 636 52 182 None 767 731 65 178 None 1004 661 100 152 None 1107 499 54 110 None 1307 594 47 126 digging 1378 627 102 151 None 1408 837 113 180 None 1632 839 127 97 None
23625.jpg r_spike 547 597 76 142 None 636 697 99 163 digging 719 540 64 108 None 1026 688 71 183 None 1064 545 54 199 blocking 1129 636 102 141 None 1148 660 74 170 None 1278 752 85 178 None 1350 682 83 161 None 1476 651 69 157 None 1316 482 105 194 spiking
40020.jpg l_set 1502 650 63 152 None 1398 767 83 137 None 1342 579 59 127 None 1055 569 56 139 None 1062 622 63 161 None 1067 706 56 162 None 936 680 69 180 None 847 772 74 191 None 895 573 78 200 setting 724 517 71 102 None 599 528 73 137 None 473 621 93 150 None
39970.jpg r_spike 1411 771 80 147 None 1372 697 70 128 None 1402 582 59 121 None 1249 700 81 188 spiking 1150 717 106 136 None 1170 566 51 136 None 1025 680 54 221 blocking 1000 639 85 233 blocking 754 609 97 107 None 635 752 70 176 None 591 581 70 141 digging 395 668 82 154 None
23730.jpg l-spike 1262 600 85 134 None 1216 707 80 137 digging 1054 512 53 121 digging 952 688 101 140 None 740 446 49 197 blocking 629 445 66 140 spiking 612 576 64 158 None 572 553 67 132 None 533 608 60 166 None 407 544 70 133 None 367 572 52 163 None
19050.jpg r-pass 401 595 43 130 None 389 688 65 159 None 406 740 85 170 None 581 514 43 142 None 692 623 72 174 None 797 705 71 182 None 932 642 51 162 None 984 604 56 138 None 1140 678 100 172 None 1267 622 84 138 digging 1334 657 75 168 None 1635 567 66 123 None
19115.jpg l-pass 1705 638 69 150 None 1545 729 105 153 None 1552 549 48 146 None 1255 563 39 127 None 1191 602 55 194 blocking 1181 562 62 196 blocking 1110 646 67 173 None 802 601 42 174 None 782 427 42 139 None 588 547 91 131 digging 464 618 63 161 None 456 735 48 186 None
40155.jpg r-pass 384 677 79 186 None 586 566 80 153 None 803 581 85 137 None 1102 601 69 127 None 1022 729 70 175 None 1004 725 91 221 blocking 1107 798 57 122 None 1161 808 91 100 None 1147 708 86 140 None 1365 676 76 147 None 1382 590 54 127 None 735 777 60 155 None
39980.jpg l-pass 1402 610 81 116 None 1441 700 67 153 None 1357 784 76 137 None 1237 784 81 164 None 1227 719 104 137 None 1169 589 78 137 None 1083 686 59 239 blocking 1066 653 77 234 blocking 810 592 113 132 digging 620 594 97 126 digging 752 749 65 180 None 448 670 67 160 None
23695.jpg l-pass 1336 728 72 140 None 1328 580 87 149 None 1145 545 61 136 None 945 615 50 161 None 923 558 65 123 None 919 535 77 143 None 819 595 59 185 None 765 573 75 147 digging 718 489 55 121 None 658 561 51 143 None 566 591 41 135 None 336 595 107 153 None
19225.jpg r_spike 1412 627 98 145 None 1323 587 49 134 None 1185 721 88 172 None 1117 630 78 137 None 1125 562 64 131 None 994 633 88 211 spiking 908 605 61 245 blocking 824 703 73 187 None 771 568 82 144 None 614 750 75 167 digging 524 669 91 142 None 558 587 94 111 None
41865.jpg r_winpoint 217 642 64 189 None 345 614 88 158 None 646 709 72 172 None 618 565 58 144 None 660 596 65 130 None 748 564 60 158 None 1635 867 86 203 None 1212 640 60 150 None 1265 638 29 137 None 1200 602 44 155 None 1258 615 45 134 None 1220 637 27 142 None
34365.jpg r_winpoint 398 674 50 172 None 459 495 109 67 None 612 604 131 35 None 664 436 64 121 None 517 539 47 132 None 710 516 77 163 None 1106 561 50 132 None 896 509 80 125 None 977 572 38 129 None 955 620 51 162 None 1179 636 50 161 None 1248 591 92 144 None
31425.jpg l_winpoint 291 623 72 151 None 391 647 60 168 None 626 598 94 169 None 549 722 84 183 None 640 715 83 196 None 746 716 50 203 None 1278 675 59 167 None 1107 730 52 152 None 1053 730 72 177 None 1150 630 56 168 None 1219 640 55 158 None 1042 678 46 145 None
35565.jpg l_winpoint 555 602 56 166 None 651 659 69 170 None 732 659 57 176 None 798 564 60 167 None 843 575 50 173 None 1478 620 67 119 None 1256 527 60 147 None 1122 659 85 120 None 1002 563 54 155 None 1092 564 51 134 None 1078 682 86 161 None
32250.jpg r_winpoint 476 587 72 134 None 612 659 64 165 None 555 585 66 113 None 823 672 45 169 None 815 531 59 156 None 880 511 68 145 None 1115 624 87 163 None 1204 632 71 140 None 1200 561 52 143 None 1270 610 53 137 None 1315 584 40 147 None 1261 559 34 147 None
45495.jpg r_winpoint 1185 587 114 133 None 1166 609 84 139 None 1131 597 77 157 None 1119 580 46 159 None 1168 587 40 136 None 798 603 44 161 None 640 471 79 149 None 608 469 64 135 None 567 514 67 123 None 497 537 72 152 None 362 638 85 165 None
36765.jpg l_winpoint 1401 583 57 163 None 1357 547 52 94 None 1353 660 54 153 None 1196 673 55 172 None 981 511 50 152 None 939 463 48 150 None 730 580 93 163 None 701 578 99 150 None 659 556 47 163 None 578 592 92 178 None 560 590 67 162 None
48270.jpg l_winpoint 621 619 47 161 None 621 614 94 217 None 695 629 44 135 None 750 604 50 193 None 784 606 71 164 None 757 574 68 163 None 1036 545 51 145 None 981 671 107 75 None 1027 692 90 175 None 1218 613 63 118 None 1187 739 66 101 None 1432 638 55 172 None
42480.jpg l_winpoint 1470 785 92 189 None 1442 603 71 156 None 1330 622 42 142 None 1205 554 42 140 None 1165 745 63 170 None 1171 712 49 177 None 790 633 97 177 None 737 629 77 160 None 690 658 75 164 None 672 627 70 164 None 617 640 72 154 None 415 695 92 177 None
30615.jpg l_winpoint 1512 707 75 118 None 1334 633 45 159 None 1273 720 60 155 None 1172 717 91 167 None 1220 684 56 175 None 1037 657 59 146 None 719 646 81 202 None 677 650 92 170 None 593 752 108 181 None 625 735 97 172 None 435 722 82 214 None 259 758 87 156 None
40200.jpg l_winpoint 350 788 136 191 None 790 570 114 200 None 703 560 60 182 None 466 544 108 195 None 475 620 110 158 None 467 658 66 173 None 1045 601 72 148 None 986 779 91 68 None 986 817 60 103 None 1053 846 72 89 None 1180 660 60 142 None 1338 663 54 159 None
33660.jpg l_winpoint 1467 737 121 116 None 1392 597 52 156 None 1295 561 53 149 None 1037 690 66 187 None 966 740 61 187 None 874 567 48 139 None 675 533 85 175 None 655 589 78 175 None 566 615 69 156 None 462 577 78 150 None 462 664 77 180 None 401 681 83 153 None
35010.jpg l_winpoint 1452 593 67 152 None 1354 655 55 142 None 1255 541 41 126 None 1120 530 68 137 None 1066 669 76 180 None 1015 513 71 135 None 762 637 64 165 None 746 591 104 172 None 715 608 67 164 None 650 630 65 141 None 620 505 48 168 None 632 498 51 127 None
32955.jpg r_winpoint 1344 602 50 159 None 1308 594 104 155 None 1256 635 51 172 None 1204 615 73 170 None 1199 580 108 144 None 1136 567 76 194 None 940 723 93 180 None 857 670 91 186 None 674 511 75 142 None 582 535 74 140 None 615 678 77 176 None 332 623 70 145 None
47250.jpg l_winpoint 1242 652 66 144 None 1157 638 91 171 None 1263 578 63 128 None 1231 561 53 133 None 968 538 64 142 None 947 520 63 135 None 733 544 77 207 None 616 607 60 163 None 563 529 64 175 None 527 558 69 168 None 452 593 94 206 None 332 560 80 191 None
