30275.jpg r-pass 918 381 74 126 digging 942 379 49 77 None 856 297 54 117 None 737 300 38 115 None 634 247 50 99 None 586 317 64 99 None 445 322 39 102 None 466 345 37 108 None 456 366 38 122 None 117 357 48 115 None 15 346 49 132 None
17050.jpg r-pass 731 368 111 122 None 606 289 44 98 None 539 364 41 130 None 524 329 27 130 None 521 304 54 96 None 271 360 37 142 None 218 301 48 85 None 128 323 69 105 None 987 379 48 102 None 935 347 55 89 digging 921 303 44 68 None 1046 242 46 99 None
23950.jpg r-pass 783 303 49 99 digging 897 411 51 136 None 823 362 41 113 None 703 277 49 97 None 712 248 30 105 None 528 312 45 103 None 439 369 37 131 None 466 338 35 129 None 456 314 23 114 None 144 328 40 114 None 25 389 54 127 None 8 362 38 117 None
21655.jpg r_set 823 359 106 107 None 694 350 52 115 None 794 282 70 92 None 655 275 52 132 setting 1018 327 38 100 None 853 464 75 123 None 206 326 72 92 None 246 450 105 99 None 40 387 65 97 digging 508 405 44 106 None 503 356 49 108 None 495 314 43 97 None
17245.jpg l-pass 416 396 79 107 None 325 281 40 151 setting 297 298 38 96 None 445 284 55 93 None 519 306 86 110 None 543 255 43 110 None 631 284 45 112 None 616 251 40 89 None 920 252 53 105 None 942 375 57 116 None 1049 313 42 116 None
24030.jpg r_spike 495 400 66 120 None 296 361 55 105 None 482 260 35 95 None 718 360 85 106 None 814 203 30 137 blocking 807 187 42 132 blocking 939 180 52 138 spiking 888 290 45 115 None 973 414 60 133 None 1030 310 40 105 None 1165 356 49 115 None 1218 331 40 102 None
21690.jpg l-pass 1150 339 43 119 None 1045 324 40 108 None 813 256 51 103 None 847 395 53 156 None 756 377 47 98 None 776 335 44 114 None 710 355 38 121 None 667 404 55 130 None 617 300 75 92 None 416 301 46 100 None 393 333 47 176 setting 283 360 47 136 digging
52700.jpg r-pass 745 328 45 83 digging 882 402 57 102 digging 740 453 69 89 None 622 436 80 97 None 483 331 31 95 None 471 282 20 101 None 432 306 38 98 None 409 414 64 141 None 295 448 71 140 None 348 368 69 96 None 136 402 80 116 None 117 365 40 102 None
5585.jpg r-pass 883 347 45 124 None 800 419 40 116 None 677 315 59 102 None 577 428 74 115 digging 479 304 54 95 None 491 280 52 109 None 388 373 34 129 None 370 321 46 90 None 222 466 69 125 None 233 345 59 104 None 136 364 76 110 None 63 429 60 100 None
52660.jpg l_set 971 437 64 106 None 829 302 74 97 None 968 339 72 112 None 669 390 47 117 None 651 358 40 123 None 642 326 48 108 None 526 341 63 158 setting 423 391 71 121 None 374 267 71 93 None 329 333 58 85 None 269 380 77 98 None 136 448 111 143 None
52630.jpg l-pass 1082 407 49 124 None 923 288 62 87 None 850 260 42 99 None 746 388 38 122 None 733 356 45 107 None 731 315 34 111 None 639 406 60 123 None 505 320 53 122 None 438 259 49 107 None 376 323 39 83 setting 293 381 75 119 None 175 428 71 139 None
17435.jpg r-pass 988 415 52 123 None 1032 294 59 91 None 872 264 64 96 None 806 295 93 163 setting 757 424 56 133 None 714 407 46 136 None 691 399 62 122 None 581 315 86 97 None 460 375 91 101 None 393 300 86 86 None 221 328 77 105 None
52685.jpg l-spike 883 388 63 110 digging 761 327 56 93 None 796 435 82 110 None 543 425 88 112 None 508 351 41 135 blocking 507 263 24 142 blocking 390 247 69 110 spiking 426 395 76 137 None 356 365 46 108 None 278 395 69 112 None 242 467 89 153 None 162 347 65 101 None
52600.jpg r_spike 958 390 47 125 None 857 247 36 130 setting 735 264 57 89 None 694 299 57 108 None 707 426 66 149 None 689 415 45 131 None 536 393 56 124 None 549 324 36 122 None 462 281 53 114 None 352 373 53 116 None 279 413 63 143 None 215 367 36 117 None
35195.jpg l-spike 278 397 54 112 None 318 360 95 147 spiking 419 362 42 105 None 465 316 66 103 None 503 383 62 98 None 488 348 87 107 None 570 341 42 162 blocking 571 329 49 150 blocking 565 308 55 137 blocking 794 305 55 88 None 940 428 62 110 None 1046 332 74 87 None
17225.jpg l-spike 457 281 45 107 None 547 299 75 103 digging 502 178 60 127 spiking 274 286 65 101 None 331 336 58 103 digging 369 405 62 123 None 639 257 35 142 blocking 644 208 39 135 blocking 632 213 25 147 blocking 923 263 67 94 None 998 388 65 110 None 1060 313 50 113 None
52545.jpg r-pass 875 459 64 115 digging 876 359 60 87 digging 783 329 71 85 digging 582 354 62 102 None 493 383 49 146 blocking 502 377 42 159 None 377 451 84 142 None 438 316 45 125 None 429 279 42 111 None 356 357 45 115 None 315 412 55 95 None
24230.jpg r_set 1019 299 43 122 None 983 288 48 156 setting 914 286 55 106 None 923 241 68 105 None 776 327 38 134 None 636 365 65 123 None 647 319 51 122 None 647 296 38 94 None 321 379 44 128 None 344 290 48 97 None 178 335 91 111 None 947 483 65 165 None
35080.jpg r_spike 265 402 66 101 None 361 441 88 103 None 643 451 54 139 None 409 307 39 96 None 662 307 35 137 blocking 652 257 47 141 blocking 734 210 58 123 spiking 753 368 41 115 None 754 454 64 135 None 865 377 84 101 None 938 378 39 121 None 1005 334 59 101 None
30315.jpg r_set 1054 356 42 113 None 879 432 59 118 None 864 334 80 112 None 736 356 52 130 None 703 265 39 151 setting 682 255 51 89 None 554 324 40 111 None 566 346 47 115 None 560 407 51 103 None 290 423 70 115 None 235 326 53 90 None 116 399 83 98 None
17140.jpg l-pass 1111 301 41 99 None 1115 526 134 92 None 930 371 65 133 None 879 308 74 103 None 964 304 55 91 None 961 268 55 94 None 793 234 61 122 None 827 204 58 128 blocking 702 329 65 106 None 476 383 85 113 None 503 266 54 83 digging 350 315 44 110 None
74635.jpg l_set 992 441 52 101 None 1022 351 43 102 None 854 320 39 98 None 656 403 43 110 None 626 371 53 115 None 634 350 59 97 None 528 299 34 93 None 477 378 39 110 None 405 409 70 133 None 395 348 48 116 setting 333 327 40 107 None 301 472 70 128 None
21620.jpg r-pass 901 439 69 147 None 885 373 46 128 None 876 347 54 92 None 816 297 46 120 setting 706 365 63 122 None 572 308 52 97 None 475 394 57 128 None 480 340 32 110 None 450 321 35 122 None 213 394 58 139 None 117 317 69 119 None
6460.jpg l-pass 900 417 43 123 None 1006 333 34 130 None 895 326 54 105 None 750 291 74 99 None 650 318 40 100 None 540 357 54 125 None 489 363 48 123 None 490 304 55 99 None 370 309 49 114 setting 309 378 55 114 None 360 441 69 125 None 661 425 57 134 None
17355.jpg r-pass 653 424 85 108 digging 662 308 50 91 None 800 243 47 119 None 580 263 43 97 None 614 270 47 107 None 1071 310 53 125 None 518 282 38 128 None 495 312 37 128 None 390 347 52 106 None 347 295 47 100 None 273 374 55 136 None 125 323 70 112 None
24280.jpg l-pass 277 358 48 108 None 506 271 44 91 None 521 417 72 99 digging 702 322 71 106 None 787 210 74 128 blocking 787 221 60 125 blocking 860 261 66 102 None 873 312 74 110 None 982 307 35 94 None 902 385 48 131 None 1127 373 41 113 None 1169 332 51 113 None
74590.jpg l-pass 356 344 63 95 None 345 429 70 80 None 402 434 62 107 None 589 413 87 124 None 562 392 55 101 None 639 407 43 118 None 706 399 33 121 None 715 340 39 104 None 741 426 62 104 None 799 362 48 107 None 879 393 55 113 None 1110 473 48 116 None
5660.jpg r_spike 1201 386 43 128 None 1003 344 65 120 None 872 357 68 171 spiking 897 366 41 131 None 874 336 45 126 None 879 268 48 100 None 785 343 61 169 blocking 766 330 66 178 blocking 663 299 69 87 digging 464 306 76 87 None 375 456 77 107 None 309 343 56 104 None
17200.jpg l_set 1165 354 58 127 None 1097 304 51 116 None 1011 257 46 110 None 831 333 48 110 None 754 347 40 117 None 731 307 66 109 None 607 262 42 125 None 509 222 58 83 None 445 245 44 145 setting 456 256 51 103 None 334 286 37 110 None 216 423 105 128 None
74700.jpg r-pass 951 379 50 114 None 672 395 46 102 None 595 356 105 62 digging 495 338 32 76 None 493 331 72 67 None 493 303 32 75 None 445 303 34 110 None 436 332 42 115 None 378 398 70 123 None 306 381 60 92 None 340 326 50 98 None 103 386 45 118 None
30440.jpg l-spike 1079 336 70 108 None 925 410 76 110 None 880 313 49 104 None 544 326 56 93 None 590 209 67 149 blocking 478 211 40 117 spiking 459 302 38 105 None 415 342 57 89 None 326 309 46 108 None 280 408 75 104 None
52560.jpg r-pass 931 347 68 112 None 799 267 81 145 spiking 640 355 58 109 None 912 445 60 137 None 579 459 60 142 None 539 464 50 122 None 442 442 90 143 None 470 287 41 88 None 471 320 43 128 None 407 358 46 119 None 366 399 51 106 None 39 385 57 127 None
17130.jpg r_spike 450 401 92 102 None 680 333 63 103 None 466 264 44 89 digging 297 324 51 106 None 777 215 58 151 blocking 792 196 48 136 blocking 965 182 60 145 spiking 881 307 44 123 None 930 304 60 110 None 931 380 60 144 None 1082 527 120 85 None 1113 290 48 103 None
23995.jpg r_set 1090 310 48 107 None 1021 450 83 150 None 926 352 40 116 None 925 246 51 109 setting 906 232 65 118 None 790 302 45 130 None 604 374 74 117 None 625 325 55 124 None 620 303 51 104 None 319 431 59 113 None 305 310 54 91 None 196 362 58 104 None
6495.jpg l_set 187 469 127 131 None 343 359 80 103 None 364 326 49 86 None 449 274 66 88 None 534 348 44 112 None 570 301 46 154 setting 709 392 41 128 None 696 315 44 139 None 686 308 72 105 None 970 323 43 107 None 1017 397 42 128 None 1075 352 49 117 digging
21725.jpg l_set 1134 337 37 117 None 1022 303 52 110 None 770 371 58 127 None 722 385 65 136 None 725 328 46 115 None 731 271 37 99 None 610 298 41 125 None 554 271 41 155 setting 454 270 72 82 None 405 279 51 123 None 254 399 108 117 None 262 361 66 103 None
35060.jpg r_set 745 474 111 132 None 757 419 69 63 None 931 350 45 87 None 835 396 75 93 None 650 270 52 99 None 615 301 40 144 setting 523 330 45 69 None 529 374 50 127 None 535 427 44 100 None 128 415 58 103 None 274 443 63 122 None 242 342 48 90 None
24195.jpg r-pass 507 351 54 119 None 547 320 32 133 None 547 293 44 123 None 342 382 67 126 None 296 349 46 114 None 230 304 53 99 None 589 350 75 126 None 709 395 61 124 None 707 271 74 114 None 843 315 44 77 digging 871 358 51 124 None 917 331 102 95 None
6385.jpg l_set 1061 357 54 111 digging 1040 399 51 119 None 990 308 43 97 None 728 389 41 118 None 714 303 27 132 blocking 715 305 50 99 None 636 303 37 132 setting 571 266 87 103 None 523 259 80 112 None 475 328 53 101 None 372 362 98 109 None 197 462 110 131 None
17465.jpg r_set 921 243 52 101 None 863 366 52 122 None 879 348 64 133 None 844 319 39 114 digging 771 347 54 135 None 759 463 62 158 None 633 379 45 122 None 618 339 37 126 None 616 292 39 92 None 409 353 60 131 None 311 283 45 97 None 116 328 39 120 None
35155.jpg l_set 962 394 64 134 None 1021 325 40 103 None 845 322 66 94 None 668 327 32 97 None 680 355 44 88 None 682 398 37 127 None 600 363 38 116 None 546 322 44 120 None 460 361 37 113 digging 424 272 57 90 None 266 358 50 107 None 138 455 83 134 None
30335.jpg r_spike 260 345 63 107 digging 378 308 74 96 None 405 413 63 120 None 639 303 71 87 None 703 346 38 167 blocking 754 346 54 145 None 772 254 35 109 None 817 374 76 137 spiking 822 334 60 117 None 851 326 43 87 None 1136 362 57 112 None
52535.jpg l-spike 318 383 60 176 spiking 351 410 37 96 None 367 357 57 112 None 460 320 49 116 None 448 279 50 80 None 516 371 43 151 blocking 516 348 35 141 blocking 577 345 51 96 None 787 326 70 78 None 903 356 63 92 digging 905 456 60 118 None
24270.jpg r_spike 245 353 49 119 None 470 261 41 111 None 490 396 65 123 None 711 330 99 114 None 784 209 46 158 blocking 873 298 54 119 None 896 408 58 134 None 885 198 60 116 spiking 1106 359 77 122 None 1142 328 46 115 None 965 300 37 103 None
6425.jpg r-pass 261 344 45 104 None 344 311 62 95 None 390 343 47 88 None 454 309 42 109 None 349 449 76 137 None 364 415 69 122 None 500 379 65 161 blocking 505 310 48 109 None 606 322 71 99 None 770 349 59 76 digging 829 354 71 110 digging 914 442 41 116 None
6520.jpg l-spike 151 336 46 112 None 203 458 65 158 None 366 334 49 114 None 373 373 57 111 None 402 216 74 115 spiking 435 343 40 124 None 515 224 43 167 blocking 522 255 31 147 blocking 574 390 55 125 None 819 303 45 83 digging 886 407 63 111 digging 918 341 53 110 None
74570.jpg r_spike 226 401 47 101 None 284 459 49 101 None 278 350 72 96 digging 525 376 50 101 None 567 362 45 162 blocking 567 346 56 152 blocking 627 419 52 113 None 700 364 50 148 spiking 702 340 45 72 None 726 369 47 117 None 828 385 43 113 None 1161 526 74 135 None
17325.jpg l-spike 1073 317 57 108 None 839 401 65 108 None 777 263 52 106 None 544 216 51 124 blocking 558 213 40 126 blocking 457 212 49 118 spiking 502 296 49 118 None 368 287 37 107 None 305 350 60 105 None 269 406 96 105 None 147 315 64 106 None
24170.jpg l-spike 184 269 45 104 None 333 346 66 112 None 416 372 63 122 None 547 259 44 170 setting 598 269 38 125 None 629 333 55 117 None 687 264 41 129 blocking 694 360 44 117 None 786 295 64 105 None 955 294 54 95 None 1030 394 48 103 None 1102 319 47 112 None
5555.jpg l-spike 916 449 71 114 None 903 365 57 109 None 815 321 41 85 None 619 431 46 110 None 506 275 40 147 blocking 504 243 40 134 blocking 386 404 76 141 None 360 385 55 87 None 340 347 40 99 None 378 225 65 145 spiking 194 494 85 120 None 154 464 67 150 None
52510.jpg l_set 1026 424 56 105 None 1043 373 80 80 None 907 324 50 96 None 682 402 45 105 None 667 353 39 116 None 647 331 45 88 None 510 313 35 152 setting 439 283 39 86 None 301 350 99 116 None 531 289 47 135 None 188 465 69 135 None 35 400 86 67 None
30505.jpg r_set 80 341 74 128 None 248 386 69 135 None 189 310 60 104 None 533 356 44 123 None 531 318 30 126 None 524 306 46 93 None 673 262 44 114 None 712 322 46 118 None 723 241 53 81 None 856 247 44 128 setting 840 382 48 128 None 1038 372 65 121 None
74725.jpg r_set 210 378 37 114 None 381 315 37 103 None 415 383 44 98 None 553 379 42 113 None 562 329 31 111 None 573 307 20 109 None 636 359 43 110 digging 679 361 51 53 None 715 289 29 80 None 712 279 48 75 None 805 356 45 108 setting 1001 356 47 106 None
17385.jpg r_set 115 331 53 116 None 288 283 58 100 None 319 400 74 112 None 593 363 46 121 None 588 316 44 130 None 590 284 47 117 None 741 241 44 126 setting 918 243 71 96 None 768 307 88 102 None 990 322 60 107 None 914 392 81 112 None
5495.jpg l-pass 166 429 49 142 None 311 384 58 119 None 471 386 52 126 None 451 363 47 92 digging 480 284 43 107 None 663 383 57 123 None 771 383 42 134 None 767 349 35 131 None 770 319 35 102 None 1076 395 56 102 None 1050 332 71 102 None 1173 355 47 124 None
17320.jpg l-spike 1102 322 57 103 None 898 408 57 109 None 829 265 64 103 None 587 203 40 155 blocking 528 294 43 119 None 450 197 82 114 spiking 374 288 43 95 None 329 353 63 100 None 277 397 67 109 None 156 319 77 100 None
5635.jpg r_set 1047 407 44 129 None 957 387 51 116 None 948 491 61 136 None 825 304 37 142 setting 848 323 45 116 None 859 274 57 92 None 638 334 40 95 None 641 370 46 120 None 644 424 44 107 None 333 462 80 116 None 185 387 61 105 None 326 340 49 92 None
30395.jpg l_set 386 426 78 128 None 574 297 42 137 setting 631 283 54 103 None 661 258 37 84 None 705 410 70 134 None 715 366 56 85 None 926 405 47 138 None 932 349 37 114 None 923 303 36 121 None 1109 366 78 133 None 1195 340 71 105 None
21675.jpg r_spike 1104 332 51 112 None 878 311 44 113 None 801 427 56 147 None 766 285 62 154 None 770 258 63 103 None 719 305 59 132 None 623 401 43 139 None 629 290 35 147 blocking 579 306 54 90 None 313 427 63 107 None 331 308 49 99 digging 176 375 59 90 digging
24040.jpg l-pass 1211 352 55 117 None 1059 303 39 100 None 979 387 55 139 None 901 293 79 109 None 939 244 62 95 None 815 196 84 143 blocking 749 345 79 105 None 541 390 66 113 digging 529 256 41 94 None 342 348 47 106 None
17230.jpg l-spike 274 285 43 102 None 316 339 54 103 None 368 403 73 112 None 440 282 43 107 None 527 302 67 103 None 498 204 44 109 spiking 614 250 35 138 blocking 594 214 53 128 blocking 605 203 47 117 blocking 900 256 67 99 None 939 388 65 110 digging 1023 314 60 114 digging
5560.jpg l-spike 857 367 70 115 None 861 456 59 111 None 766 324 42 84 None 583 445 82 114 None 419 253 81 144 blocking 345 262 59 116 None 368 399 48 133 None 295 382 71 102 None 297 352 42 105 None 137 498 85 121 None 68 457 80 121 None
74680.jpg l-spike 966 381 45 101 digging 718 315 42 92 None 679 428 75 111 None 460 250 62 138 blocking 428 348 50 96 None 407 235 43 130 spiking 297 321 48 100 None 317 433 47 118 None 289 380 62 89 None 110 383 42 115 None
30355.jpg l-pass 398 308 56 100 None 507 272 54 117 spiking 705 293 45 104 None 498 388 75 133 None 779 392 51 124 None 797 400 48 137 None 873 434 62 114 None 859 360 45 147 None 878 327 53 107 None 876 262 40 101 None 991 299 52 107 None 1222 358 50 122 None
6415.jpg l-spike 330 391 46 159 spiking 304 351 50 92 None 408 396 50 113 None 429 332 36 93 None 429 293 47 93 None 499 317 36 82 None 542 309 45 110 None 531 347 47 173 blocking 623 322 64 102 None 798 337 72 88 None 873 352 65 113 digging 951 449 62 115 None
21750.jpg l-spike 1095 371 63 109 None 917 299 37 86 None 827 385 84 114 digging 694 386 56 118 None 609 227 34 158 blocking 608 203 28 154 blocking 548 314 53 107 None 479 201 70 112 spiking 413 285 51 100 None 424 325 58 98 None 271 344 60 112 None 290 452 81 107 None
74455.jpg r-pass 69 425 60 114 None 263 366 47 106 None 346 378 42 110 None 494 426 58 119 None 487 358 30 96 None 512 365 36 105 digging 622 360 51 93 None 715 294 33 93 None 718 337 78 91 None 877 350 51 92 None 920 390 44 91 None 950 459 54 74 None
17280.jpg l_set 236 400 78 121 None 389 298 51 125 None 299 287 42 111 None 434 263 49 115 setting 469 245 78 84 None 560 295 55 122 None 727 325 35 128 None 732 289 41 117 None 733 247 35 66 None 1022 270 53 104 digging 1114 368 41 130 None 1152 314 47 123 None
21765.jpg r-pass 1033 366 52 106 None 838 287 38 99 digging 808 379 71 125 None 681 380 83 130 None 538 252 51 119 digging 481 317 49 103 None 444 254 47 99 None 356 330 55 104 None 350 282 42 103 None 214 432 83 122 None 206 338 52 110 None
17090.jpg r_set 289 383 53 127 None 117 340 72 113 None 280 290 54 86 None 590 375 43 130 None 585 334 42 123 None 581 303 57 81 None 792 364 50 114 setting 819 323 61 116 None 996 440 71 144 None 1014 321 78 102 None 985 292 44 92 None 1011 236 70 112 None
6445.jpg r_spike 871 338 58 120 None 854 432 89 113 None 785 329 59 100 None 641 301 63 108 None 529 276 45 135 spiking 531 445 60 144 None 451 327 47 124 None 390 300 47 97 None 377 355 50 117 None 358 447 81 135 None 280 408 49 123 None 267 335 43 110 None
30535.jpg r_spike 1026 279 60 107 None 932 400 79 139 None 902 355 43 112 None 750 332 71 112 None 683 300 63 120 None 710 200 49 128 spiking 537 332 63 96 None 316 425 87 107 None 286 284 71 90 None 120 393 63 126 None 620 243 38 145 blocking 628 215 38 134 blocking
5525.jpg l_set 186 462 114 133 None 362 371 65 95 None 423 326 51 111 None 440 270 91 93 None 558 352 51 154 setting 540 371 46 116 None 742 399 44 130 None 736 326 48 125 None 716 310 70 74 None 989 312 44 98 None 1074 413 76 107 None 1102 360 56 116 digging
17415.jpg r_spike 957 257 60 103 None 896 238 67 103 None 855 458 77 140 None 812 344 86 155 spiking 852 335 51 120 None 773 305 54 117 None 730 324 43 162 blocking 721 330 35 152 blocking 650 282 48 102 None 351 403 75 120 None 376 271 54 96 None 216 336 53 103 None
30435.jpg l-spike 1126 338 83 99 None 953 313 55 97 None 981 424 75 111 None 678 255 26 134 blocking 668 220 38 145 blocking 674 210 38 139 blocking 600 320 57 92 digging 499 298 54 106 None 472 338 57 92 None 514 200 61 114 spiking 384 307 54 114 None 327 387 66 114 None
6350.jpg l-pass 1152 350 39 130 None 1058 398 52 104 None 1061 327 75 105 None 770 382 40 130 None 766 348 41 132 None 755 318 65 124 None 669 372 48 130 None 312 384 62 121 None 162 427 54 143 None 454 381 55 128 None 466 349 51 119 digging 476 286 43 106 None
37350.jpg r_winpoint 1012 374 45 115 None 908 362 38 124 None 858 376 55 118 None 814 367 77 126 None 813 374 46 109 None 810 345 64 121 None 491 439 42 138 None 472 399 60 129 None 463 332 62 117 None 266 400 54 133 None 248 414 51 116 None 201 355 40 118 None
39705.jpg l_winpoint 1089 294 41 116 None 1047 334 48 113 None 928 306 49 106 None 777 379 59 125 None 756 329 51 120 None 684 307 39 126 None 308 417 74 139 None 309 338 71 125 None 352 370 66 119 None 365 363 65 121 None 391 357 47 116 None 376 347 64 118 None
40260.jpg r_winpoint 842 394 44 139 None 852 368 44 117 None 790 333 41 117 None 766 338 37 125 None 775 295 39 118 None 659 340 67 109 None 439 348 43 123 None 384 377 70 127 None 406 319 54 117 None 146 324 50 109 None 84 404 40 132 None 77 403 33 106 None
35235.jpg l_winpoint 857 419 53 122 None 692 294 52 107 None 555 378 51 127 None 536 408 36 136 None 506 417 30 150 None 360 340 73 141 None 350 345 71 112 None 372 323 40 118 None 314 383 51 109 None 251 401 77 128 None 211 415 56 131 None 972 328 41 112 None
51150.jpg r_winpoint 1165 350 62 119 None 1159 303 65 112 None 1062 349 71 139 None 1029 330 57 108 None 994 333 61 129 None 1004 308 55 123 None 811 420 47 134 None 810 383 51 134 None 645 422 59 143 None 526 378 70 142 None 402 333 47 121 None 392 363 59 60 None
51855.jpg r_winpoint 1089 324 59 117 None 1046 364 69 117 None 983 312 69 124 None 898 366 48 123 None 893 337 70 110 None 855 338 79 119 None 564 370 69 116 None 549 288 42 126 None 402 298 42 118 None 332 331 44 118 None 321 382 28 118 None 261 419 48 155 None
38280.jpg l_winpoint 1096 419 83 44 None 907 350 59 128 None 888 326 60 110 None 720 367 66 117 None 659 353 73 123 None 620 345 38 131 None 527 318 30 106 None 500 353 34 125 None 446 327 57 114 None 422 404 80 112 None 395 364 38 124 None 398 332 47 122 None
30585.jpg r_winpoint 948 302 61 102 None 881 353 47 136 None 889 306 44 110 None 807 318 42 116 None 815 293 62 107 None 758 286 66 124 None 665 258 30 116 None 565 245 76 92 None 550 304 88 36 None 553 319 72 103 None 420 357 57 135 None 236 334 61 131 None
31425.jpg r_winpoint 989 303 70 126 None 804 352 45 135 None 800 326 49 114 None 744 350 45 132 None 728 333 68 134 None 739 313 37 123 None 586 426 64 133 None 507 384 62 138 None 489 311 38 118 None 278 448 67 108 None 323 301 54 128 None 239 328 58 116 None
41730.jpg r_winpoint 895 401 36 120 None 803 377 66 127 None 758 429 57 111 None 709 443 53 139 None 735 379 41 137 None 744 346 42 134 None 580 437 45 146 None 507 396 51 136 None 425 339 52 112 None 394 330 40 113 None 305 421 56 134 None 304 338 40 130 None
33270.jpg l_winpoint 1017 375 44 146 None 1016 307 40 146 None 801 434 63 158 None 701 479 63 138 None 872 351 41 105 None 354 384 65 108 None 436 357 28 132 None 456 368 72 130 None 502 348 48 140 None 445 350 62 119 None 492 365 38 111 None 837 336 49 110 None
