28640.jpg l_set 917 377 62 129 None 971 489 58 129 None 1119 432 65 128 None 657 455 58 150 None 646 415 28 131 blocking 645 379 47 120 None 496 379 37 169 setting 534 388 58 120 None 319 343 88 111 None 152 422 69 141 None 142 376 58 141 None 236 503 97 167 None
4675.jpg r_set 1100 400 116 154 None 953 554 105 162 None 833 377 65 122 None 777 349 65 123 None 734 441 63 145 None 676 344 60 178 setting 558 426 48 175 None 580 373 44 156 None 515 380 43 154 None 329 354 66 120 None 286 462 105 130 None 60 415 71 161 None
32345.jpg r_spike 605 412 50 168 blocking 590 443 43 147 None 873 435 54 111 None 745 362 49 119 None 795 397 45 109 digging 744 448 78 135 None 684 413 52 111 None 670 407 62 184 spiking 506 377 41 109 None 421 408 50 98 None 271 458 84 148 None 142 431 60 129 None
27670.jpg l-spike 1093 433 67 122 None 1002 508 88 131 digging 877 375 86 120 None 723 395 73 109 None 616 411 37 195 blocking 411 404 56 186 spiking 517 435 48 143 None 449 364 52 116 None 244 463 79 116 None 149 415 73 144 None 311 393 73 129 None
36300.jpg r_set 1004 532 114 171 None 972 454 77 77 None 878 382 77 112 None 794 355 58 94 None 694 412 56 128 None 595 351 52 156 setting 490 472 60 146 None 516 419 50 143 None 516 388 41 124 None 291 404 60 99 None 182 459 77 163 None 38 417 65 146 None
1810.jpg l_set 543 357 53 94 None 686 376 37 144 None 400 379 59 109 None 285 497 94 172 None 284 401 50 181 setting 231 409 55 134 None 803 437 30 148 None 811 414 37 140 None 795 381 43 119 None 1044 467 52 135 None 1021 393 76 125 None 1072 387 33 135 None
1755.jpg r_spike 1029 396 67 125 None 990 454 90 74 None 938 449 54 113 None 877 492 49 141 None 824 337 49 133 spiking 748 420 49 110 None 671 326 38 178 blocking 469 470 107 144 None 316 495 58 128 None 195 475 72 102 None 294 397 77 96 None
27525.jpg r_set 991 392 74 133 None 893 384 58 149 setting 905 472 51 132 None 893 550 104 165 None 690 454 51 149 None 815 356 44 104 None 464 443 46 165 None 480 406 53 165 blocking 461 394 46 126 None 190 463 58 147 None 106 390 81 109 None 35 434 63 147 None
27585.jpg l-pass 1020 399 54 141 None 896 485 43 161 None 822 426 67 131 None 751 470 45 161 None 754 448 82 139 None 741 394 52 120 None 622 469 60 169 None 622 460 73 156 None 623 454 71 150 None 478 379 67 116 digging 289 463 94 124 None 192 389 58 114 None
27630.jpg l_set 983 472 92 139 None 919 374 41 119 None 679 439 59 149 None 684 407 29 133 None 676 388 51 86 None 583 411 45 150 None 438 383 49 106 None 383 374 54 80 None 299 421 64 136 setting 228 495 97 164 None 153 401 86 134 None 1070 413 70 131 None
33255.jpg r_spike 929 436 79 133 None 889 311 67 162 spiking 839 343 45 128 None 754 317 67 140 None 769 433 74 161 None 647 356 52 105 None 561 346 45 185 blocking 488 438 62 146 None 499 341 52 137 None 67 445 93 171 None 81 407 67 155 None 124 367 65 131 None
33175.jpg l-spike 410 262 78 157 spiking 525 269 70 164 blocking 691 427 80 135 None 806 435 66 122 None 748 351 53 119 None 1037 404 75 116 None 453 420 49 145 None 150 421 106 127 None 168 382 43 150 None 296 352 55 102 None 250 470 60 161 None
24215.jpg r-pass 878 402 44 132 None 678 480 109 97 None 694 478 100 87 None 671 402 90 116 None 505 378 42 112 None 506 346 41 95 None 397 444 42 165 None 417 386 46 138 None 448 364 32 142 None 250 375 53 124 None 216 442 52 127 None 123 387 65 122 None
15240.jpg l_set 1129 412 48 148 None 1002 483 71 156 None 847 383 90 122 None 626 463 50 161 None 619 411 47 146 blocking 631 374 43 126 None 491 368 67 158 setting 411 455 56 146 None 266 379 62 126 None 157 456 80 167 None 128 403 62 141 None 318 330 58 113 None
27475.jpg r-pass 1029 436 84 124 digging 690 399 90 95 None 800 394 87 104 None 866 493 63 120 None 564 453 60 175 blocking 458 429 77 128 None 466 494 67 160 None 394 451 78 136 None 440 370 44 127 None 309 431 62 115 None 191 455 76 158 None
4640.jpg r_set 745 334 56 148 setting 791 378 60 126 None 790 423 52 144 None 737 380 58 139 None 844 475 54 154 None 1098 378 67 137 None 656 345 35 143 None 600 328 45 124 None 468 350 67 126 None 459 455 77 182 None 193 409 60 143 None 407 448 84 120 None
24115.jpg l-pass 1140 411 66 125 None 949 401 38 119 None 763 403 32 117 None 727 435 44 148 blocking 490 491 72 133 None 491 353 38 117 None 494 420 60 131 None 336 403 44 111 None 203 452 46 127 digging 733 404 41 147 blocking 1041 493 48 114 None 180 460 66 111 None
32395.jpg r_set 141 432 58 128 None 265 455 79 148 None 369 403 44 119 None 651 416 40 133 None 719 392 48 144 setting 542 482 44 144 None 555 430 41 131 None 553 392 43 125 None 860 358 43 99 None 911 426 41 119 None 819 500 77 153 None 809 440 38 145 None
4585.jpg r_set 954 423 65 148 None 870 388 75 130 None 833 342 76 115 None 856 533 79 162 None 703 390 55 200 setting 619 328 48 185 setting 538 432 59 157 None 537 417 46 157 None 536 376 41 116 None 157 469 67 160 None 264 359 62 123 None 54 440 71 129 None
46670.jpg r-pass 905 361 51 153 setting 959 453 77 136 None 776 506 49 154 None 765 413 48 113 None 721 381 77 113 None 619 394 55 133 None 498 372 55 127 None 508 425 48 150 None 466 467 54 175 None 344 476 85 147 None 347 399 46 96 None 75 431 44 154 None
1900.jpg r-pass 941 537 92 164 None 988 484 65 117 None 1038 418 77 135 None 690 391 81 121 digging 649 370 62 105 None 578 404 72 109 digging 461 445 35 167 None 499 411 41 159 None 471 388 40 136 None 192 465 59 144 None 226 391 74 109 None 6 427 59 147 None
46500.jpg l-pass 1074 440 70 133 None 865 439 72 77 None 779 396 60 145 None 712 459 52 159 None 706 379 45 91 None 692 444 41 147 None 147 445 61 137 None 291 442 47 153 setting 449 351 51 128 None 392 417 76 111 None 555 397 44 133 None 520 463 99 147 None
36425.jpg l-spike 1062 439 68 118 None 844 472 68 122 None 719 453 79 126 None 732 395 57 104 digging 551 319 44 146 blocking 427 319 103 132 spiking 424 432 60 134 None 366 404 50 115 None 295 420 40 128 None 247 400 53 121 None 84 457 76 159 None
1725.jpg r_set 1086 487 91 109 None 1047 422 66 117 None 856 375 43 107 None 798 392 52 140 setting 756 448 66 125 None 561 458 39 144 None 585 434 39 136 None 561 416 44 106 None 341 405 38 97 None 238 488 54 130 None 140 458 55 123 None 1021 560 87 157 None
36435.jpg l-pass 997 423 73 126 None 796 459 56 131 None 667 460 92 118 None 661 404 45 111 None 498 353 26 139 blocking 454 380 39 129 None 361 422 56 135 None 314 418 77 90 digging 247 428 45 126 None 188 404 47 116 digging 41 441 73 161 None 506 354 65 133 blocking
36515.jpg l-spike 1138 417 67 111 None 1051 501 73 131 digging 800 375 65 114 None 623 362 48 210 blocking 512 363 43 109 None 503 423 73 118 None 498 422 54 97 None 261 371 60 192 spiking 311 434 35 137 None 352 380 56 124 None 1014 388 83 105 digging
32520.jpg l-spike 1016 424 82 106 None 901 458 82 120 None 905 388 81 102 None 641 446 109 109 None 618 362 43 126 blocking 618 311 32 147 blocking 557 391 39 117 None 489 307 60 110 spiking 477 465 68 144 None 394 384 47 105 None 360 405 61 141 None 216 459 68 168 None
28565.jpg r_spike 810 412 60 139 None 750 403 64 103 None 638 349 86 99 None 548 357 77 126 spiking 549 372 80 133 None 423 374 41 192 blocking 176 372 71 116 None 14 481 107 143 None 733 497 58 169 None
27320.jpg r_set 907 441 92 129 digging 1008 518 105 77 None 946 535 76 145 None 817 395 41 76 None 819 427 67 119 None 708 449 37 142 None 547 405 42 160 None 532 469 40 159 None 329 475 78 133 None 313 409 46 111 None 130 434 52 142 None
33220.jpg r-pass 916 375 53 138 None 843 417 45 138 None 673 352 69 127 None 643 320 53 112 None 582 395 50 68 None 751 407 76 155 digging 479 348 35 138 None 449 389 48 146 None 359 454 77 145 None 265 367 41 141 None 175 370 71 126 None 54 410 64 170 None
46395.jpg r-pass 1057 453 54 128 digging 1014 472 69 118 digging 955 389 56 116 None 821 383 54 122 None 747 360 52 109 None 643 392 58 124 None 527 439 37 158 None 461 434 37 156 None 510 416 33 133 None 373 400 50 105 None 264 440 60 126 None 23 432 54 161 None
24155.jpg l_set 1161 447 71 127 None 1058 498 63 122 None 987 394 46 117 None 727 443 52 159 blocking 730 404 38 140 blocking 730 394 52 124 None 542 406 51 128 None 522 389 60 156 setting 494 340 49 107 None 366 389 35 125 None 122 510 120 161 None 166 446 86 125 None
15165.jpg l-spike 1108 402 54 135 None 1011 460 58 141 None 904 368 88 107 None 688 443 97 126 None 571 335 39 163 blocking 576 338 33 150 blocking 482 398 60 131 None 327 314 88 111 spiking 231 396 80 116 None 197 433 65 154 None 83 381 43 148 None 391 570 69 150 None
27260.jpg l_set 1003 479 57 92 None 952 515 58 110 None 890 419 32 102 None 688 477 40 130 None 679 438 35 131 blocking 680 421 46 106 None 619 410 38 148 setting 548 456 49 114 None 419 399 51 82 None 337 511 86 137 None 305 500 66 103 None 221 464 52 128 None
46435.jpg r_spike 1255 437 25 103 None 925 391 40 133 None 864 515 72 155 None 665 411 64 163 None 764 359 58 110 None 587 342 66 189 spiking 505 446 57 199 None 525 349 55 176 blocking 326 402 55 110 None 153 480 70 144 None 19 432 58 137 None
46450.jpg r-pass 1226 437 49 112 None 842 439 107 99 digging 735 411 72 80 None 680 502 114 122 None 665 394 84 162 None 637 417 47 145 None 556 450 60 150 None 557 403 51 148 None 565 385 43 114 None 391 400 54 114 None 228 483 68 137 None 90 411 59 154 None
28605.jpg l-pass 1015 409 70 152 None 939 419 45 133 None 894 362 43 139 None 711 436 47 162 None 680 388 39 150 None 690 356 43 131 None 518 436 94 135 None 517 376 62 133 None 383 441 58 145 None 423 325 50 117 None 278 317 62 176 setting 70 395 88 152 None
36470.jpg l_set 458 351 61 120 None 440 402 75 116 None 635 427 60 151 None 629 384 35 125 None 627 354 35 122 None 901 452 48 123 None 1016 378 52 145 None 783 383 54 114 None 233 388 48 136 None 328 426 79 46 None 10 466 97 164 None 515 403 55 141 None
27730.jpg r_set 954 384 44 148 setting 947 475 85 148 None 783 518 92 169 None 712 363 53 99 None 903 381 60 120 None 601 462 53 159 None 425 417 29 150 None 418 401 32 142 None 387 442 38 154 None 114 385 30 119 None 57 467 60 146 None
24285.jpg r_spike 1028 374 70 133 digging 973 373 58 133 None 881 405 56 119 digging 869 455 67 152 None 756 399 72 106 None 804 280 47 152 spiking 683 275 44 190 blocking 699 278 39 179 blocking 581 426 112 124 None 302 456 100 142 None 259 382 84 117 None 116 427 81 152 None
24345.jpg r_set 1074 406 105 135 None 941 439 64 143 None 758 460 75 169 None 809 330 58 109 None 708 311 54 169 setting 656 359 43 118 None 543 415 50 160 None 577 351 43 167 blocking 566 336 33 143 None 269 450 77 137 None 258 361 37 118 None 137 407 56 146 None
32455.jpg l-pass 937 426 69 126 None 954 404 43 101 None 842 373 39 112 None 756 427 64 133 None 743 400 35 122 None 742 356 50 94 None 624 363 43 92 None 667 350 43 101 None 539 436 60 124 None 356 371 43 101 None 241 376 47 169 setting 106 440 80 143 None
46550.jpg l_set 1098 397 58 147 None 994 474 54 136 None 914 365 56 118 None 659 439 39 134 None 658 414 51 137 None 652 370 62 123 None 571 398 50 150 None 427 431 55 136 digging 325 335 53 103 None 75 419 48 145 None 191 474 67 143 None 189 494 97 170 None
27360.jpg r_spike 940 470 80 120 None 827 426 97 167 None 847 423 58 136 None 771 418 72 134 None 724 441 79 128 None 727 388 44 119 None 594 445 41 164 None 595 395 49 216 blocking 323 382 46 99 None 164 471 106 137 None 57 407 79 113 None
27460.jpg l-spike 1046 451 61 116 None 937 513 123 122 None 848 376 37 125 None 685 401 74 111 None 594 418 41 213 blocking 577 398 61 199 blocking 497 440 54 141 None 494 428 43 130 None 419 436 60 178 spiking 455 373 43 114 None 332 426 57 116 None 266 445 55 123 None
27680.jpg r-pass 1064 436 79 122 None 1027 504 65 135 None 884 399 75 103 digging 674 412 92 97 None 566 389 79 199 blocking 563 386 30 186 blocking 416 440 88 182 None 454 462 105 126 None 441 377 43 118 None 316 426 71 116 None 251 479 62 120 None 84 418 58 148 None
33200.jpg r-pass 66 389 50 152 None 197 391 56 120 None 247 464 73 148 None 299 348 50 122 None 411 387 45 143 None 451 334 35 126 None 952 369 67 129 None 766 414 64 126 None 710 410 60 131 None 637 354 41 109 None 524 328 64 118 digging 524 393 62 67 None
23355.jpg l-pass 1125 412 39 137 None 1027 510 62 105 None 961 417 58 105 None 721 432 43 161 blocking 725 410 43 141 blocking 736 398 41 105 None 573 477 62 122 None 424 432 79 111 None 475 342 37 116 None 307 389 50 118 None 191 495 60 154 None
4610.jpg r_spike 1045 386 58 141 None 914 374 50 118 digging 782 279 56 129 spiking 756 458 60 167 None 724 446 62 146 None 745 397 47 129 None 658 288 45 180 blocking 660 265 62 167 blocking 556 437 75 173 None 472 352 67 111 digging 285 449 88 146 None 161 425 73 133 None
15120.jpg l_set 1211 406 65 148 None 1096 497 84 137 None 981 370 60 124 None 731 442 45 161 None 722 396 35 156 None 723 370 28 99 None 535 509 92 171 digging 478 421 88 158 None 357 372 58 131 None 348 311 58 122 None 165 378 73 154 None 1 472 82 171 None
27230.jpg l-pass 1112 487 84 116 None 982 455 39 105 None 830 429 39 103 None 692 462 37 118 None 677 432 41 126 blocking 690 419 39 122 None 595 476 47 112 None 299 502 50 73 None 359 516 80 137 None 410 405 32 96 None 226 489 62 120 None 403 478 43 124 None
27395.jpg l-pass 997 416 55 132 None 993 464 45 139 None 849 495 79 160 None 839 382 45 142 None 704 418 60 138 None 711 393 63 125 None 517 473 108 159 None 581 437 57 161 None 598 422 51 141 None 456 414 68 101 digging 310 454 98 133 None 149 389 54 132 None
1945.jpg l-pass 1048 462 46 130 None 850 418 80 115 None 822 448 36 157 None 854 377 45 79 None 760 388 46 129 None 802 362 39 114 None 688 380 42 164 blocking 568 442 76 160 None 185 436 60 120 None 342 388 71 117 None 341 406 49 182 setting
32495.jpg l_set 1054 417 51 128 None 966 468 51 128 None 895 400 57 103 None 678 418 46 161 blocking 676 406 37 127 None 685 365 36 110 None 548 395 51 156 setting 410 349 70 88 None 358 383 64 109 None 254 421 57 113 None 45 467 111 154 None 565 390 61 103 None
24190.jpg l-spike 460 284 47 164 spiking 488 399 55 132 None 561 294 35 175 blocking 762 465 65 125 None 1049 421 67 122 None 878 472 85 120 None 847 375 51 112 None 363 477 93 160 None 336 377 36 119 None 327 428 47 127 None 176 420 58 110 None
33140.jpg l_set 1061 416 60 135 None 987 483 54 129 None 901 400 62 107 None 652 460 47 156 None 655 408 45 101 blocking 673 380 33 116 None 478 400 45 169 setting 398 449 62 150 None 282 347 82 101 None 201 463 62 139 None 169 406 67 103 None 179 382 67 105 None
15195.jpg l-pass 1071 392 41 146 None 968 451 76 149 None 890 366 67 114 None 549 425 105 142 None 513 372 44 126 None 519 357 44 121 None 399 391 76 137 None 368 492 60 147 None 234 335 81 137 None 220 384 56 130 digging 159 419 58 135 None
4545.jpg r-pass 984 493 60 140 None 978 451 67 116 digging 990 416 42 133 None 864 467 60 144 None 833 380 39 109 None 658 419 56 121 None 553 417 37 130 None 521 431 39 146 None 516 405 41 125 None 340 440 51 126 None 228 422 44 140 None
28665.jpg l-spike 968 410 67 113 None 823 448 81 120 None 748 357 43 126 None 669 459 94 127 None 518 280 43 194 blocking 468 377 32 127 None 352 408 54 136 None 381 287 60 132 spiking 267 462 88 180 None 188 367 82 129 None 208 408 56 139 None
32425.jpg r_spike 902 436 67 111 None 874 413 47 80 digging 788 474 45 158 None 666 431 88 109 None 706 401 39 107 None 726 320 43 116 spiking 469 480 97 114 None 287 399 50 88 None 162 470 86 131 None 112 466 62 114 None 604 342 29 159 None
27290.jpg r-pass 970 479 35 98 digging 950 511 79 104 None 854 414 93 96 None 727 485 49 120 None 678 411 90 100 None 613 437 47 107 None 528 424 58 122 None 491 383 47 117 None 473 458 54 130 None 474 478 58 157 None 360 447 39 131 None 217 430 39 132 None
23420.jpg r-pass 894 434 43 125 None 823 372 70 107 None 765 435 69 136 None 703 355 104 102 digging 606 390 65 127 None 552 370 57 125 None 474 367 35 142 None 427 333 40 134 None 386 451 89 155 None 289 418 46 141 None 205 372 50 140 None 150 364 32 128 None
23370.jpg l_set 515 402 53 162 setting 497 406 67 128 None 472 334 47 99 None 313 390 58 113 None 197 457 64 112 None 156 522 126 156 None 711 410 54 147 blocking 709 440 49 147 blocking 712 380 53 107 None 1134 431 47 140 None 973 392 40 114 None 1031 507 70 107 None
46590.jpg l-spike 1084 431 65 135 None 920 496 69 141 None 864 376 46 135 None 670 393 48 127 None 579 387 53 207 blocking 587 365 47 225 blocking 423 382 124 209 spiking 486 435 78 149 None 426 368 46 113 None 348 455 44 152 None 364 439 54 134 None 30 457 61 156 None
28520.jpg r-pass 792 422 49 138 digging 851 462 49 130 None 776 410 29 92 None 630 373 41 105 None 652 452 57 137 None 456 407 46 121 None 352 401 15 110 None 359 422 32 127 None 337 429 40 141 None 142 438 49 123 None 28 425 46 134 None
36420.jpg l-spike 1082 433 68 114 None 871 464 75 122 None 777 387 69 110 None 736 450 83 127 None 576 325 35 144 blocking 576 322 35 144 blocking 439 311 65 133 spiking 451 427 60 136 None 386 406 60 122 None 315 414 38 130 None 271 399 49 111 None 92 456 75 161 None
1930.jpg r_spike 797 475 62 163 None 888 344 60 169 spiking 970 471 86 137 None 731 360 56 120 None 668 386 77 126 None 662 379 35 114 None 49 447 64 129 None 226 377 75 105 None 216 470 65 128 None 534 446 82 152 None 594 396 35 156 blocking 597 361 39 175 blocking
1850.jpg l-spike 469 325 53 125 spiking 554 402 52 125 None 430 450 59 161 None 327 398 76 111 None 181 418 57 110 None 94 488 92 128 None 642 309 35 181 blocking 1063 409 68 130 None 986 373 51 116 None 948 472 77 114 None 856 465 86 135 None
24250.jpg r_set 961 404 63 150 None 848 349 60 111 None 803 355 54 112 setting 795 456 70 147 None 776 474 70 77 None 652 374 51 136 None 528 450 63 165 None 558 390 54 184 None 581 364 29 143 None 186 449 71 148 None 119 407 97 142 None 154 382 50 117 None
23385.jpg l-spike 1105 427 56 116 None 1005 487 69 116 digging 969 367 56 116 None 701 440 82 129 None 682 335 45 175 blocking 686 332 45 133 blocking 532 328 73 161 spiking 490 316 41 116 None 417 447 96 133 None 362 373 54 124 None 274 501 126 163 None 230 424 80 120 None
27435.jpg l_set 1063 429 72 131 None 994 499 91 142 None 892 382 47 117 None 660 463 47 152 None 636 440 36 145 None 640 395 53 128 None 531 406 74 170 setting 557 376 57 156 None 444 377 54 106 None 389 399 53 120 None 289 493 91 166 None 175 414 64 135 None
46625.jpg l-pass 1001 423 50 127 None 829 481 47 151 None 755 386 68 138 None 627 406 44 135 None 598 447 54 156 None 582 477 50 165 None 451 507 112 77 None 416 485 63 172 None 372 368 58 116 None 362 433 58 131 None 326 471 53 148 None 14 447 58 168 None
33275.jpg l-pass 995 439 73 111 None 1004 373 48 131 None 965 358 60 114 None 812 433 48 152 None 840 354 65 129 None 764 370 43 135 None 628 427 73 143 None 699 374 37 131 None 543 325 58 120 None 289 381 65 114 None 193 435 56 158 None
36340.jpg l-pass 1041 440 65 103 None 837 446 67 139 None 727 460 88 154 None 814 384 62 111 None 774 358 56 118 None 752 432 56 126 None 623 443 56 176 None 675 427 37 186 None 502 367 82 103 None 360 398 101 92 None 202 419 84 112 digging 122 444 67 161 None
32280.jpg r-pass 983 489 72 123 digging 1016 472 47 105 None 900 408 47 101 None 792 456 56 115 None 655 434 57 102 None 897 539 67 142 None 560 468 32 126 None 509 499 47 117 None 485 456 53 106 None 392 443 36 102 None 229 445 38 117 None 0 473 52 132 None
28555.jpg r_set 509 338 51 159 setting 559 420 50 125 None 654 357 82 92 None 738 399 73 104 None 795 510 92 157 None 837 417 63 133 None 83 376 65 119 None 27 464 54 149 None 380 417 52 153 None 383 409 42 127 None 389 382 47 133 None
36325.jpg r_spike 774 430 107 175 spiking 829 424 45 120 None 707 384 71 116 digging 762 328 54 124 None 670 419 45 118 None 528 362 39 112 None 362 403 90 94 None 168 448 80 156 None 130 418 65 129 None 605 420 43 220 blocking 1021 420 52 107 None
1870.jpg r-pass 975 412 69 130 None 870 426 60 145 setting 865 385 66 97 None 771 481 70 131 None 506 386 40 119 None 417 396 64 137 None 345 444 53 157 None 362 373 35 118 None 279 403 41 117 None 107 475 63 138 None 36 405 53 131 None
32430.jpg r_spike 904 424 65 118 None 873 401 41 99 digging 784 457 54 144 None 683 431 77 103 None 710 394 54 96 None 698 326 58 101 spiking 596 314 54 156 blocking 598 308 54 131 blocking 448 469 84 103 None 304 387 52 97 digging 150 460 56 141 None 124 449 56 118 None
23465.jpg r_set 984 528 67 154 None 964 452 79 131 None 856 355 62 184 setting 782 344 48 99 None 807 357 75 137 None 697 412 50 148 None 528 459 62 160 None 542 402 48 158 None 544 355 50 129 None 206 451 71 137 None 224 363 65 97 None 39 410 75 128 None
32355.jpg r-pass 889 442 52 107 None 838 407 60 107 None 778 375 67 103 None 750 470 72 123 digging 682 476 105 141 None 699 433 50 109 None 620 478 50 130 None 569 451 58 150 None 464 431 72 105 None 511 387 38 110 None 366 456 105 150 None 147 436 61 132 None
1990.jpg l_set 1135 426 61 139 None 1076 488 57 136 None 1017 380 44 115 None 755 446 29 139 None 764 419 37 142 None 741 393 61 130 None 643 404 58 149 None 474 417 49 131 digging 503 358 46 115 None 280 493 92 172 None 332 473 78 142 None 207 434 51 139 None
27270.jpg l-spike 1001 474 60 96 None 957 523 60 105 digging 901 414 45 97 digging 674 494 64 122 None 672 393 39 161 blocking 688 417 37 105 None 568 394 39 129 spiking 597 467 58 105 None 402 500 69 143 None 341 479 58 109 None 253 458 54 122 None 462 390 56 94 None
1770.jpg l-pass 1008 473 120 50 None 1031 384 37 109 None 931 451 52 97 None 837 463 48 124 None 771 404 67 111 None 827 364 45 118 None 710 352 41 143 blocking 710 352 50 143 blocking 464 465 60 148 None 358 470 77 124 None 403 369 48 124 setting 274 447 58 126 None
36380.jpg l_set 730 355 54 123 None 735 400 39 117 None 733 419 35 141 None 959 383 46 119 None 1067 439 42 134 None 993 413 79 123 None 528 463 54 142 None 570 437 36 105 None 539 412 35 128 digging 202 392 56 135 None 85 447 56 159 None 411 345 44 95 None
27565.jpg r_spike 1044 431 88 129 None 835 486 65 139 None 798 435 67 122 None 749 440 48 158 spiking 756 392 41 126 None 710 446 77 146 None 359 380 62 111 None 172 466 99 137 None 43 412 79 118 None 590 391 69 210 blocking 598 380 58 203 blocking
33095.jpg l-pass 1123 383 60 129 None 1007 482 62 109 None 934 389 50 118 None 719 429 39 139 None 706 379 39 148 blocking 721 365 45 129 blocking 613 384 39 126 None 443 382 58 118 None 195 395 58 118 None 61 420 64 154 None 251 461 67 109 None 325 360 47 118 digging
32310.jpg r_set 850 568 137 151 None 957 460 46 132 None 930 447 44 107 None 640 385 49 135 setting 817 383 46 84 None 534 501 49 128 None 694 447 46 109 None 553 442 39 107 None 548 433 32 86 None 331 426 46 88 None 136 476 52 144 None 169 467 23 109 None
46645.jpg l-spike 958 415 51 135 None 891 468 44 149 None 758 402 70 130 None 612 475 56 139 None 633 437 67 142 None 645 397 65 123 None 491 490 58 123 None 377 491 79 191 None 309 452 97 172 setting 383 412 53 137 None 61 448 53 161 None 409 360 48 128 None
24310.jpg r-pass 211 405 85 146 None 422 356 35 129 None 472 439 65 135 None 647 413 58 113 None 690 319 50 135 None 1076 368 80 137 None 912 405 62 105 None 944 350 74 135 None 770 314 45 120 None 758 406 58 80 None 763 404 107 139 digging
36275.jpg r-pass 967 475 74 150 None 904 455 74 71 None 874 378 55 106 None 771 383 49 114 None 718 354 58 110 None 583 406 46 106 None 442 454 37 127 None 493 429 37 134 None 501 374 40 144 blocking 319 405 41 106 None 234 446 38 153 None
23340.jpg l-pass 1081 408 58 103 None 998 498 60 99 None 933 423 56 92 None 706 431 41 144 blocking 749 407 30 111 None 712 408 39 135 blocking 493 466 52 128 None 487 417 71 118 None 319 401 47 105 None 211 475 56 139 None 466 356 33 105 None
38640.jpg r_winpoint 283 383 68 144 None 240 414 57 151 None 112 434 54 149 None 91 394 63 138 None 17 417 60 158 None 949 411 44 143 None 896 349 48 169 None 586 382 53 141 None 710 417 71 169 None 612 445 70 147 None 724 370 46 120 None
34530.jpg l_winpoint 1051 505 79 187 None 873 393 61 100 None 1008 424 61 120 None 739 370 66 136 None 656 363 69 136 None 371 420 68 147 None 341 389 43 115 None 311 430 70 143 None 266 415 56 140 None 207 414 79 148 None 237 430 80 156 None
36570.jpg l_winpoint 982 392 65 163 None 797 537 139 66 None 765 360 61 136 None 669 370 73 157 None 645 486 70 102 None 592 440 51 174 None 395 420 62 131 None 373 384 99 137 None 322 416 65 155 None 260 390 78 182 None 235 391 52 160 None 294 373 54 157 None
43845.jpg l_winpoint 977 406 39 130 None 765 379 56 136 None 778 521 87 91 None 675 507 70 67 None 730 534 79 106 None 733 346 66 118 None 542 358 73 163 None 493 398 70 149 None 490 444 53 166 None 385 364 47 148 None 257 398 89 143 None 270 408 70 175 None
40770.jpg l_winpoint 31 388 109 139 None 61 383 71 119 None 236 383 60 137 None 298 333 31 125 None 266 336 41 135 None 346 384 54 127 None 530 348 40 124 None 575 331 55 118 None 784 348 56 114 None 718 417 56 149 None 917 413 44 148 None 1035 368 44 102 None
39195.jpg r_winpoint 1167 395 65 184 None 1105 437 86 184 None 1111 402 55 139 None 957 439 66 167 None 913 420 91 151 None 921 383 52 152 None 614 438 44 154 None 392 414 75 159 None 229 395 51 136 None 205 459 54 183 None 183 400 81 166 None
33315.jpg r_winpoint 1200 391 79 159 None 1137 358 70 136 None 1052 428 132 149 None 869 406 61 153 None 814 395 71 152 None 873 340 87 114 None 600 432 85 145 None 625 366 54 143 None 502 314 36 130 None 323 364 40 131 None 141 434 38 181 None 58 446 144 75 None
43320.jpg l_winpoint 1019 465 51 152 None 971 375 51 137 None 929 370 39 119 None 667 386 56 129 None 645 443 51 151 None 622 465 54 168 None 448 397 52 150 None 390 438 84 164 None 444 362 42 145 None 307 422 50 144 None 291 414 43 142 None 196 396 52 141 None
