6235.jpg l-spike 395 313 59 107 digging 465 271 40 114 None 550 171 37 138 spiking 563 290 48 126 None 566 338 60 133 None 538 402 68 146 None 629 161 45 166 blocking 626 190 55 159 blocking 716 365 100 141 None 908 396 68 121 None 989 319 69 108 None 987 255 55 102 None
6095.jpg r-pass 1046 413 50 85 digging 967 416 71 132 digging 995 308 57 111 None 792 334 73 122 None 736 239 61 99 None 627 313 55 93 None 556 390 44 126 None 566 324 53 117 blocking 517 310 50 132 None 382 319 39 106 None 238 323 46 118 None 74 428 60 124 None
7480.jpg r-pass 77 412 57 153 None 163 332 53 128 None 336 319 36 127 None 527 288 49 140 None 558 326 56 141 blocking 536 372 52 143 None 626 293 63 114 None 756 221 72 119 None 855 298 55 142 None 1040 293 65 128 None 1026 374 73 122 digging 1016 419 60 149 None
6130.jpg r_set 214 427 69 118 None 201 355 55 117 None 350 305 56 100 None 579 274 45 123 None 585 330 52 141 blocking 584 418 45 137 None 760 282 56 118 setting 767 327 50 142 None 840 232 79 95 None 983 344 80 123 None 1051 376 47 119 None 926 457 67 141 None
16630.jpg l_set 1099 346 89 123 None 960 411 61 130 None 904 280 60 116 None 719 290 52 106 None 693 302 39 135 None 686 357 46 131 None 553 296 50 139 setting 482 318 53 114 None 498 246 46 100 None 391 303 47 109 None 236 430 141 79 None 137 449 120 124 None
9765.jpg r-pass 928 372 67 131 None 830 303 109 121 digging 776 234 42 78 None 738 361 61 140 None 709 385 56 119 None 850 442 69 161 None 536 320 59 137 None 491 402 77 143 None 502 237 58 157 None 274 395 94 132 None 191 322 63 153 None 231 297 71 116 None
9800.jpg l-pass 985 393 43 134 None 845 273 64 125 None 862 208 45 116 None 707 292 43 122 None 686 382 56 159 None 665 336 41 149 None 588 365 59 141 None 450 469 73 108 digging 432 305 73 110 None 402 245 51 121 None 281 314 53 113 None 145 337 50 156 None
6155.jpg r_spike 968 407 59 106 None 894 310 55 118 None 815 382 48 126 None 736 387 91 155 spiking 712 365 49 125 None 737 240 48 116 None 610 344 51 185 blocking 596 348 57 157 blocking 527 279 49 104 None 286 438 68 115 None 273 311 69 100 None 176 361 71 105 digging
7705.jpg r_set 579 413 47 156 None 576 317 44 125 None 569 260 45 132 None 302 398 72 131 None 297 278 45 112 None 139 372 69 123 None 687 319 67 193 None 655 215 48 159 setting 784 207 96 118 None 959 349 47 144 None 1006 303 77 122 None 907 478 85 163 None
7605.jpg l_set 1009 412 55 135 None 1046 337 55 137 None 1032 264 80 113 None 752 392 53 153 None 737 312 51 139 None 716 258 50 139 None 651 388 54 160 None 468 330 57 173 setting 365 497 115 140 None 368 283 67 103 None 373 227 73 88 None 186 331 97 128 None
15695.jpg r_set 108 321 58 125 None 260 266 67 126 None 180 400 71 139 None 526 271 46 129 None 531 354 52 136 None 504 375 51 150 None 734 230 45 160 setting 777 249 98 105 None 882 343 66 90 None 980 349 73 121 None 957 390 58 154 None 868 421 68 145 None
15635.jpg l-spike 1162 352 70 136 None 987 260 85 106 None 974 414 71 131 None 623 290 67 117 None 613 188 65 157 blocking 608 196 83 133 blocking 526 209 62 119 spiking 513 318 52 143 None 520 302 67 121 None 438 254 40 139 None 361 311 53 124 None 307 368 53 135 None
16490.jpg l-spike 341 386 37 136 None 335 306 41 137 None 402 253 75 139 spiking 496 342 52 137 None 546 313 42 121 None 640 317 59 131 None 644 282 54 100 None 796 357 66 116 None 988 294 51 106 None 967 403 56 134 None 1067 335 58 122 None
8585.jpg l-spike 1122 284 63 123 None 1036 429 69 142 None 935 264 61 109 None 706 256 50 113 None 614 320 63 190 blocking 630 286 56 149 blocking 516 366 66 164 None 530 330 79 105 None 486 208 57 127 None 368 369 60 133 None 375 337 78 119 None 397 291 57 115 digging
6260.jpg r-pass 334 271 53 144 None 383 279 67 105 None 474 297 52 117 None 484 365 64 141 None 530 326 60 137 None 561 210 30 126 None 606 231 61 124 None 613 210 67 97 None 776 356 72 135 None 865 262 83 84 None 887 374 83 114 None 1035 355 77 80 None
9690.jpg l-spike 1085 322 53 122 None 933 267 89 98 None 973 439 71 125 None 674 399 88 138 None 628 221 53 171 blocking 493 224 80 127 spiking 391 304 63 120 None 534 434 68 151 None 530 380 54 156 None 360 413 58 147 None 353 326 47 130 None
15535.jpg r-pass 348 368 53 137 None 421 309 69 116 None 432 272 48 124 None 489 384 62 130 None 543 323 51 133 None 528 243 40 123 None 627 248 41 123 None 649 246 31 108 None 731 298 67 111 None 937 460 137 88 None 987 262 46 109 None 1084 342 77 102 None
16360.jpg l-pass 1051 383 62 146 None 1049 364 61 116 None 923 306 45 134 None 675 354 43 133 None 662 332 40 123 None 669 314 41 119 None 549 383 66 103 None 422 306 68 105 None 257 390 134 84 None 303 418 57 118 None 238 310 49 117 None 5 450 46 151 None
15450.jpg l-pass 273 412 72 132 None 485 366 57 141 None 377 317 86 125 None 374 280 61 102 digging 510 251 65 106 None 540 266 36 126 None 680 273 45 123 None 663 287 49 141 None 659 322 52 141 None 962 261 53 123 None 1058 332 69 126 None 970 402 62 153 None
16660.jpg l-spike 1007 469 90 112 None 1060 348 61 103 None 882 302 88 100 None 634 314 49 102 None 574 337 61 188 blocking 582 310 49 175 blocking 485 373 52 126 None 422 326 68 115 None 479 280 39 108 None 318 344 74 191 spiking 333 333 51 145 None 225 377 59 142 None
15515.jpg l-spike 365 404 67 134 None 516 368 44 145 None 449 313 46 114 None 410 256 40 135 None 528 197 61 125 spiking 552 316 52 137 None 656 278 54 138 None 626 209 56 157 blocking 628 193 36 154 blocking 958 256 57 108 digging 980 416 74 135 digging 1131 317 67 131 None
9740.jpg r-pass 258 381 52 149 None 252 317 76 146 None 330 293 38 123 None 532 283 40 136 None 560 395 41 149 None 560 333 52 144 None 642 344 103 128 digging 678 329 63 118 digging 735 279 115 52 None 907 440 75 168 None 966 383 41 138 None 996 282 53 128 None
9665.jpg l_set 1111 346 72 115 None 994 267 49 118 None 989 432 54 133 None 668 380 51 135 None 655 319 52 113 None 674 288 44 118 None 481 401 55 143 None 470 339 56 147 setting 338 445 98 150 None 350 305 43 117 None 322 261 80 105 None 242 355 54 160 None
7555.jpg r_spike 1082 286 89 111 None 942 371 49 152 None 785 408 84 172 spiking 770 401 56 118 None 656 371 67 129 None 702 226 51 137 None 590 340 56 192 blocking 596 304 61 202 blocking 415 261 56 117 digging 325 414 57 131 None 177 293 76 112 None 24 369 64 122 None
15410.jpg l_set 1150 342 70 134 None 1014 426 63 138 None 968 271 45 125 None 676 343 54 142 None 669 282 60 149 None 691 274 48 123 None 546 311 65 157 setting 568 282 62 117 None 386 372 46 122 None 281 315 133 110 None 321 276 99 110 None 62 448 132 141 None
15730.jpg l-pass 1113 281 48 133 None 951 285 60 101 None 964 401 67 136 None 875 427 61 165 None 829 338 55 134 None 765 256 47 125 None 700 313 40 157 blocking 673 281 56 164 blocking 566 380 83 133 None 178 466 85 81 digging 185 333 67 117 None 247 288 63 108 None
9710.jpg r-pass 287 384 62 152 None 329 301 39 152 None 397 293 44 128 None 492 259 43 134 None 524 412 66 145 None 535 332 55 154 None 577 267 43 121 None 605 273 31 122 None 759 345 66 150 None 830 270 135 96 None 933 396 75 133 None 1006 271 72 117 None
16520.jpg r-pass 967 322 46 134 None 879 289 91 101 digging 911 381 79 145 None 880 356 48 129 None 724 323 72 133 None 527 294 34 115 None 471 324 46 136 None 422 379 46 137 None 360 290 54 117 None 227 308 42 111 None 199 409 71 139 None 156 330 42 139 None
7575.jpg l-pass 1054 265 57 114 None 934 370 49 152 None 853 478 105 165 None 862 422 60 130 None 720 345 50 142 None 710 248 47 137 None 603 438 104 150 None 656 397 47 157 None 450 382 84 136 None 393 256 74 127 None 190 308 93 112 None 62 362 60 149 None
16555.jpg r_set 88 368 65 130 None 236 305 40 108 None 219 441 89 124 digging 488 283 50 127 None 500 341 53 124 None 472 424 60 146 None 631 271 57 148 setting 746 285 51 105 None 903 255 95 106 None 942 343 92 129 None 1001 409 87 141 None 922 459 98 141 None
15385.jpg l-pass 934 300 45 147 None 1115 375 52 142 None 1075 350 55 129 None 702 348 40 140 None 698 307 40 138 None 692 292 48 138 None 433 268 56 106 None 217 343 118 107 digging 232 342 62 83 digging 264 401 71 125 None 588 345 57 132 None
6210.jpg l_set 960 393 48 121 None 943 324 64 125 None 968 277 76 82 None 664 363 43 129 None 658 305 59 129 None 646 274 49 120 None 543 366 57 128 None 516 273 68 160 setting 367 242 81 93 None 357 279 44 117 None 248 322 51 125 None 364 461 86 143 None
15650.jpg r-pass 330 369 53 115 None 522 337 58 135 None 702 293 53 111 None 958 290 49 87 digging 619 258 51 128 None 342 315 38 115 None 440 261 43 135 None 605 238 42 146 None 545 242 34 132 None 926 396 103 138 None 1057 345 81 140 None 505 297 52 111 None
16425.jpg l-spike 750 371 58 127 None 986 431 71 113 digging 998 288 86 96 None 1112 329 55 117 digging 597 217 69 164 blocking 516 350 46 132 None 507 317 65 112 digging 453 207 59 147 spiking 436 326 41 120 None 325 398 64 128 None 316 323 51 139 None
8475.jpg l_set 301 408 106 153 None 233 370 59 139 None 280 293 71 120 None 305 221 96 104 None 418 305 53 153 setting 547 304 68 124 None 667 256 51 129 None 680 308 48 137 None 685 347 52 134 None 1010 278 86 84 None 1155 321 46 138 None 1006 414 69 157 None
8520.jpg l-pass 324 293 38 112 None 411 334 51 133 None 512 401 72 96 None 445 261 43 122 digging 531 294 83 116 None 573 239 49 119 None 627 254 38 107 None 628 225 44 124 None 788 396 99 135 None 948 298 53 131 None 1002 383 91 138 None 977 260 75 105 None
7665.jpg r-pass 1105 304 75 122 None 991 415 118 100 digging 809 274 55 115 None 832 225 50 126 None 728 456 98 162 None 676 426 113 163 None 504 425 89 146 None 542 347 65 143 None 527 257 44 141 None 343 314 51 122 None 347 371 60 143 None 250 406 62 151 None
16590.jpg l-pass 230 420 126 84 None 359 423 91 108 None 350 290 52 110 None 533 393 89 119 None 661 251 39 137 None 659 282 39 126 None 718 264 44 107 None 850 269 47 128 None 952 323 63 115 None 1004 357 55 133 None 914 403 71 135 None 768 428 64 149 None
16385.jpg l_set 1091 342 49 130 None 958 303 37 124 None 922 405 59 126 None 711 375 50 137 None 702 271 68 138 None 683 316 38 136 None 541 371 65 118 None 448 310 75 113 None 324 416 133 56 None 379 371 39 116 digging 283 295 70 124 None 93 447 81 143 None
15755.jpg l-pass 1070 282 51 142 None 1004 379 57 147 None 905 252 51 116 None 840 317 62 134 None 831 383 56 153 None 771 293 44 139 None 666 299 60 136 None 624 331 47 115 None 494 428 128 83 None 295 268 53 128 None 210 327 74 103 None 163 527 60 66 None
9630.jpg l-pass 127 395 72 159 None 173 365 60 123 digging 273 395 73 145 None 371 388 67 137 None 210 287 49 124 None 561 367 64 137 None 679 336 45 141 None 637 323 55 140 None 741 327 44 133 None 916 386 43 137 None 1057 339 59 129 None 1199 329 72 153 None
16710.jpg r_set 939 364 67 135 None 615 295 44 127 setting 583 384 61 134 None 671 446 96 91 None 763 490 84 145 None 445 400 60 131 None 506 378 54 134 None 499 317 40 123 None 245 420 55 131 None 190 369 49 142 None 241 343 66 103 None 905 270 76 98 digging
16575.jpg r_spike 898 407 111 141 None 917 368 68 123 None 811 263 69 113 None 808 330 63 126 None 809 454 56 154 None 686 190 59 141 spiking 574 265 44 153 blocking 572 210 44 166 blocking 511 412 72 135 None 269 422 87 122 None 267 296 49 106 None 160 366 59 137 None
15490.jpg l_set 143 449 76 141 None 297 326 71 119 None 294 255 73 107 None 391 230 79 102 None 440 311 57 116 None 535 298 48 171 setting 672 280 49 120 None 655 293 58 141 None 657 349 56 133 None 931 276 52 118 None 1001 413 70 146 None 1147 326 61 121 None
6175.jpg l-pass 171 338 51 124 None 223 312 83 102 digging 360 392 76 121 None 399 274 74 110 None 569 440 95 126 None 618 392 52 147 None 725 418 44 153 None 772 411 53 127 None 698 349 43 137 None 700 250 35 125 None 927 266 40 110 None 964 393 47 123 None
7635.jpg l-spike 1091 456 94 123 None 1108 303 60 109 None 990 272 62 107 None 750 263 45 111 None 670 357 53 183 blocking 685 321 43 151 None 534 359 89 195 spiking 576 379 80 106 None 412 359 46 135 None 326 397 57 143 digging 479 303 50 122 None 497 215 57 132 None
8430.jpg l-pass 266 245 52 155 digging 400 285 48 99 None 202 387 60 132 None 190 311 58 124 None 716 337 37 148 None 688 328 46 115 None 694 264 36 110 None 943 283 40 120 None 1021 372 71 141 None 1023 348 73 114 None 542 374 77 121 None 452 299 72 119 None
16740.jpg r_spike 86 376 71 127 None 199 330 64 103 None 280 446 92 118 None 469 305 57 99 None 598 397 41 164 blocking 585 371 50 160 blocking 652 381 49 127 None 698 417 76 146 spiking 786 424 55 131 None 853 266 65 126 None 1004 447 63 121 None 669 305 48 116 None
15600.jpg l_set 90 432 94 142 None 327 309 50 120 None 397 324 69 125 None 411 266 44 122 None 436 255 72 106 None 556 326 36 105 digging 664 326 40 136 None 674 291 37 141 None 676 261 36 119 None 941 271 54 112 None 949 388 76 136 None 1119 323 96 127 None
16685.jpg r-pass 956 384 51 102 None 952 286 55 110 None 771 484 185 70 None 596 429 71 135 None 603 352 48 111 None 558 400 55 142 None 480 363 49 133 None 481 312 37 126 None 397 350 56 119 None 368 426 54 137 None 262 375 47 100 None 227 379 49 151 None
6070.jpg l-spike 1229 449 49 129 None 1172 386 57 109 None 1092 308 68 105 None 914 342 62 96 None 928 327 48 59 None 846 286 44 114 None 752 325 50 149 blocking 717 357 34 107 None 648 342 43 136 None 551 340 36 111 None 463 314 28 120 None 148 371 67 161 spiking
7520.jpg r_set 73 356 72 128 None 166 423 73 139 None 266 287 44 111 None 546 257 47 137 None 547 332 56 135 None 549 423 60 147 None 757 333 50 154 None 849 272 85 154 setting 863 207 68 102 None 1011 374 60 139 None 1082 323 49 142 None 983 497 116 171 None
16445.jpg l-pass 969 407 82 136 None 1076 327 54 119 None 1042 271 50 125 None 754 344 81 125 None 610 275 63 122 None 622 281 45 112 None 527 339 51 113 None 507 350 57 137 None 417 342 51 76 None 423 266 58 109 None 310 332 54 130 None 370 420 62 101 None
8555.jpg l_set 939 264 69 109 None 999 326 62 123 None 1041 415 103 162 None 685 359 41 141 None 667 294 47 135 None 660 254 49 120 None 540 303 57 134 None 434 314 58 173 setting 343 436 113 147 None 409 263 43 119 None 437 227 60 107 None 287 308 67 130 None
15775.jpg l-spike 1056 272 55 126 None 154 468 85 106 None 226 300 50 125 None 419 402 133 92 None 368 226 68 152 spiking 572 318 57 130 None 637 292 41 135 None 753 317 51 150 None 836 366 55 144 None 786 268 51 114 None 930 325 82 137 None 1049 380 65 154 None
8500.jpg l-spike 1078 327 96 117 None 983 415 100 116 None 1013 259 47 102 None 734 399 102 125 None 626 226 36 157 blocking 624 181 35 181 blocking 542 291 59 129 None 481 173 67 130 spiking 418 277 51 109 digging 340 333 80 126 None 269 331 63 127 None 499 402 62 155 None
7740.jpg l-pass 138 391 61 106 None 211 279 81 113 None 254 384 94 136 None 660 278 42 139 None 602 244 69 132 None 551 401 75 106 None 721 323 50 157 None 751 319 70 125 None 740 257 55 124 None 772 215 59 136 None 984 319 38 127 None 790 411 69 153 None
15560.jpg l-pass 989 302 66 136 None 977 251 71 118 None 898 428 105 84 None 771 327 65 136 None 701 269 59 113 None 637 228 63 146 blocking 548 222 40 153 setting 528 377 53 144 None 545 326 80 131 None 402 270 58 122 None 373 314 43 120 None 279 391 73 122 None
38655.jpg r_winpoint 131 408 50 128 None 224 346 48 138 None 279 303 35 113 None 511 302 59 126 None 473 257 54 112 None 639 354 45 126 None 791 344 60 127 None 797 319 60 124 None 901 385 68 140 None 936 387 47 122 None 894 331 66 112 None 1042 337 68 123 None
31425.jpg l_winpoint 1084 401 74 106 None 862 288 44 120 None 884 415 52 144 None 700 216 44 133 None 614 479 58 176 None 536 402 45 164 None 150 352 78 166 None 161 325 58 111 None 282 359 84 146 None 295 331 53 145 None 359 331 75 144 None 306 286 104 142 None
40455.jpg l_winpoint 405 443 65 148 None 375 334 41 149 None 400 336 61 132 None 390 375 82 133 None 469 358 69 134 None 495 312 65 128 None 647 327 61 135 None 692 273 51 130 None 726 359 60 131 None 817 370 117 36 None 884 375 62 144 None 913 338 71 128 None
41340.jpg r_winpoint 971 364 77 130 None 843 424 56 124 None 816 357 40 119 None 765 372 65 133 None 779 307 37 127 None 725 345 57 139 None 614 389 39 130 None 580 408 41 132 None 379 284 79 118 None 321 430 79 133 None 278 287 48 110 None 104 401 41 147 None
48075.jpg r_winpoint 265 352 61 114 None 294 425 51 123 None 348 363 55 115 None 432 300 40 110 None 524 432 69 135 None 527 442 50 143 None 719 415 71 151 None 712 385 53 130 None 769 338 67 116 None 733 333 43 112 None 835 341 73 144 None 897 394 47 119 None
52125.jpg r_winpoint 924 287 58 159 None 844 347 78 130 None 713 346 72 150 None 795 299 60 135 None 761 305 47 134 None 728 330 47 132 None 516 294 48 138 None 469 266 37 136 None 450 306 44 146 None 441 386 58 137 None 370 355 57 136 None 286 342 49 147 None
48690.jpg l_winpoint 1005 297 65 129 None 980 311 55 128 None 955 376 56 122 None 883 397 45 134 None 773 325 36 128 None 777 276 52 109 None 465 335 45 134 None 432 331 51 128 None 436 348 44 134 None 372 364 70 130 None 375 368 70 110 None 383 342 49 126 None
50175.jpg l_winpoint 840 289 43 136 None 812 338 45 126 None 721 362 46 148 None 730 315 55 115 None 707 273 52 123 None 681 287 48 97 None 521 342 76 142 None 451 351 49 125 None 450 321 33 133 None 476 310 45 120 None 490 286 60 118 None 525 301 38 135 None
50880.jpg r_winpoint 814 287 62 163 None 863 273 38 145 None 825 262 57 132 None 764 261 65 133 None 733 300 71 152 None 716 275 46 150 None 554 381 46 159 None 515 457 52 148 None 365 387 51 157 None 431 248 42 133 None 665 535 85 178 None 532 534 87 164 None
