13900.jpg r_spike 216 407 49 106 digging 325 325 59 97 None 489 411 53 115 None 546 330 47 94 None 631 361 38 145 blocking 639 372 49 150 blocking 739 320 33 80 None 737 348 40 102 None 708 398 54 99 None 707 379 65 147 spiking 886 384 49 96 None 895 345 52 93 None
10500.jpg l-pass 287 356 36 106 digging 401 292 43 94 None 354 384 70 110 None 492 405 72 119 None 744 264 35 118 None 748 284 32 115 None 782 337 66 108 None 848 314 48 109 None 875 275 70 92 None 814 379 45 127 None 985 372 52 103 None 1002 319 40 94 None
21795.jpg r_set 874 406 55 120 setting 861 342 76 95 None 774 335 57 57 None 566 430 73 114 None 600 381 45 114 None 586 321 37 98 None 467 302 39 104 None 434 383 37 112 None 443 481 75 135 None 368 446 64 121 None 305 378 29 99 None 349 312 44 96 None
12445.jpg r_spike 254 377 51 110 None 365 340 48 83 digging 313 419 62 98 None 467 431 69 96 None 629 299 35 119 blocking 631 324 30 126 blocking 678 345 46 81 None 714 318 45 89 None 704 414 63 104 None 794 306 60 130 spiking 850 324 47 73 None 831 433 71 102 None
18720.jpg r_spike 260 371 58 106 None 336 340 50 84 None 465 315 63 96 None 354 447 71 106 None 562 371 41 123 None 570 369 46 165 blocking 617 362 39 112 None 678 371 46 112 None 637 391 64 134 spiking 771 415 49 105 None 852 349 45 113 None 799 318 63 50 None
22005.jpg r_spike 197 388 57 97 digging 285 290 70 99 None 274 432 62 98 digging 510 398 79 114 None 549 358 60 104 None 564 269 40 130 blocking 660 238 33 137 spiking 785 294 33 98 None 701 365 42 115 None 773 380 38 109 None 682 430 49 126 None 968 343 77 73 None
10350.jpg l_set 313 307 73 102 None 344 376 44 104 None 434 354 59 95 None 515 395 61 123 None 590 351 42 149 setting 727 304 36 95 None 727 351 42 91 None 728 389 33 138 None 951 317 43 90 None 1038 372 55 104 None 980 421 40 115 None 488 245 44 86 None
18795.jpg l-pass 270 369 54 113 None 405 351 38 79 digging 386 444 91 86 digging 579 358 89 81 None 635 375 35 123 None 587 423 104 115 None 700 388 40 109 None 746 353 42 113 None 731 443 43 125 None 852 298 52 98 None 885 355 49 116 None 868 406 30 111 None
13785.jpg r-pass 312 320 42 102 None 385 327 49 104 None 470 381 40 95 None 617 335 47 104 None 647 362 37 109 None 641 426 28 123 None 699 344 47 84 None 802 328 44 91 None 851 305 37 93 None 977 345 48 78 digging 1031 360 34 76 digging 1007 417 44 110 None
18915.jpg r_spike 171 355 48 108 None 327 330 46 88 digging 311 427 64 124 None 451 399 66 120 None 465 304 44 102 None 542 336 39 118 blocking 602 277 42 139 spiking 616 345 45 108 None 815 431 74 115 None 848 391 48 112 None 949 349 65 109 None 918 381 46 54 None
27035.jpg l_set 215 454 111 63 None 303 427 68 102 None 519 331 41 81 None 545 301 50 76 None 608 378 55 84 None 652 390 32 114 None 731 313 30 95 None 719 349 39 96 None 742 361 37 111 None 921 322 33 94 None 915 403 43 103 None 1013 359 49 102 None
18870.jpg l-spike 218 344 43 107 None 343 324 51 95 None 392 254 61 107 spiking 338 404 71 86 None 375 440 79 103 None 483 337 39 110 None 584 293 31 96 None 593 273 20 137 blocking 674 389 80 100 None 896 298 39 91 None 975 331 47 109 None 926 412 48 103 None
26965.jpg r_set 344 354 40 94 None 462 342 35 84 None 424 420 57 92 None 606 327 30 98 None 610 346 29 99 None 580 414 46 100 None 647 311 35 105 setting 675 329 41 109 None 790 435 73 108 None 799 382 70 89 None 850 345 40 91 None 877 306 49 78 None
22025.jpg l-pass 976 310 61 107 None 828 373 47 107 None 758 361 44 122 None 785 304 41 106 None 683 381 42 118 None 705 301 40 106 None 619 296 40 108 None 543 334 56 108 None 433 403 110 94 digging 316 420 104 77 None 277 400 56 70 None 406 294 59 85 None
26880.jpg l-pass 378 326 52 72 None 344 359 39 78 None 370 405 44 79 None 547 372 35 103 None 592 372 53 76 digging 655 373 40 102 None 654 322 32 115 None 659 303 26 86 None 806 332 42 67 None 854 400 56 98 None 1055 347 36 96 None 471 270 47 65 None
18695.jpg r_set 900 338 58 110 None 761 318 79 61 None 764 391 49 106 None 669 355 62 108 None 725 467 78 121 None 608 336 43 104 None 551 421 38 115 None 563 314 30 138 blocking 530 307 45 104 None 356 436 64 116 None 372 357 51 107 None 361 319 48 89 None
21900.jpg l_set 959 345 49 96 None 833 398 41 92 None 765 325 50 83 None 653 410 40 95 None 641 362 40 105 None 651 283 41 90 None 582 334 46 132 setting 530 388 46 118 None 474 244 41 83 None 362 380 36 107 None 256 334 85 104 None 236 459 76 119 None
12510.jpg l_set 264 367 68 100 None 319 461 71 103 None 353 391 43 130 setting 425 323 38 88 None 528 279 47 71 None 580 335 49 102 None 720 373 36 108 None 714 350 47 93 None 714 306 30 93 None 1001 409 33 106 None 941 311 35 84 None 1012 344 45 105 None
18665.jpg r-pass 978 364 43 100 None 824 334 66 76 digging 837 392 45 105 None 647 406 48 110 None 632 340 38 107 None 644 298 40 89 None 593 344 36 105 None 493 276 38 86 None 519 411 35 116 None 327 352 89 104 None 369 313 33 88 None 266 463 96 115 None
13820.jpg r_set 995 344 62 75 None 878 368 29 100 None 879 441 77 103 None 760 289 38 76 None 690 326 40 126 None 650 303 36 124 setting 601 426 45 106 None 608 361 35 107 None 600 308 33 95 None 377 418 47 111 None 366 315 37 91 None 259 355 35 109 None
27140.jpg r_set 961 377 50 97 None 914 371 53 93 None 753 441 86 114 None 759 321 32 81 None 664 343 40 118 None 676 330 29 85 setting 572 417 31 114 None 560 369 37 107 None 559 344 40 100 None 414 353 50 83 None 336 439 76 100 None 239 347 40 102 None
10395.jpg r-pass 984 451 45 110 None 963 349 36 105 None 813 291 43 96 None 767 278 52 87 None 662 458 44 120 None 664 383 47 117 None 494 436 58 147 None 509 339 59 99 None 516 254 39 111 None 402 368 34 121 None 381 326 41 105 None 369 265 38 119 None
21865.jpg l-pass 926 328 46 105 None 869 410 46 111 None 860 315 53 68 None 667 381 36 113 None 657 345 39 105 None 673 305 30 98 None 595 386 43 115 None 421 371 68 106 digging 472 268 38 88 None 354 385 42 82 digging 332 415 52 97 None 272 317 46 105 None
21765.jpg l-spike 896 420 43 94 None 927 344 40 98 None 847 327 56 72 digging 489 381 61 125 spiking 614 307 33 92 None 607 362 36 97 None 603 374 37 132 blocking 471 373 44 98 None 440 269 62 85 None 357 345 37 97 None 286 388 59 92 None 302 455 51 104 None
18935.jpg l-pass 974 373 74 52 None 918 345 48 116 None 818 409 46 88 None 736 418 66 129 None 682 355 34 108 None 671 337 36 105 None 611 338 33 107 None 567 414 68 112 None 488 316 57 92 None 431 362 35 71 None 239 361 47 105 None 373 447 95 67 None
21980.jpg r_set 901 369 106 50 None 840 267 59 89 None 772 384 54 105 None 776 464 84 115 None 606 301 39 127 setting 650 270 50 89 None 508 385 41 126 None 504 347 41 112 None 472 286 47 102 None 282 276 58 102 None 211 337 53 93 None 238 420 45 126 None
18630.jpg l-pass 894 377 43 104 None 1014 349 47 120 None 1028 316 32 98 None 732 354 38 111 None 702 338 37 115 None 732 310 28 97 None 646 356 45 115 None 513 342 44 108 None 386 353 48 83 digging 279 412 50 119 None 189 353 49 110 None 414 273 51 90 None
21750.jpg l_set 966 350 44 102 None 882 396 43 98 None 862 328 49 70 None 661 398 35 105 None 652 361 43 98 None 664 310 39 83 None 552 338 46 127 setting 474 397 48 102 None 214 440 73 94 None 277 341 83 98 None 321 378 43 96 None 473 260 30 72 None
26990.jpg r_spike 858 376 40 89 None 823 404 40 91 digging 843 324 40 88 None 728 360 33 125 spiking 689 355 32 100 None 695 326 31 88 None 650 388 32 140 blocking 653 354 27 122 blocking 464 340 32 68 digging 409 431 50 96 digging 346 360 37 87 digging
12550.jpg l-spike 992 333 40 98 None 936 419 55 89 None 766 406 60 98 digging 780 317 38 81 None 620 264 27 123 blocking 623 253 32 132 blocking 529 353 69 88 None 480 322 36 84 None 478 252 38 108 spiking 289 362 48 97 digging 179 435 47 118 None 530 438 43 113 None
12405.jpg r_set 889 344 53 95 None 818 332 46 60 None 743 278 29 92 None 691 364 61 81 None 693 409 50 112 digging 646 380 33 107 None 555 412 34 108 None 575 368 32 107 None 574 321 33 90 None 421 376 44 103 None 361 401 47 114 None 367 335 27 90 None
22060.jpg l_set 323 351 52 110 digging 365 382 84 114 None 417 403 56 52 None 408 297 45 102 None 522 335 47 104 None 504 266 55 83 None 685 344 37 106 None 718 313 37 100 None 680 313 36 110 None 914 399 58 103 None 947 320 53 111 None 905 285 37 93 None
27070.jpg l-pass 224 442 48 72 None 439 419 68 104 None 431 327 26 87 None 455 303 63 86 digging 550 346 46 82 None 576 372 30 100 None 654 310 30 89 None 711 336 42 95 None 776 385 48 112 None 948 395 56 98 None 921 314 54 79 None 997 342 48 92 None
21940.jpg r-pass 886 342 67 83 None 791 378 70 92 None 734 276 39 83 None 627 406 88 101 None 525 273 38 94 None 488 257 32 111 None 453 388 44 131 None 432 358 36 121 None 424 267 48 102 None 257 424 67 122 None 316 343 57 85 None 317 277 36 111 None
18890.jpg r-pass 951 350 41 91 None 906 391 62 101 None 883 348 42 57 digging 747 389 56 106 None 553 318 38 101 None 566 295 29 94 None 445 350 51 106 None 370 292 54 97 None 339 441 78 103 None 157 349 47 103 None 284 398 84 97 None 331 326 34 91 None
18830.jpg l_set 258 371 72 102 None 431 318 37 94 None 506 276 47 90 None 518 395 60 102 digging 471 430 41 112 None 609 373 52 126 None 699 366 34 115 None 700 340 31 107 None 711 310 33 96 None 921 404 48 104 None 924 336 43 108 None 900 286 47 96 None
26850.jpg l-pass 799 384 37 93 None 765 362 34 73 None 641 373 27 103 None 621 364 39 89 blocking 635 323 27 91 None 577 404 39 83 None 460 345 35 81 None 433 286 28 74 None 294 403 43 72 None 348 389 38 59 None 321 327 47 71 None
26935.jpg r-pass 273 389 42 99 None 341 361 44 98 None 371 349 34 91 None 516 379 42 83 None 570 370 28 102 None 556 317 33 94 None 604 324 30 93 None 710 341 51 97 digging 798 416 42 113 None 806 361 33 75 None 832 347 37 78 None 836 313 35 66 None
21720.jpg l-pass 865 365 29 100 None 975 349 35 111 None 1000 316 42 90 None 717 358 27 105 None 724 320 29 98 None 683 339 34 112 blocking 635 345 33 104 None 503 339 46 93 None 442 274 36 85 None 368 394 45 64 digging 268 399 63 88 None 201 335 43 106 None
18735.jpg r-pass 874 377 45 108 None 852 302 53 83 None 750 430 51 110 digging 699 394 54 98 None 657 439 48 113 None 651 367 37 94 None 612 419 30 133 blocking 591 380 47 119 None 420 433 51 103 None 469 317 69 96 None 316 345 67 83 None 257 368 49 104 None
21925.jpg l-spike 328 452 60 113 None 358 365 45 101 None 359 310 42 112 None 486 377 49 116 None 521 395 32 132 None 452 231 64 102 spiking 569 278 32 124 blocking 554 250 28 118 blocking 725 296 41 93 None 621 415 63 110 None 824 393 75 96 None 920 337 51 102 None
10440.jpg r_set 984 360 50 115 None 905 336 60 128 digging 742 318 40 102 None 778 232 43 92 None 707 398 54 142 None 761 503 72 170 None 459 382 43 130 None 503 356 41 133 None 495 254 38 108 None 217 384 71 129 None 246 270 54 94 None 114 315 72 122 None
12300.jpg l-pass 170 447 47 110 None 408 304 35 85 None 521 385 43 87 None 552 417 57 109 None 298 387 36 101 digging 318 378 32 83 digging 878 324 33 87 None 1017 348 32 100 None 867 403 23 95 None 714 396 28 105 None 733 341 31 93 None 696 350 32 110 blocking
19005.jpg l-spike 967 415 42 107 None 999 344 53 107 None 939 312 41 81 None 699 326 45 103 None 615 333 42 149 blocking 614 310 27 146 blocking 523 403 45 118 None 510 322 40 103 digging 454 285 53 100 None 398 327 38 100 None 377 303 40 153 spiking 340 413 55 114 None
10315.jpg l-pass 1120 370 39 123 None 1103 300 50 106 None 989 398 34 109 None 802 371 62 119 None 820 332 32 108 None 789 340 48 125 blocking 725 389 46 116 None 597 320 43 103 None 604 248 42 92 None 372 378 43 103 None 377 325 47 98 None 403 313 53 90 digging
26905.jpg l-pass 959 342 37 86 None 891 386 44 99 None 855 313 41 70 None 713 380 32 104 None 660 343 48 90 None 639 309 35 90 None 554 388 33 107 None 544 402 64 43 None 410 359 49 78 digging 379 336 57 66 None 364 415 50 56 None 534 277 44 89 None
18960.jpg l_set 860 407 58 93 None 917 341 33 119 None 962 320 43 90 None 695 391 36 115 None 674 355 46 94 None 687 323 33 97 None 600 337 55 96 digging 566 385 53 113 None 455 336 49 89 None 467 285 45 84 None 381 443 95 68 None 223 366 72 100 None
12465.jpg l-pass 1001 406 38 101 None 914 313 54 78 None 834 364 55 103 None 768 308 49 94 None 749 333 36 83 None 762 403 35 113 None 699 342 29 109 None 685 333 43 84 None 500 406 51 100 None 452 336 50 79 None 378 393 70 95 None 320 378 62 95 digging
18775.jpg r_set 885 349 45 102 None 887 294 60 82 None 831 410 49 104 None 764 477 75 123 None 664 378 47 114 None 686 335 38 127 setting 572 416 38 127 None 575 375 33 117 None 563 330 32 110 None 338 433 73 105 None 326 326 43 87 None 202 360 43 110 None
12365.jpg r-pass 302 374 45 88 None 417 431 54 108 None 391 403 45 99 None 505 352 44 95 None 520 305 44 88 None 575 400 45 103 None 645 319 38 79 None 799 334 38 85 digging 837 425 62 102 None 922 357 54 103 None 618 367 27 97 None 622 362 35 118 None
13865.jpg r_set 943 335 41 89 None 829 351 38 118 setting 737 438 50 120 None 683 366 48 112 None 705 336 47 93 None 724 310 54 87 None 603 419 35 107 None 555 352 50 102 None 390 319 44 94 None 254 354 50 102 None 424 404 48 108 None 577 311 46 98 None
27165.jpg r_spike 931 386 43 105 None 847 396 39 102 None 813 347 43 95 None 806 341 35 83 None 705 360 44 136 spiking 690 368 41 105 None 635 361 35 145 blocking 635 352 24 131 blocking 424 437 65 94 None 432 340 52 76 digging 277 368 35 97 None
21835.jpg r-pass 242 362 51 83 None 295 311 46 86 None 293 416 53 110 None 420 404 43 115 None 472 305 48 101 None 546 358 41 109 None 636 351 44 108 digging 652 336 38 94 None 676 413 42 125 None 821 322 45 52 None 855 318 40 107 None 867 452 58 120 None
12340.jpg l_set 975 371 43 93 None 887 351 39 65 None 872 423 51 85 None 687 396 37 96 None 686 357 33 90 None 688 328 27 86 None 611 338 43 115 setting 578 386 34 101 None 269 450 89 110 None 238 415 72 87 None 222 388 60 83 None 497 283 41 70 None
21780.jpg r-pass 898 424 40 104 digging 796 347 69 56 digging 870 354 74 82 None 581 317 44 88 None 578 380 52 96 None 558 418 26 103 None 502 454 50 115 None 377 453 65 116 None 440 285 45 93 None 409 376 49 112 None 304 405 36 98 None 360 320 40 106 None
27000.jpg l-pass 432 353 71 57 None 370 425 65 100 digging 327 396 52 71 None 672 404 28 123 None 712 400 79 110 None 705 350 43 91 None 717 321 33 102 None 662 351 39 73 None 841 408 42 96 None 880 372 52 95 None 851 329 47 101 None 666 389 29 86 None
27100.jpg r-pass 833 338 51 101 None 810 351 51 90 digging 744 311 41 86 None 782 422 42 117 None 694 345 54 99 None 544 322 32 95 None 491 386 41 114 None 497 344 37 98 None 450 320 51 95 None 341 420 51 111 None 279 338 51 71 None 140 378 43 111 None
44160.jpg l_winpoint 862 390 57 68 None 803 335 42 113 None 831 264 31 107 None 719 298 41 104 None 715 263 33 100 None 668 253 43 44 None 536 312 64 118 None 508 295 28 99 None 491 262 43 90 None 456 285 44 84 None 407 337 45 110 None 356 301 41 104 None
36240.jpg l_winpoint 349 347 45 105 None 540 336 50 85 None 601 316 55 97 None 566 352 47 130 None 651 375 51 105 None 665 347 24 93 None 868 314 28 91 None 843 350 34 99 None 877 362 23 107 None 966 401 23 115 None 930 379 54 102 None 945 350 56 104 None
50145.jpg r_winpoint 552 366 75 34 None 381 337 37 94 None 491 387 42 103 None 652 318 32 92 None 629 354 28 102 None 583 395 33 102 None 841 354 27 83 None 899 347 40 88 None 781 341 29 103 None 804 355 25 89 None 763 362 23 100 None 784 395 34 104 None
48720.jpg l_winpoint 530 447 53 120 None 401 335 37 93 None 415 311 50 97 None 413 330 59 101 None 463 317 27 109 None 454 293 44 90 None 884 325 30 103 None 875 384 37 97 None 803 286 27 93 None 719 309 41 95 None 699 309 32 102 None 678 328 43 105 None
40035.jpg r_winpoint 321 364 42 111 None 390 375 98 32 None 468 395 56 111 None 550 305 39 102 None 658 344 42 109 None 621 416 56 117 None 761 327 33 97 None 827 343 43 101 None 800 370 35 116 None 902 374 42 108 None 878 399 46 102 None 896 470 48 127 None
49485.jpg l_winpoint 366 347 33 100 None 423 370 58 108 None 428 345 56 96 None 521 341 26 108 None 501 364 59 97 None 467 459 37 121 None 749 325 36 101 None 686 412 45 125 None 799 370 30 106 None 818 364 33 75 None 864 360 63 34 None 916 394 41 102 None
39120.jpg l_winpoint 894 319 31 101 None 753 303 28 96 None 776 418 49 72 None 727 423 47 85 None 661 294 34 92 None 640 329 37 99 None 539 332 47 96 None 491 321 57 80 None 475 354 50 98 None 459 323 39 86 None 377 366 45 117 None 361 319 43 85 None
47325.jpg l_winpoint 590 322 25 96 None 608 330 26 96 None 562 329 36 96 None 538 337 32 106 None 544 357 74 103 None 591 348 33 103 None 832 326 37 91 None 870 354 45 108 None 1032 334 32 93 None 1040 395 44 112 None 1100 382 61 113 None 1091 447 36 135 None
44895.jpg r_winpoint 976 250 66 136 None 910 350 42 104 None 861 362 43 120 None 839 269 40 103 None 709 287 50 113 None 694 259 45 105 None 528 318 47 117 None 528 241 42 109 None 437 378 68 123 None 459 325 55 94 None 417 336 106 51 None 375 242 48 107 None
43575.jpg l_winpoint 334 295 33 108 None 366 295 58 93 None 417 289 43 98 None 420 297 37 103 None 395 332 30 101 None 359 327 35 106 None 593 246 38 97 None 663 277 33 98 None 702 361 58 112 None 876 258 33 91 None 855 350 51 103 None 954 292 46 108 None
31755.jpg r_winpoint 221 426 46 101 None 230 336 47 103 None 352 398 40 111 None 388 358 44 107 None 395 426 41 123 None 472 343 44 106 None 823 322 37 102 None 743 361 40 106 None 714 350 47 107 None 684 363 33 110 None 667 377 66 128 None 730 387 49 110 None
51360.jpg l_winpoint 388 342 38 104 None 356 319 59 103 None 396 305 36 103 None 468 307 34 90 None 501 305 49 99 None 490 345 45 97 None 651 328 34 105 None 666 298 40 96 None 694 285 35 92 None 781 320 40 111 None 720 418 75 51 None
40965.jpg l_winpoint 900 412 34 110 None 866 311 32 111 None 759 314 52 101 None 632 363 34 113 None 590 401 43 120 None 591 324 38 99 None 473 335 45 104 None 414 391 43 110 None 397 457 45 135 None 358 418 66 120 None 361 360 58 100 None 333 362 40 115 None
48030.jpg r_winpoint 1041 340 65 98 None 993 335 31 94 None 943 307 44 96 None 910 306 36 109 None 862 331 57 102 None 885 373 51 99 None 720 284 36 98 None 680 255 35 93 None 550 386 28 114 None 517 282 26 86 None 487 361 62 102 None 415 336 41 40 None
33870.jpg l_winpoint 943 320 51 108 None 861 417 78 97 None 751 409 79 109 None 730 307 42 100 None 639 283 41 97 None 612 281 38 101 None 473 387 34 109 None 473 337 36 98 None 439 353 38 105 None 438 314 46 104 None 404 316 34 99 None 370 338 45 96 None
46305.jpg r_winpoint 914 347 37 92 None 891 378 36 91 None 847 385 34 115 None 823 352 47 85 None 835 325 45 81 None 884 331 43 87 None 615 410 51 106 None 645 376 30 111 None 551 378 33 105 None 552 284 26 85 None 557 259 33 84 None 448 351 62 50 None
37845.jpg l_winpoint 935 313 47 111 None 911 290 43 104 None 880 345 50 94 None 812 336 71 110 None 787 379 34 86 None 863 275 44 99 None 600 338 56 103 None 606 313 39 98 None 575 327 41 108 None 570 322 44 92 None 577 299 64 110 None 247 342 52 106 None
