26915.jpg r_set 1156 659 79 160 None 1359 670 91 153 None 1300 603 49 134 None 1075 482 63 137 setting 1297 541 56 103 None 638 686 63 171 None 824 631 39 127 None 809 596 48 117 None 783 685 76 140 None 400 577 53 97 None 371 608 89 144 None 1126 820 83 183 None
19645.jpg r_spike 681 654 75 131 None 711 524 43 117 None 616 603 77 127 None 1072 487 31 188 blocking 1063 429 47 163 blocking 1191 687 80 185 None 1270 603 68 155 None 1173 402 55 176 spiking 1120 538 47 119 None 1167 574 56 144 None 1504 561 55 133 None 967 644 73 142 None
19815.jpg r_set 1372 577 60 134 None 1145 610 55 161 None 999 493 59 155 setting 987 642 68 152 None 1137 494 77 111 None 861 646 68 170 None 881 601 56 147 None 863 545 55 143 None 561 668 55 161 None 518 562 71 113 None 310 617 64 134 None 1192 757 120 178 None
28680.jpg l-pass 1542 598 45 131 None 1348 598 48 152 None 1312 592 57 144 None 1319 719 68 165 None 1199 562 69 130 None 1139 544 60 104 None 1055 528 59 126 None 1071 518 58 129 blocking 963 587 80 127 None 687 657 114 141 None 697 469 64 165 setting 458 617 50 152 None
25315.jpg r_spike 1238 595 85 147 None 1197 669 61 143 None 1003 693 69 164 None 938 519 53 207 spiking 941 574 73 109 None 1006 522 65 127 None 830 643 84 153 None 846 599 58 136 None 815 576 72 105 None 701 635 55 138 None 522 559 44 131 None 417 616 58 154 None
28850.jpg r_set 1414 771 114 158 None 1256 623 66 141 None 1293 562 42 149 None 1286 487 83 113 None 1222 492 53 159 setting 1026 630 67 169 None 850 659 51 152 None 863 590 59 129 None 852 575 53 119 None 542 662 61 161 None 448 568 61 107 digging 375 622 61 139 None
28780.jpg l-spike 1257 655 58 135 None 1270 578 56 118 None 1199 524 56 119 None 1087 679 74 141 None 819 474 42 188 blocking 820 447 44 166 blocking 737 573 62 143 None 641 459 51 141 spiking 551 565 47 130 None 493 506 61 120 None 461 606 65 143 None 467 697 89 130 None
19625.jpg r_set 476 615 64 134 digging 584 565 57 116 None 611 699 66 144 None 925 643 50 155 None 954 573 42 157 None 937 523 55 129 None 1046 502 51 179 setting 1098 494 80 181 None 1159 503 97 115 None 1298 602 147 136 None 1394 564 71 131 None 1276 766 98 172 None
19560.jpg l-spike 1383 574 65 133 None 1359 610 53 140 None 1063 611 59 158 None 1101 565 64 155 None 1117 547 48 133 None 1123 522 53 119 None 899 579 53 154 None 800 634 53 171 None 726 550 52 138 None 760 496 64 137 None 560 496 42 179 setting 502 616 61 153 None
25395.jpg l-spike 1276 607 82 132 None 1094 688 99 128 None 1068 537 102 102 None 935 688 96 132 None 783 488 49 176 blocking 785 444 54 210 blocking 711 579 56 147 None 658 459 78 135 spiking 636 631 81 128 None 568 626 70 151 None 521 552 60 141 None 565 740 72 176 None
28875.jpg r_spike 580 706 116 115 None 543 557 65 106 digging 387 635 71 129 None 963 518 57 157 blocking 942 634 70 144 None 1123 577 47 147 None 1231 594 63 120 None 1175 451 89 118 spiking 1309 587 101 147 None 1403 586 71 123 None 1249 721 80 153 None
19850.jpg l-pass 1496 630 71 151 None 1288 643 62 143 None 1183 543 72 119 None 1094 692 94 173 None 1083 572 46 155 None 1110 493 57 132 None 977 664 96 190 None 903 550 88 123 None 873 529 73 126 None 763 672 64 167 None 686 589 91 70 None 440 573 75 125 None
24460.jpg r_spike 1359 632 99 172 spiking 1390 610 53 112 None 1255 635 57 140 None 1204 681 57 138 None 1186 551 62 118 None 1092 562 54 132 None 1003 654 64 172 blocking 1029 575 40 198 blocking 917 608 91 104 None 639 581 64 106 None 508 719 69 142 None 429 617 88 116 None
19780.jpg r-pass 1348 616 68 133 None 633 667 54 164 None 1065 506 91 137 None 881 534 82 124 None 1040 659 61 184 None 1146 637 100 116 digging 1107 570 91 113 None 917 613 84 197 None 438 623 60 142 None 619 560 77 122 None 1093 718 104 166 None
25335.jpg l-pass 442 653 98 98 digging 544 575 47 123 None 741 664 104 135 None 758 647 78 134 None 805 580 54 127 None 798 568 76 113 None 936 563 50 137 None 1026 653 53 143 None 983 528 47 134 None 1052 533 61 141 None 1148 648 62 129 None 1235 580 48 154 None
19660.jpg l-pass 721 661 86 117 None 750 635 103 114 None 764 509 69 113 None 964 639 108 129 None 1094 511 60 126 None 1121 479 45 129 None 1191 502 65 119 None 1176 535 44 151 None 1195 590 74 142 None 1217 667 58 178 None 1265 626 84 149 None 1538 569 48 128 None
19840.jpg r_spike 1470 614 50 138 None 1240 611 48 152 None 1079 646 78 180 spiking 1069 567 96 89 None 1032 588 39 145 None 1068 490 68 132 None 968 596 65 206 blocking 915 559 101 121 None 892 519 79 120 None 653 674 101 145 None 625 541 79 111 None 371 588 75 133 None
19515.jpg l_set 1487 607 61 146 None 1399 685 48 157 None 1367 555 78 128 None 1031 641 61 158 None 1022 584 42 151 None 999 556 63 133 None 901 594 55 154 None 722 577 51 128 None 649 615 60 155 digging 573 669 96 124 None 510 537 60 111 None 694 493 55 110 None
25370.jpg l_set 1215 675 61 137 None 1316 587 55 140 None 1202 552 74 119 None 960 662 57 157 None 929 570 42 135 None 932 535 42 77 None 528 740 119 170 None 498 628 97 130 None 591 541 67 137 None 636 515 73 100 None 766 525 72 173 None 820 586 61 157 setting
19585.jpg r-pass 1275 575 68 125 None 1091 687 80 185 None 853 553 51 113 None 1026 592 56 88 None 1064 617 64 80 None 1097 606 87 151 None 413 667 47 166 None 468 630 62 135 None 508 554 42 128 None 739 539 56 132 None 762 640 69 166 None 786 580 37 156 None
25420.jpg r-pass 1297 593 84 148 None 1008 711 76 107 None 1083 663 101 137 None 1012 532 54 132 None 778 518 64 132 None 810 502 38 122 None 568 697 87 162 None 493 610 55 158 None 521 581 83 80 None 598 623 66 137 None 693 574 68 145 None 723 545 45 102 None
19685.jpg l-pass 1411 577 57 143 None 1208 638 66 144 None 1063 654 102 157 None 1058 573 66 144 None 1126 545 80 133 None 1116 515 100 129 None 446 655 66 164 None 624 692 68 94 None 823 620 57 172 None 724 497 105 130 digging 906 515 51 140 None 899 476 54 117 None
28740.jpg l_set 1279 527 67 137 None 1443 662 46 156 None 1483 582 61 137 None 1077 662 64 156 None 1056 557 41 156 None 1088 545 43 138 None 868 545 63 143 None 859 459 40 104 None 475 568 55 150 None 393 678 87 152 None 571 521 52 118 None 747 463 41 133 digging
19745.jpg r_set 1324 548 57 134 None 1263 612 130 127 None 1208 749 102 168 None 1061 571 82 210 None 1111 492 96 112 None 992 514 55 165 setting 881 639 67 167 None 909 592 42 167 None 885 533 59 143 None 545 657 51 162 None 563 555 60 123 None 385 620 67 136 None
19755.jpg r_spike 422 614 58 138 None 586 558 71 118 None 599 680 67 148 None 928 533 62 128 None 954 519 46 201 blocking 933 554 67 248 blocking 1041 564 106 131 None 1100 493 48 116 None 1036 558 89 186 spiking 1125 733 84 168 None 1238 607 65 146 None 1380 566 68 126 None
25290.jpg r-pass 449 577 37 145 None 482 617 48 160 None 680 613 77 142 None 798 636 66 158 None 811 608 50 158 None 812 554 35 121 None 931 721 71 169 None 928 621 64 136 None 911 594 88 84 None 1070 516 93 116 None 1145 734 93 96 None 1311 596 94 137 None
19705.jpg r-pass 318 690 102 148 None 558 666 68 102 None 779 548 71 124 None 836 489 66 123 None 885 552 65 146 None 834 630 87 170 None 973 546 62 122 None 1084 522 81 146 None 1118 592 77 148 digging 1153 667 79 169 None 1204 637 91 146 None 1296 635 71 119 digging
26960.jpg r_spike 430 586 63 116 digging 694 531 73 110 None 674 661 94 133 None 1025 567 46 198 blocking 1014 622 58 195 blocking 1149 655 96 153 digging 1198 536 53 135 None 1254 616 84 193 spiking 1328 672 108 151 None 1446 638 77 119 None 1416 577 61 139 None
19710.jpg r-pass 382 677 54 158 None 535 646 70 119 None 755 537 63 135 None 860 493 46 130 None 895 558 41 153 None 868 629 69 171 None 969 546 54 130 None 1131 512 49 145 None 1139 588 76 151 digging 1284 642 72 111 None 1265 612 62 158 None 1208 673 72 166 None
28800.jpg r-pass 422 673 79 157 None 387 598 56 148 None 487 586 59 129 None 540 534 46 122 None 579 570 62 126 None 709 583 52 139 None 759 527 81 100 None 791 545 60 123 None 1147 515 61 115 None 1124 608 85 103 None 1181 660 71 131 None 1137 686 74 142 None
40485.jpg r_winpoint 668 635 66 60 None 467 631 52 142 None 525 673 53 155 None 822 577 68 139 None 781 557 78 127 None 896 713 57 170 None 1254 647 83 138 None 1152 677 66 150 None 1116 666 62 174 None 1149 602 84 126 None 1035 627 78 153 None 1079 600 53 135 None
38325.jpg l_winpoint 517 608 77 132 None 571 738 99 105 None 691 607 53 150 None 719 624 87 164 None 692 557 58 118 None 714 528 71 126 None 902 573 58 144 None 936 616 67 158 None 980 518 63 131 None 1192 526 80 139 None 1313 541 54 137 None 1369 575 97 99 None
45750.jpg r_winpoint 1242 593 64 156 None 1210 600 90 157 None 1190 585 55 162 None 1164 588 69 160 None 801 710 77 171 None 606 619 64 165 None 540 716 64 182 None 547 672 88 170 None 550 591 61 151 None 456 630 70 154 None 1235 591 43 151 None
41790.jpg l_winpoint 586 592 80 141 None 770 560 42 129 None 760 639 73 184 None 963 604 65 169 None 1003 548 78 123 None 1035 555 61 128 None 1223 627 53 142 None 1276 608 38 141 None 1270 652 52 155 None 1315 575 57 143 None 1389 691 79 154 None 1499 610 61 96 None
44685.jpg l_winpoint 638 631 97 151 None 755 637 72 177 None 824 578 48 149 None 735 540 77 145 None 844 544 51 135 None 675 580 79 151 None 1021 634 72 179 None 1115 635 71 174 None 1063 521 70 148 None 1307 523 61 153 None 1409 608 59 158 None 1348 679 60 158 None
50730.jpg l_winpoint 1442 536 55 149 None 1393 506 72 145 None 1369 701 75 150 None 1082 625 78 156 None 1015 555 60 155 None 967 520 47 136 None 607 564 90 164 None 588 695 92 156 None 563 747 62 162 None 550 563 55 145 None 510 579 67 167 None 376 642 82 162 None
31230.jpg l_winpoint 408 625 64 154 None 582 599 60 132 None 539 573 60 142 None 571 569 49 138 None 653 575 94 144 None 741 603 91 145 None 975 554 53 125 None 1015 576 73 138 None 1040 641 56 147 None 1256 605 49 143 None 1286 559 80 138 None 1275 529 55 136 None
47895.jpg l_winpoint 1507 601 32 152 None 1464 591 55 86 None 1381 507 60 145 None 1283 540 51 157 None 1161 525 75 142 None 1646 728 53 179 None 814 622 70 172 None 707 567 97 146 None 727 538 64 142 None 597 605 71 155 None 556 570 45 158 None 546 563 71 142 None
35400.jpg l_winpoint 1385 693 48 151 None 1380 659 52 131 None 1344 622 53 139 None 1128 699 93 152 None 1059 643 70 155 None 1013 584 49 128 None 691 662 70 132 None 617 622 100 146 None 626 665 107 154 None 619 670 53 128 None 614 647 55 128 None 435 702 79 160 None
33660.jpg r_winpoint 363 657 64 162 None 414 612 65 139 None 483 595 59 133 None 542 556 68 147 None 641 611 42 155 None 828 642 68 146 None 1105 569 50 120 None 1109 597 72 154 None 1152 608 70 159 None 1292 585 75 142 None 1390 588 67 131 None 1280 638 91 151 None
37485.jpg l_winpoint 1366 573 55 131 None 1216 610 60 142 None 1180 667 50 157 None 1100 597 65 136 None 1024 517 67 135 None 1006 622 48 150 None 827 623 60 156 None 831 578 65 131 None 802 560 82 120 None 733 576 71 128 None 707 634 76 139 None 558 608 87 135 None
47025.jpg l_winpoint 1521 573 46 156 None 1362 573 67 155 None 1255 588 64 163 None 1208 682 97 159 None 1184 596 60 140 None 1150 568 48 150 None 833 602 80 160 None 869 581 59 158 None 876 569 61 134 None 826 564 72 154 None 774 594 90 154 None 776 588 71 141 None
50160.jpg r_winpoint 1690 600 90 151 None 1305 569 92 162 None 1364 569 67 152 None 1304 562 74 152 None 1372 566 89 145 None 1331 557 93 149 None 921 576 45 156 None 810 560 57 157 None 746 531 75 129 None 422 617 87 158 None 372 598 89 170 None 327 636 90 165 None
31950.jpg l_winpoint 1370 650 59 98 None 1162 576 75 130 None 1090 695 56 145 None 1062 605 65 142 None 987 597 67 151 None 914 541 45 108 None 710 601 66 140 None 721 562 57 136 None 682 594 52 121 None 653 640 54 129 None 598 720 111 179 None 568 703 43 155 None
