11190.jpg l-spike 34 400 79 126 None 204 371 44 102 None 267 271 81 121 spiking 372 278 49 127 blocking 102 446 50 145 None 190 488 64 136 None 319 490 60 155 None 424 444 75 135 None 523 454 55 112 None 660 332 41 92 None 640 437 60 106 None 718 415 60 104 digging
10975.jpg l-spike 166 384 69 83 None 237 443 48 100 None 317 345 75 129 spiking 337 305 38 107 None 327 459 57 127 None 395 494 48 145 None 477 313 52 145 blocking 474 338 53 158 blocking 517 458 48 137 None 715 339 61 87 digging 864 428 52 105 digging 850 478 47 108 None
11155.jpg l_set 72 478 106 137 None 143 404 76 101 None 185 405 61 127 None 294 431 79 112 None 269 293 61 86 None 444 405 53 158 setting 554 322 39 118 None 564 392 37 118 None 573 444 38 135 None 678 367 61 95 None 884 388 46 112 None 856 459 55 118 None
4350.jpg l_set 294 437 119 115 None 313 352 81 125 None 470 311 45 109 None 486 242 72 83 None 683 328 55 152 setting 713 338 47 98 None 841 298 47 110 None 835 317 46 146 None 867 404 41 142 None 1114 300 60 107 None 1203 358 75 116 None 1141 440 66 118 None
15360.jpg r_set 295 468 69 107 None 289 404 58 94 None 383 311 45 105 None 617 347 46 98 None 619 377 50 123 None 615 422 59 138 None 800 332 44 134 setting 814 353 84 104 None 887 283 75 88 None 1018 365 39 107 None 993 512 103 147 None 1186 455 69 138 None
975.jpg r-pass 4 487 37 134 None 5 326 41 116 None 331 368 26 129 None 317 392 32 128 None 305 436 52 141 None 540 368 52 126 None 596 333 33 100 None 582 295 42 104 None 888 399 64 119 None 970 255 40 112 digging 798 495 51 145 None
4530.jpg r-pass 168 385 69 109 None 193 321 40 98 None 230 431 70 132 None 423 310 56 114 None 485 362 35 131 None 445 423 68 131 None 652 338 41 134 None 719 296 55 106 None 787 425 58 143 None 775 427 54 125 digging 1006 309 43 120 None 1133 228 32 98 None
11125.jpg l-pass 183 388 43 103 digging 234 326 44 150 setting 235 407 56 137 None 361 304 41 108 None 411 377 75 110 None 452 467 76 121 None 585 309 35 110 None 568 327 44 110 None 612 404 93 45 None 699 463 78 145 None 856 375 75 116 None 943 397 37 110 None
4260.jpg r_set 55 356 54 115 None 200 425 64 137 None 298 311 59 91 None 515 309 60 114 None 541 348 50 131 None 520 414 51 119 None 656 297 41 134 setting 739 284 75 110 None 918 267 57 95 None 915 350 81 104 None 938 403 54 114 None 875 525 95 148 None
11200.jpg r-pass 30 398 69 108 None 223 376 55 89 None 74 451 66 135 None 95 524 104 128 None 324 483 49 153 None 302 330 68 98 None 373 318 28 117 None 456 427 45 147 None 558 442 59 124 None 607 430 64 105 None 678 350 64 65 None 705 424 63 102 digging
9950.jpg r-pass 413 283 53 107 None 259 390 80 129 None 275 429 73 117 None 312 500 65 155 None 479 456 46 157 None 565 434 60 122 None 635 354 57 110 None 645 378 38 149 None 647 458 60 152 None 854 377 57 98 None 844 465 79 118 None 1042 432 65 103 digging
4715.jpg r_spike 221 346 61 118 None 336 293 68 79 None 281 404 69 126 None 604 298 64 108 None 699 312 47 155 blocking 643 412 84 126 None 750 317 39 98 None 750 258 49 83 None 823 307 50 130 None 864 326 70 143 spiking 942 288 34 91 None 991 348 44 119 None
15450.jpg r-pass 413 415 50 129 None 410 336 41 116 None 480 290 58 98 None 536 356 58 133 None 473 417 81 96 None 462 461 64 154 None 623 327 44 86 None 635 341 50 139 None 664 440 77 121 None 898 344 43 84 None 1032 412 38 92 digging 906 468 59 121 digging
10250.jpg r-pass 7 460 72 170 None 191 359 61 107 None 269 321 66 114 None 310 411 57 155 None 410 447 49 140 None 429 352 48 137 None 552 353 69 118 None 637 305 55 129 digging 710 367 74 138 None 838 500 61 171 None 899 391 49 128 None 869 338 64 96 None
11395.jpg l-pass 333 470 61 122 None 313 448 71 87 None 338 399 45 84 None 441 305 51 108 None 468 360 88 104 None 615 442 50 129 None 688 430 59 126 None 711 366 64 116 None 801 329 62 104 None 874 375 35 114 None 963 360 37 118 None 940 440 47 120 None
10015.jpg l_set 151 378 65 137 None 239 413 57 148 None 382 296 59 95 None 397 413 69 129 digging 531 400 64 125 None 576 450 56 161 None 685 318 43 130 None 700 371 44 145 None 700 450 56 145 None 933 339 53 104 None 995 450 53 137 None 1088 392 57 131 None
10075.jpg r-pass 77 478 87 152 None 170 397 43 124 None 144 346 78 120 None 296 397 45 129 None 397 337 49 128 None 385 379 47 134 None 450 315 48 125 None 455 330 76 118 None 640 366 62 107 None 752 454 62 107 None 716 476 70 122 None 906 388 57 107 digging
15375.jpg r_spike 383 452 81 121 None 390 374 73 114 None 469 321 48 92 digging 728 296 41 151 blocking 696 441 71 120 None 830 293 64 116 spiking 901 290 44 92 None 938 382 53 112 None 976 495 58 135 None 1093 365 39 119 None 1169 454 76 138 None
11430.jpg l_set 196 482 94 134 None 253 397 50 120 None 320 363 47 104 None 397 275 44 84 None 392 420 80 123 None 505 352 56 131 setting 655 315 38 106 None 671 374 37 123 None 660 435 41 139 None 864 371 44 98 None 953 462 53 107 None 1000 384 51 107 None
11215.jpg r-pass 4 540 83 127 None 62 445 68 130 None 22 388 45 126 None 228 371 54 96 None 316 339 42 116 None 331 452 47 147 None 385 343 56 106 None 463 421 72 135 None 577 409 43 108 None 622 443 65 132 None 718 417 59 110 None 686 355 61 59 None
10050.jpg l-spike 132 468 83 156 None 262 431 57 128 None 207 359 65 96 None 367 264 75 135 spiking 360 383 57 107 None 450 397 62 110 None 516 274 39 158 blocking 524 303 44 158 blocking 746 465 77 129 None 800 344 51 100 digging 866 479 71 126 None 967 396 57 109 digging
15320.jpg r-pass 961 397 52 142 digging 906 359 62 99 None 909 455 52 129 None 748 412 60 145 None 772 284 51 106 None 596 371 41 116 None 477 357 42 134 None 489 382 50 132 None 493 415 35 140 None 302 423 44 126 None 188 414 63 108 None 173 336 57 132 None
9910.jpg l-pass 97 377 50 141 None 272 480 61 101 digging 325 444 80 102 digging 335 315 47 118 None 539 346 58 125 None 671 460 69 139 None 756 424 57 143 None 766 363 45 180 blocking 783 355 50 131 None 1058 475 74 110 None 1226 420 49 143 None 1156 320 72 104 None
4105.jpg r_spike 1075 301 81 110 None 957 403 80 112 None 968 350 96 108 None 898 494 94 159 None 782 299 60 104 None 629 289 56 162 spiking 542 407 71 129 None 390 342 47 99 None 271 421 56 134 None 92 348 51 121 None 578 285 41 170 blocking 568 311 47 131 None
11075.jpg r-pass 729 438 100 109 None 823 358 42 107 None 630 436 55 123 None 638 334 55 81 None 410 293 48 128 None 403 279 45 123 None 325 400 56 131 None 262 364 51 108 None 316 301 47 115 None 191 330 48 111 None 95 511 77 126 None 73 419 56 96 digging
4220.jpg r-pass 889 315 46 125 digging 740 452 62 133 None 866 402 54 116 None 705 300 78 107 None 485 321 69 117 None 480 300 31 122 None 403 412 44 127 None 391 366 76 104 None 303 332 49 120 None 212 404 52 127 None 162 317 55 104 None
10225.jpg l-spike 1006 350 50 111 None 904 423 62 149 None 802 333 56 97 None 701 436 61 146 None 630 369 91 139 None 603 318 43 121 None 420 433 58 143 None 405 339 55 133 None 327 382 77 113 None 252 311 65 138 setting 115 440 66 158 None 270 533 61 169 None
11185.jpg l-spike 742 418 61 99 None 687 445 55 117 None 664 337 43 94 None 508 459 54 127 None 432 450 69 144 None 401 277 38 143 blocking 265 269 79 114 spiking 179 377 76 109 None 332 489 50 154 None 239 490 79 128 None 121 460 61 153 None 58 414 84 102 None
11060.jpg l-spike 865 374 51 96 None 779 458 61 116 None 713 333 45 91 None 601 432 50 128 None 470 298 43 150 blocking 461 266 43 143 blocking 315 265 77 108 spiking 358 445 44 145 None 290 354 62 105 None 167 481 76 121 None 130 415 58 92 None 187 343 84 113 None
4470.jpg r-pass 685 392 52 116 None 759 273 32 112 None 870 182 41 118 digging 562 275 37 102 None 422 362 54 131 None 268 440 52 125 None 282 371 28 132 None 270 352 37 127 None 735 499 67 140 None
4560.jpg l-pass 717 408 40 125 None 528 416 70 134 digging 484 353 69 118 None 419 256 53 106 None 394 424 81 136 None 344 344 55 116 None 776 416 49 140 None 775 327 41 138 None 782 295 37 113 None 1010 427 47 126 None 1115 351 48 119 None 1168 256 45 120 None
10300.jpg r_spike 949 387 82 115 None 942 343 49 103 None 845 516 73 161 None 702 330 51 179 spiking 768 290 42 104 None 710 336 62 136 None 578 469 60 133 None 598 323 49 173 blocking 571 327 54 121 None 331 352 44 91 None 195 481 57 150 None 116 387 75 136 None
10920.jpg l-pass 1079 412 49 121 None 1050 328 37 96 None 972 450 37 115 None 705 426 37 133 None 696 369 44 155 blocking 696 342 35 121 None 615 442 61 129 None 480 344 36 112 None 328 307 31 110 None 286 363 40 111 None 241 444 45 144 setting 110 380 49 131 None
10290.jpg r_spike 1006 378 58 120 None 954 343 42 117 None 916 552 81 160 None 804 295 57 97 None 714 344 80 185 spiking 677 344 48 148 setting 553 468 45 131 None 577 366 52 155 blocking 564 340 42 123 None 304 340 66 92 None 166 479 61 154 None 139 354 62 139 None
4150.jpg l_set 1125 442 57 122 None 991 353 61 118 None 852 346 44 120 None 795 427 52 135 None 820 322 37 128 None 688 463 66 143 None 701 365 39 126 None 487 433 78 143 digging 481 342 53 122 None 602 285 48 98 None 1155 321 57 114 None 310 352 58 116 None
11450.jpg l-spike 916 414 53 86 None 908 508 76 107 None 803 365 71 78 None 592 337 38 84 None 572 431 29 164 blocking 570 398 44 152 blocking 397 423 87 139 spiking 404 288 35 96 None 343 383 53 109 None 262 472 92 137 None 250 395 41 97 None 147 428 47 115 None
11220.jpg r-pass 729 415 58 111 None 687 351 72 64 None 640 450 62 134 None 555 410 58 102 None 469 407 58 132 None 404 343 35 110 digging 338 446 45 130 None 330 348 41 118 None 228 368 46 100 None 13 520 90 144 None 71 440 57 136 None 28 392 51 119 None
11100.jpg r-pass 847 443 77 61 None 835 367 66 92 None 551 365 120 57 None 478 337 50 88 digging 478 307 39 91 None 383 383 37 123 None 339 298 41 95 None 249 382 39 130 None 151 338 55 109 None 93 394 44 101 None 138 498 104 131 None 725 466 65 136 None
11160.jpg l_set 872 391 46 108 None 859 466 48 110 None 671 366 70 97 None 554 462 48 140 None 543 400 57 125 None 540 322 38 107 None 439 390 34 145 setting 305 451 68 117 None 78 477 117 133 None 152 420 67 118 None 154 401 52 103 None 278 293 53 85 None
11375.jpg r_spike 881 355 33 118 None 842 437 47 115 None 820 400 40 118 None 730 268 50 136 spiking 684 439 57 132 None 681 369 46 120 None 517 453 55 122 None 527 351 41 116 None 474 315 49 110 None 257 469 72 120 None 231 364 47 99 None 110 420 85 120 None
10190.jpg l_set 938 453 74 158 None 1067 399 46 123 None 932 328 53 118 None 705 415 48 144 None 698 366 38 147 None 678 341 40 137 None 342 654 150 65 None 534 436 52 135 None 477 360 84 142 digging 466 370 45 120 digging 190 444 66 154 None 141 374 62 138 None
4645.jpg r-pass 882 311 58 105 None 636 327 147 54 None 694 380 60 97 None 655 381 50 127 None 470 273 58 103 None 444 302 51 72 None 430 397 37 144 None 345 399 52 112 None 392 282 32 114 None 337 319 56 94 None 122 343 45 140 None 53 418 67 136 None
4315.jpg l-pass 370 353 48 127 digging 433 428 99 134 None 538 309 52 93 None 616 293 63 122 None 873 448 64 129 None 850 396 46 122 None 1007 430 59 128 None 935 291 44 131 None 999 322 44 116 None 1102 427 39 125 None 1094 363 56 126 None 1221 327 48 121 None
4675.jpg r-pass 127 349 63 118 None 226 369 45 140 None 314 298 34 107 None 455 393 95 126 None 523 352 38 123 None 517 301 30 121 None 538 309 88 45 None 638 368 47 74 None 646 295 38 104 None 755 333 108 49 None 825 395 55 133 None 918 306 44 125 None
4395.jpg r-pass 963 430 54 117 None 1017 335 85 130 digging 855 289 85 107 None 685 350 74 91 None 562 390 49 144 blocking 576 370 64 141 blocking 471 419 64 123 None 522 334 41 120 None 491 257 42 115 None 244 407 42 140 None 265 353 59 107 None 170 345 47 113 None
11255.jpg l-pass 73 402 85 113 None 216 387 46 100 None 295 361 89 111 None 344 411 94 110 None 271 472 71 120 digging 390 464 99 128 None 603 439 39 122 None 551 359 50 158 blocking 547 349 39 105 None 764 425 39 116 None 808 342 47 84 None 885 400 53 103 None
11205.jpg r-pass 24 391 56 113 None 73 442 54 134 None 61 520 94 135 None 221 369 54 98 None 318 334 42 109 None 324 487 51 146 None 371 332 35 105 None 458 419 50 144 None 585 440 67 123 None 592 422 81 103 None 703 417 65 108 None 682 360 57 56 None
4065.jpg r-pass 233 353 56 83 None 199 385 55 142 None 439 400 37 120 None 454 334 47 130 None 530 338 36 113 None 693 306 61 117 None 847 317 54 116 None 912 439 49 122 None 909 385 42 85 None 1043 342 70 108 None
4620.jpg l-spike 216 495 68 152 None 331 419 61 137 None 461 465 55 140 None 215 361 51 127 None 364 342 72 74 None 379 202 48 122 spiking 509 236 43 153 blocking 508 220 49 127 blocking 789 282 57 90 None 915 331 59 92 None 820 418 55 117 None 596 414 52 143 None
11030.jpg l_set 896 463 53 112 None 813 355 65 82 None 608 442 40 139 None 598 379 52 135 None 603 351 33 125 None 398 512 58 161 None 403 395 59 142 setting 442 360 56 119 None 336 298 54 86 None 226 407 55 112 None 160 381 96 113 None 991 393 55 107 None
4590.jpg l_set 1055 435 66 115 None 1091 347 53 111 None 1018 282 58 100 None 741 395 42 142 None 739 308 42 134 blocking 738 280 45 109 None 628 337 48 143 setting 614 497 90 153 None 479 403 52 112 None 363 335 66 95 None 295 390 103 136 None 445 219 58 83 None
1020.jpg r_spike 162 413 70 102 None 196 461 70 116 None 280 345 68 95 digging 472 343 94 90 None 463 465 94 134 None 621 416 39 118 None 717 387 79 129 None 790 403 54 125 spiking 774 342 39 107 None 831 389 43 119 None 869 394 50 141 None 1211 301 45 97 None
4380.jpg l-spike 269 405 63 102 None 237 376 55 96 None 373 347 44 109 None 410 369 83 135 spiking 483 257 54 102 None 566 347 42 123 None 647 337 40 181 blocking 651 320 44 176 blocking 696 342 56 94 None 905 313 74 96 None 1095 384 76 104 None 1053 470 63 121 None
15395.jpg l-pass 1054 363 38 118 None 936 446 72 132 None 851 351 42 134 None 881 304 47 117 None 1143 440 51 137 None 1152 387 40 85 None 780 355 46 105 None 812 325 32 116 None 692 437 54 128 None 536 426 90 118 None 465 387 119 79 None 558 333 63 100 None
4290.jpg r_spike 865 410 88 130 spiking 336 446 72 127 None 731 382 53 165 blocking 751 337 37 176 blocking 898 327 40 112 None 962 419 74 110 None 452 314 66 81 None 251 352 57 103 None 618 301 63 88 None 931 365 60 103 None 1047 303 51 104 None 790 259 56 104 None
10160.jpg l-pass 1048 418 66 131 None 1056 340 53 110 None 972 461 54 144 None 847 311 49 127 None 790 353 46 142 None 779 433 43 138 None 712 474 55 149 None 707 433 41 151 None 569 494 57 76 None 432 353 51 113 None 317 497 84 93 None 229 408 53 127 None
10990.jpg l-pass 817 463 46 125 None 853 436 46 112 digging 701 339 83 84 None 453 405 37 127 None 446 383 37 121 None 374 485 62 147 None 391 389 55 124 None 347 344 53 91 None 231 420 64 88 digging 125 373 75 118 None 211 493 91 124 None 526 462 66 135 None
9975.jpg l-pass 794 454 72 80 None 493 350 60 106 None 609 387 43 150 None 374 417 47 111 digging 288 424 55 127 None 206 471 89 143 None 658 317 64 113 None 737 512 88 147 None 491 488 106 140 None 758 363 44 123 None 471 341 52 178 setting 985 404 57 126 None
10950.jpg l_set 1054 405 52 109 None 973 474 57 109 None 926 352 40 88 None 674 447 40 138 None 687 376 38 111 None 675 335 40 109 None 574 377 46 147 setting 432 437 65 118 None 310 447 43 117 None 284 335 59 99 None 233 385 65 113 None 391 278 49 82 None
10135.jpg r_spike 223 503 70 142 None 394 344 60 94 None 125 414 78 124 None 613 357 57 106 None 690 413 56 170 blocking 681 366 89 183 blocking 776 340 44 129 None 864 305 37 111 None 904 336 69 114 None 958 439 69 136 None 979 376 52 129 None 850 394 91 209 spiking
15435.jpg l_set 421 488 71 130 None 462 411 35 139 None 447 313 58 120 None 506 295 64 91 None 584 315 47 148 setting 557 351 75 140 setting 702 342 46 95 None 709 373 51 125 None 722 434 51 134 None 969 332 48 96 None 1077 405 57 99 None 988 450 52 139 None
10105.jpg r_set 261 345 48 105 None 109 372 57 138 None 137 468 61 161 None 500 444 36 139 None 510 404 54 138 None 525 348 41 136 None 690 310 41 148 setting 678 321 55 124 None 697 290 66 103 None 837 405 59 82 None 922 552 96 155 None 985 391 110 115 None
10155.jpg l-pass 416 349 67 109 None 207 413 95 132 None 295 509 115 84 None 574 449 72 101 digging 732 476 48 139 None 715 436 54 148 None 789 438 47 134 None 794 353 58 140 None 872 305 53 124 None 966 462 64 147 None 1045 407 55 139 None 1054 329 38 133 None
4120.jpg l-pass 238 340 66 125 None 346 446 65 118 None 480 355 58 94 None 629 418 74 133 setting 656 362 46 116 None 643 310 52 119 None 718 383 43 117 None 799 310 58 121 None 855 459 61 156 None 927 367 57 108 None 983 420 47 116 None 1171 307 64 110 None
10915.jpg l-pass 1040 409 53 125 None 1014 327 65 103 None 934 446 42 118 None 670 425 53 129 None 663 367 44 160 blocking 675 350 31 116 None 577 453 69 123 None 461 348 43 110 None 292 320 35 110 None 246 375 46 119 None 192 478 75 119 setting 69 377 49 137 None
4200.jpg l-spike 975 357 55 109 None 934 433 55 107 None 852 304 44 103 None 767 424 58 131 None 563 269 45 147 blocking 570 270 36 137 blocking 487 393 63 76 None 471 408 51 117 None 314 384 44 129 None 333 259 54 127 spiking 210 325 57 100 None 95 355 49 117 None
47490.jpg r_winpoint 344 448 46 129 None 263 396 61 130 None 397 322 45 119 None 547 338 44 113 None 592 400 55 133 None 641 411 42 129 None 741 424 50 137 None 752 385 32 122 None 742 348 47 105 None 768 327 49 124 None 813 389 50 124 None 825 378 47 106 None
45420.jpg r_winpoint 410 360 51 128 None 571 316 35 102 None 705 301 41 109 None 646 433 41 122 None 747 448 36 130 None 866 424 46 147 None 1114 368 97 122 None 1061 353 45 132 None 1023 366 62 146 None 1105 421 52 135 None 1067 446 55 135 None
31125.jpg l_winpoint 1088 325 62 126 None 870 351 45 112 None 845 383 57 134 None 711 264 33 112 None 657 317 34 128 None 634 279 32 107 None 427 365 72 137 None 429 311 47 118 None 367 288 48 110 None 351 372 47 117 None 347 349 44 115 None 335 328 37 101 None
41940.jpg r_winpoint 842 342 74 100 None 806 382 86 84 None 760 366 44 118 None 727 336 59 103 None 694 350 51 90 None 655 379 84 72 None 532 382 58 115 None 513 356 56 122 None 442 319 43 112 None 344 305 38 111 None 105 450 40 119 None 389 483 48 128 None
30465.jpg l_winpoint 1008 365 40 137 None 871 393 93 129 None 817 336 58 84 None 783 275 31 122 None 693 267 34 126 None 681 357 65 75 None 496 336 32 127 None 447 365 78 129 None 453 331 39 119 None 375 375 73 121 None 393 331 39 130 None 408 340 55 112 None
32745.jpg l_winpoint 322 386 63 116 None 371 312 61 111 None 478 294 47 116 None 470 347 45 130 None 518 325 56 125 None 615 256 26 123 None 684 254 37 115 None 708 370 139 34 None 786 344 51 88 None 865 377 61 116 None 989 352 50 131 None
48150.jpg r_winpoint 870 392 61 107 None 912 301 38 118 None 845 340 42 121 None 750 408 40 135 None 692 353 63 125 None 730 323 50 98 None 595 380 60 69 None 583 311 34 106 None 501 375 44 109 None 518 431 49 131 None 382 342 32 79 None 268 431 125 43 None
34305.jpg l_winpoint 247 337 51 126 None 324 374 75 131 None 369 300 48 102 None 416 376 38 139 None 454 296 53 130 None 470 278 53 121 None 635 212 34 104 None 594 239 60 114 None 689 337 41 121 None 770 294 39 113 None 812 431 46 120 None 1008 330 44 125 None
43200.jpg l_winpoint 915 380 73 106 None 775 348 30 125 None 775 277 41 102 None 720 414 48 148 None 713 357 42 126 None 707 332 37 93 None 494 352 47 127 None 443 374 82 115 None 411 382 65 112 None 387 353 39 118 None 426 317 31 126 None 465 320 40 121 None
44580.jpg r_winpoint 891 301 46 94 None 861 313 48 112 None 793 367 76 130 None 772 307 75 111 None 741 366 57 120 None 725 343 63 120 None 623 415 45 140 None 550 418 45 135 None 445 292 44 110 None 394 290 35 98 None 404 402 42 117 None 241 375 85 63 None
46635.jpg l_winpoint 1057 502 103 51 None 836 379 53 120 None 754 312 48 97 None 731 302 38 110 None 649 444 46 131 None 650 425 43 126 None 345 359 57 121 None 304 375 86 123 None 281 379 75 124 None 253 364 50 127 None 302 324 72 131 None 619 246 45 73 None
