62645.jpg r-pass 1528 604 103 192 None 1363 720 132 124 None 1381 580 114 165 None 1210 519 118 184 None 1252 435 68 172 None 1140 717 81 152 None 1068 665 64 198 None 1003 675 86 183 None 870 493 96 173 None 682 520 108 140 None 681 621 66 218 None 401 512 64 181 None
30305.jpg r_set 1512 570 119 198 None 1543 644 122 76 None 1328 676 106 197 None 1236 408 117 156 None 1096 442 108 157 setting 1010 526 77 200 None 853 609 51 211 None 880 500 61 200 None 894 444 47 175 None 586 420 55 130 None 414 568 95 193 None 444 500 71 176 None
30270.jpg r-pass 446 525 69 202 None 544 468 52 190 None 668 486 60 181 None 790 440 99 162 None 854 508 61 191 None 812 638 75 218 None 962 488 113 147 None 948 523 79 181 None 1102 607 118 158 None 1218 432 81 172 None 1455 566 87 124 digging 1500 590 76 183 digging
30150.jpg r_set 292 511 60 192 None 431 605 78 196 None 715 464 76 177 None 863 481 37 179 None 854 550 62 195 None 824 638 95 220 None 1028 579 70 212 None 1105 453 65 246 setting 1080 432 87 159 None 1366 520 67 176 None 1478 601 54 211 None 1198 799 106 230 None
29885.jpg r_spike 430 575 82 170 None 563 491 82 177 None 585 645 94 190 digging 990 452 54 168 None 1003 501 50 240 blocking 957 662 75 189 None 1203 415 94 150 None 1137 490 93 180 None 1135 488 108 218 spiking 1272 718 121 187 None 1402 539 96 168 None 1648 535 70 167 None
62625.jpg r_spike 1496 662 112 168 None 1608 569 72 186 None 1443 586 98 153 None 1268 596 189 220 spiking 1311 496 106 180 None 1350 406 80 152 None 1108 538 82 285 blocking 1124 517 77 270 blocking 1026 483 77 164 None 731 507 116 115 None 620 634 139 192 None 443 534 87 154 None
30085.jpg r_spike 493 484 60 149 digging 587 600 99 170 None 820 420 102 163 None 1134 504 85 247 blocking 1159 502 80 270 blocking 1160 515 89 262 blocking 1359 433 67 183 None 1345 532 91 232 None 1294 567 118 200 digging 1340 576 112 242 spiking 1624 562 97 161 None 1713 604 88 219 None
29985.jpg l-spike 264 630 72 219 None 238 534 73 196 None 500 641 107 175 None 647 529 79 187 None 536 544 89 166 None 601 494 82 262 spiking 753 477 75 260 blocking 768 487 80 264 blocking 773 510 61 261 blocking 1043 481 107 155 None 1314 512 93 135 None 1297 650 92 213 None
62605.jpg r_set 141 555 61 184 None 340 624 84 198 None 429 524 72 135 None 799 494 57 178 None 830 563 57 147 None 812 647 67 196 None 1407 638 57 192 None 1379 536 59 183 None 1141 479 70 181 None 1215 400 91 151 None 1255 715 115 186 None 1083 460 68 224 setting
29905.jpg l-pass 619 582 86 131 None 784 581 122 205 None 740 505 107 139 None 1099 609 103 207 None 1149 455 58 144 None 1315 678 87 198 None 1268 401 72 166 None 1175 576 54 193 None 1231 543 68 190 None 1336 485 92 172 None 1389 549 84 182 None 1723 556 60 175 None
30190.jpg l-pass 485 595 102 149 digging 811 461 94 164 None 698 629 127 185 None 890 598 127 184 None 1117 411 80 158 None 1123 430 77 169 None 1242 428 86 156 None 1232 513 109 182 None 1345 621 70 180 None 1457 584 79 204 None 1405 484 60 148 None 1730 574 74 200 None
30255.jpg l-spike 477 524 67 186 None 607 473 57 184 None 832 436 58 162 None 870 628 77 193 None 896 483 63 162 None 1007 506 62 188 blocking 1089 605 82 178 None 1059 498 80 144 None 1218 436 65 165 None 1534 596 83 195 None 1517 526 87 135 None 630 446 110 182 spiking
30045.jpg r_set 1546 591 57 210 None 1405 539 58 198 setting 1290 736 109 215 None 1248 469 67 173 None 1191 450 90 157 None 1050 567 72 210 None 838 597 66 208 None 867 538 52 186 None 854 521 52 145 None 429 624 106 213 None 439 458 58 175 None 222 552 59 197 None
30340.jpg r_spike 316 531 107 178 None 512 485 81 157 None 431 673 91 188 None 851 519 86 155 None 968 509 49 249 blocking 957 539 66 278 blocking 1097 585 107 188 digging 1096 612 161 200 spiking 1124 436 64 177 None 1411 482 106 156 None 1439 568 122 175 None 1372 594 117 181 None
29940.jpg l_set 382 566 67 197 None 586 494 53 190 None 585 655 106 134 None 563 710 133 206 None 880 494 61 171 digging 898 568 65 192 None 1022 492 61 164 None 1016 580 73 157 None 1044 656 70 158 None 1277 495 65 188 None 1295 614 80 200 None 1501 554 69 171 None
29995.jpg r-pass 1301 509 97 136 None 1238 669 71 205 None 999 487 121 145 digging 748 622 69 200 None 746 607 131 200 None 752 566 43 190 blocking 645 618 64 182 None 625 521 52 194 None 513 555 79 145 None 470 639 104 179 None 215 637 65 213 None 184 530 62 195 None
30175.jpg r_spike 1559 586 78 186 None 1296 590 108 184 None 1302 495 68 155 None 1194 679 77 200 None 1089 539 103 169 None 1108 355 71 190 spiking 974 404 70 235 blocking 995 340 48 270 blocking 849 614 102 196 None 642 466 91 156 None 527 634 138 187 None 354 577 79 186 None
30220.jpg l-pass 297 572 71 193 None 510 628 75 198 None 578 458 81 178 None 869 399 71 156 None 890 430 62 154 None 810 635 144 166 None 1034 614 107 184 None 1041 504 45 191 None 1171 529 76 179 None 1225 424 95 146 None 1293 488 101 161 None 1512 555 57 200 None
30110.jpg r-pass 346 485 65 176 None 448 590 81 191 None 680 525 208 106 None 886 627 140 212 None 927 604 100 233 None 926 682 102 214 None 1039 507 112 150 digging 1085 543 87 165 None 1119 551 71 199 None 1172 763 85 232 None 1384 554 78 175 None 1499 612 72 226 None
29945.jpg l_set 381 567 57 196 None 577 493 52 191 None 589 647 90 148 None 522 732 135 210 None 868 461 53 209 digging 879 558 72 196 None 1005 512 64 178 None 1008 563 68 172 None 1028 653 77 167 None 1286 487 67 190 None 1309 619 93 195 None 1523 545 58 171 None
43455.jpg l_winpoint 151 541 116 186 None 409 583 84 206 None 401 538 105 179 None 470 457 90 186 None 628 496 103 191 None 713 490 80 190 None 897 378 45 154 None 922 381 46 170 None 1230 418 59 177 None 1532 492 56 177 None 1364 573 57 193 None 1182 622 74 214 None
45420.jpg r_winpoint 408 648 103 168 None 473 590 74 172 None 567 528 60 152 None 716 602 86 164 None 755 496 43 154 None 759 475 56 139 None 1394 630 56 164 None 1069 474 59 152 None 1201 506 86 152 None 1133 520 60 153 None 1153 494 48 150 None 1446 574 95 160 None
31875.jpg l_winpoint 565 525 102 234 None 661 615 97 195 None 735 534 135 187 None 825 645 63 203 None 877 516 77 220 None 851 520 77 179 None 1091 591 82 187 None 1111 522 43 179 None 1126 477 56 166 None 1174 673 145 71 None 1292 670 99 204 None 1523 588 68 199 None
40860.jpg l_winpoint 483 538 62 166 None 636 523 89 179 None 718 611 88 195 None 780 551 54 223 None 732 530 76 183 None 455 649 85 214 None 1092 543 64 190 None 1429 586 90 200 None 1554 544 67 174 None 1550 469 82 125 None 1643 621 72 217 None 1707 580 113 174 None
47805.jpg l_winpoint 561 554 113 208 None 524 579 78 173 None 621 561 63 183 None 569 548 79 159 None 498 555 97 162 None 1072 600 95 169 None 991 541 90 169 None 1074 509 90 165 None 1318 567 72 155 None 1308 515 83 165 None 1441 504 87 152 None
35730.jpg r_winpoint 1412 679 71 176 None 1463 544 67 161 None 1291 531 73 161 None 1230 708 116 196 None 1152 686 70 198 None 1183 607 85 190 None 861 604 94 113 None 810 585 92 170 None 816 482 72 155 None 812 703 77 186 None 564 606 60 164 None 569 533 77 175 None
37755.jpg r_winpoint 1430 567 58 162 None 1350 629 92 160 None 1217 559 93 168 None 1129 650 110 189 None 1139 634 98 192 None 1115 620 93 184 None 823 561 73 173 None 844 507 64 170 None 659 513 104 157 None 636 676 125 181 None 518 616 94 159 None 468 624 64 187 None
38445.jpg r_winpoint 213 621 95 193 None 216 545 62 195 None 374 602 77 169 None 461 530 63 172 None 637 461 69 167 None 730 577 83 179 None 1093 497 92 167 None 1160 517 59 170 None 1185 523 99 181 None 1278 531 111 158 None 1356 518 64 161 None 1297 509 100 145 None
46110.jpg l_winpoint 1160 565 50 172 None 1184 609 53 199 None 1223 637 65 177 None 1441 598 84 166 None 1490 562 84 162 None 1537 496 47 153 None 556 577 67 187 None 588 595 62 160 None 606 572 52 176 None 616 559 53 179 None 403 714 70 175 None
48435.jpg r_winpoint 296 628 50 196 None 345 541 64 171 None 427 562 53 158 None 599 670 56 188 None 760 584 82 170 None 829 618 71 185 None 1086 594 84 158 None 1131 561 70 164 None 1211 605 81 180 None 1313 569 92 173 None 1323 599 83 175 None 1510 710 57 175 None
36405.jpg l_winpoint 1362 518 93 163 None 1292 615 52 171 None 1132 484 84 153 None 935 682 64 189 None 871 644 94 193 None 871 580 40 176 None 671 485 65 157 None 641 561 63 187 None 659 612 54 191 None 560 661 96 153 None 520 538 83 169 None 428 588 86 162 None
30390.jpg l_winpoint 1280 553 87 176 None 1227 609 52 202 None 1210 486 68 183 None 980 575 98 186 None 987 490 64 184 None 681 634 124 278 None 670 688 115 215 None 596 596 139 201 None 561 659 84 222 None 398 559 109 158 None 236 580 84 203 None 981 772 95 223 None
40230.jpg l_winpoint 258 598 133 198 None 443 597 92 177 None 386 545 58 201 None 376 515 132 196 None 537 488 138 183 None 615 569 126 194 None 1005 563 60 195 None 1018 515 67 146 None 1006 485 63 157 None 1353 519 88 174 None 1440 494 75 171 None 1354 482 99 170 None
42120.jpg r_winpoint 243 587 74 195 None 398 602 94 209 None 423 551 130 95 None 828 504 57 187 None 869 572 64 222 None 879 452 67 186 None 1103 515 83 187 None 1194 612 90 216 None 1184 497 76 183 None 1160 447 71 167 None 1343 531 75 199 None 1407 461 92 233 None
42705.jpg l_winpoint 1753 524 71 197 None 1523 552 145 181 None 1392 455 92 167 None 1093 598 64 198 None 1013 534 75 192 None 1020 461 68 184 None 600 512 88 229 None 494 527 113 191 None 421 560 156 226 None 413 506 158 183 None 327 576 102 204 None 277 557 76 201 None
