25020.jpg l-pass 149 467 67 112 None 443 413 70 94 digging 659 468 127 150 None 779 501 45 125 None 849 405 45 103 None 760 405 34 93 None 658 385 35 81 None 588 437 59 117 blocking 319 429 90 90 digging 598 478 38 130 None 196 526 65 114 None
129870.jpg r_spike 865 488 62 135 None 773 432 49 117 None 702 448 70 154 spiking 627 494 52 107 None 1057 417 47 123 None 543 415 33 211 blocking 335 408 76 99 None 200 401 50 103 None 157 486 62 147 None 51 464 62 111 None
61415.jpg r-pass 608 478 96 146 None 601 414 90 94 None 845 390 65 116 digging 857 486 54 105 None 914 428 48 107 digging 517 393 69 131 blocking 215 524 67 129 None 261 454 50 126 None 391 480 48 158 None 335 410 75 116 None 442 375 56 122 None 408 419 62 133 None
140180.jpg l-pass 620 398 35 101 None 626 356 30 97 None 811 359 43 122 None 945 438 54 139 None 982 399 43 141 None 622 444 50 135 None 458 407 52 135 None 197 451 52 148 None 289 428 97 163 digging 283 383 48 118 None 311 339 80 112 None 141 383 67 120 None
122625.jpg l_set 1059 415 70 125 None 832 462 47 125 None 800 391 47 103 None 573 328 45 162 blocking 577 432 50 123 None 601 369 35 127 None 514 358 45 148 setting 452 412 64 127 None 227 510 78 164 None 186 442 56 133 None 111 417 54 125 None 257 379 84 115 None
116360.jpg r-pass 978 503 73 75 None 852 408 90 103 None 703 503 45 105 None 783 468 67 135 None 731 453 58 105 None 768 377 45 97 None 194 476 58 137 None 230 423 73 116 None 355 390 90 105 None 503 381 67 105 None 637 449 50 143 blocking
70590.jpg r-pass 1041 414 55 123 None 869 413 74 105 digging 948 515 62 168 None 755 453 65 135 None 768 346 46 109 None 533 407 44 116 None 47 412 44 114 None 165 480 77 139 None 474 422 44 137 blocking 458 464 49 112 blocking 487 403 32 107 None
115600.jpg r_spike 773 492 83 135 None 850 376 63 128 None 804 439 74 130 None 788 336 77 100 None 655 371 42 133 None 691 346 48 156 spiking 599 338 41 74 None 585 398 49 84 None 575 452 44 149 None 296 450 63 133 None 281 363 58 102 None 149 384 69 137 None
58260.jpg l_set 1088 424 73 146 None 962 400 67 105 None 1004 499 65 145 None 710 384 67 134 None 688 461 39 149 None 672 426 47 115 None 469 509 81 145 digging 516 414 54 129 None 289 470 71 164 None 231 404 79 131 None 162 428 67 135 None 321 371 58 116 None
140055.jpg r-pass 905 414 76 91 digging 988 438 44 133 None 958 440 58 69 digging 812 490 67 130 None 836 439 67 114 None 649 393 53 105 None 344 442 35 133 None 543 472 39 130 None 556 416 39 123 None 521 414 37 119 None 148 404 81 119 None 168 463 44 114 None
129690.jpg l-pass 1122 490 80 131 None 933 458 33 128 None 837 453 35 118 None 673 456 33 131 None 652 426 35 131 blocking 662 399 30 139 blocking 455 434 48 107 None 369 407 48 105 None 155 443 48 112 None 574 467 48 118 None 249 486 69 133 digging 162 478 86 111 None
119785.jpg l_set 1058 426 62 135 None 865 405 65 103 None 641 428 45 131 None 645 392 52 105 None 901 495 55 112 None 179 428 62 133 None 339 400 47 118 None 441 433 60 150 setting 463 519 84 135 None 485 406 45 116 None 393 361 56 101 None
81780.jpg r-pass 956 473 50 129 digging 1017 478 54 116 None 1022 459 62 96 None 796 484 56 111 None 813 401 37 94 None 693 431 41 97 None 560 471 37 114 None 585 427 35 141 blocking 543 424 41 116 None 369 436 45 105 None 252 438 41 109 None 2 474 46 120 None
121075.jpg l-spike 1003 420 93 126 None 961 505 72 137 None 854 400 98 105 None 634 385 70 112 None 613 389 28 207 blocking 523 410 58 135 None 452 419 60 151 spiking 432 363 49 121 None 302 454 55 137 None 268 406 44 118 None
129730.jpg l_set 1101 445 47 129 None 1026 506 58 133 None 918 420 52 107 None 690 471 52 139 None 690 422 41 133 blocking 692 406 48 105 blocking 448 422 58 131 setting 347 476 69 107 None 429 374 45 90 None 203 482 65 156 None 193 468 48 124 None 256 427 52 129 None
55050.jpg l-pass 180 444 82 131 None 277 410 93 103 None 437 398 65 116 None 612 475 80 136 None 645 447 38 130 None 769 436 52 147 None 746 425 48 133 None 729 388 46 116 None 918 466 71 133 None 1072 425 74 148 None 990 371 51 133 None 306 494 128 122 None
70405.jpg r_spike 1047 434 50 131 None 894 420 92 158 spiking 884 403 45 112 None 747 448 80 118 None 729 399 67 96 None 616 461 39 131 None 602 459 67 118 None 438 408 64 105 None 233 479 67 146 None 208 440 58 129 None 348 413 54 107 None
24900.jpg l_set 992 457 46 112 None 911 504 72 116 None 863 416 53 97 None 642 476 44 130 blocking 640 447 39 105 blocking 648 407 48 114 None 578 423 49 144 setting 499 476 46 125 None 422 369 62 93 None 365 428 72 102 None 231 442 81 114 None 143 500 116 142 None
138650.jpg r_spike 971 394 55 107 None 907 463 74 160 None 880 395 67 135 None 786 351 69 126 None 710 395 44 123 None 775 295 37 126 spiking 155 428 58 111 None 263 433 84 147 None 282 359 70 105 None 570 441 56 139 None 655 344 32 126 None 651 304 42 125 blocking
61380.jpg l_set 1100 433 62 122 None 968 481 60 137 None 849 416 77 88 None 674 365 48 111 blocking 666 424 39 105 blocking 663 457 52 137 None 566 364 52 148 setting 437 455 64 137 None 414 345 67 101 None 145 475 101 158 None 239 447 52 124 None 259 410 37 120 None
115630.jpg l-pass 952 403 64 117 None 844 362 47 113 None 772 445 54 137 None 765 396 41 116 None 749 408 37 132 None 770 343 31 93 None 580 387 72 101 None 522 437 88 124 None 373 434 88 130 digging 213 414 57 122 None 343 346 50 113 None 686 316 36 151 blocking
122665.jpg l_set 1007 416 43 131 None 846 468 54 126 None 812 391 46 107 None 662 434 49 145 None 587 377 35 164 blocking 620 378 38 126 None 335 413 74 197 setting 502 431 54 134 None 479 407 68 128 None 317 441 46 109 None 145 416 54 123 None 507 442 110 60 None
86260.jpg r_spike 858 316 77 132 spiking 985 401 63 123 None 881 433 48 135 None 760 458 76 147 None 740 406 49 133 None 743 338 48 91 None 621 363 39 142 blocking 534 431 84 130 None 247 451 65 151 None 285 375 53 107 None 121 413 61 126 None
61570.jpg r_set 840 398 42 133 digging 927 426 67 144 None 960 399 49 114 None 988 502 88 154 None 655 410 48 137 None 743 396 46 67 None 272 368 60 114 None 109 544 126 116 None 106 408 70 126 None 519 437 51 175 None 537 390 46 126 None 539 354 51 128 None
70420.jpg l-pass 1074 441 63 135 None 991 463 60 135 None 956 491 51 144 None 924 418 48 114 None 795 449 83 130 None 754 393 65 105 None 608 487 55 135 None 587 441 63 114 None 460 403 44 112 None 332 431 49 107 digging 338 479 60 133 None 264 445 62 133 None
58355.jpg r_set 1033 386 77 133 None 857 385 62 135 None 813 518 90 154 None 714 433 94 148 digging 772 433 56 75 None 645 428 50 137 None 510 425 37 161 None 501 410 47 141 None 509 359 45 97 None 212 366 67 107 None 117 411 62 135 None 148 468 65 154 None
121120.jpg r-pass 904 445 63 127 None 882 383 72 112 None 859 351 44 116 None 676 438 49 134 None 623 445 77 142 None 614 408 56 95 digging 502 455 64 158 None 385 402 50 140 None 517 370 42 110 None 507 337 39 98 None 231 412 88 134 None 226 381 56 103 None
119750.jpg l-pass 916 466 44 119 None 927 401 51 112 None 719 448 37 135 None 724 423 42 125 None 737 370 44 105 None 471 494 81 125 digging 389 467 60 116 None 468 406 56 105 None 511 365 56 107 None 352 413 69 105 None 203 435 48 124 None
138595.jpg r-pass 1078 506 96 163 None 1064 413 47 148 None 810 392 71 124 None 827 331 54 124 None 728 382 67 109 digging 537 364 47 143 None 12 413 60 131 None 175 466 71 146 None 240 357 56 126 None 480 454 33 152 None 480 392 47 129 None 473 363 41 118 None
129925.jpg l_set 557 441 45 121 None 617 413 47 123 None 462 414 47 109 digging 487 353 43 94 None 131 468 78 160 None 115 462 109 106 None 1185 413 60 143 None 1023 464 58 147 None 915 394 49 115 None 694 458 50 148 None 695 405 47 88 None 699 370 43 82 None
115530.jpg l-spike 940 463 65 124 None 969 407 37 88 None 851 381 56 126 None 762 458 62 131 None 651 397 52 124 None 709 368 48 118 None 545 371 65 116 None 500 427 67 105 None 423 464 67 152 None 438 348 52 135 spiking 310 390 43 124 None 383 511 100 41 None
115680.jpg l_set 1107 389 67 140 None 1043 441 78 127 None 928 347 69 130 None 841 345 53 122 None 746 424 52 141 None 751 387 48 112 None 579 377 57 134 None 534 317 39 113 None 354 469 79 176 digging 358 430 59 152 None 187 420 87 141 None 386 345 44 109 None
140345.jpg r-pass 1073 403 67 106 None 909 371 56 105 None 735 451 86 152 None 753 385 67 67 None 707 393 44 127 None 646 338 32 134 None 562 346 47 135 None 518 381 61 131 None 472 400 49 133 None 330 366 44 119 None 276 404 57 156 None 182 408 72 124 None
81910.jpg r-pass 916 477 54 127 None 863 426 90 115 digging 690 498 90 139 None 732 386 49 104 None 716 416 30 82 None 651 443 96 128 None 185 431 65 139 None 493 484 38 126 None 551 428 46 120 None 534 396 24 82 None 430 417 46 107 None 400 478 68 107 None
116320.jpg r_set 664 355 41 156 setting 717 422 50 131 None 809 364 67 94 None 884 402 45 105 None 993 440 43 126 None 895 517 90 143 None 161 420 52 118 None 270 385 54 97 None 261 478 58 129 None 539 455 50 139 None 560 424 37 111 None 575 391 39 107 None
24730.jpg r-pass 905 402 35 120 digging 1076 434 49 118 None 957 499 62 137 None 939 438 47 120 None 749 406 62 97 None 593 420 47 115 None 5 485 82 135 None 177 438 46 119 None 319 427 55 112 None 487 468 53 127 None 520 441 37 123 None 516 422 36 110 None
82085.jpg r-pass 885 441 86 133 None 915 401 47 126 None 795 472 48 146 None 710 430 65 139 None 738 403 41 90 None 711 366 41 116 setting 462 453 48 146 None 477 399 43 150 blocking 475 381 35 96 None 234 447 60 146 None 222 381 37 116 None 122 415 43 137 None
81940.jpg r_set 845 543 126 161 None 883 457 65 129 None 922 410 62 129 None 698 413 82 161 None 666 333 47 178 setting 798 368 56 101 None 592 471 41 129 None 611 444 35 116 None 595 387 39 111 None 189 426 43 139 None 343 466 62 146 None 369 413 73 73 None
121180.jpg l-pass 172 450 86 133 digging 254 405 70 121 None 298 466 75 130 None 448 444 67 175 None 588 419 62 133 None 482 349 62 132 None 1151 411 63 153 None 941 478 81 135 None 934 388 53 126 None 720 424 67 149 None 724 382 48 98 None 825 438 86 133 None
121160.jpg r_spike 786 399 97 180 spiking 918 474 77 139 None 1036 418 48 144 None 876 385 41 139 None 651 438 54 163 None 664 393 50 154 None 557 458 52 146 None 487 435 73 146 None 215 419 52 107 None 97 438 71 137 None 226 472 80 146 None 426 376 69 116 None
86165.jpg r-pass 994 403 46 105 None 739 442 70 151 None 812 364 53 119 None 526 324 49 147 blocking 172 386 58 106 None 120 434 82 145 None 288 400 54 127 None 402 445 68 117 None 426 402 61 106 None 932 452 72 133 None
24980.jpg r_set 589 373 48 133 setting 668 426 65 105 None 797 461 90 109 None 886 443 105 103 digging 858 393 62 67 None 823 548 94 150 None 140 479 77 141 None 153 454 56 105 None 249 406 54 99 None 465 491 41 126 None 495 454 41 122 None 503 412 33 94 None
58410.jpg l-pass 112 431 58 146 None 435 455 88 121 None 442 359 55 132 None 621 482 58 132 None 749 489 65 192 None 721 447 65 132 None 857 487 63 144 None 847 416 67 133 None 838 405 51 104 None 1048 454 79 139 None 228 412 72 96 None
61400.jpg l-spike 338 378 82 114 spiking 274 492 80 154 None 289 454 73 126 None 447 488 58 160 None 467 407 45 120 None 476 368 54 111 None 602 410 33 129 blocking 603 498 84 129 None 636 394 52 101 None 1008 424 67 126 None 875 499 82 126 None 875 406 80 94 None
116285.jpg r-pass 1014 441 48 139 digging 1018 496 67 124 None 964 430 45 105 None 831 476 69 131 None 807 398 43 105 None 607 426 52 126 None 98 408 60 118 None 270 494 67 118 None 323 405 39 116 None 513 450 39 146 None 560 403 26 146 blocking 526 437 30 118 None
121250.jpg l-spike 574 322 43 133 blocking 568 277 37 150 blocking 707 431 52 141 None 1041 403 60 123 None 866 452 80 129 None 785 349 68 119 None 439 268 76 160 spiking 443 412 70 119 None 394 461 86 162 None 263 403 60 135 None 347 364 43 117 None 377 415 47 145 None
129965.jpg l-spike 999 475 69 133 None 1008 427 51 95 None 852 394 71 102 None 632 394 39 118 None 562 396 35 186 blocking 558 403 32 140 blocking 266 405 51 184 spiking 365 399 71 123 None 466 445 47 118 None 476 427 46 99 None 427 359 37 116 None 144 437 62 128 None
125455.jpg l-pass 345 395 58 99 digging 315 413 71 103 None 204 507 77 144 None 211 410 43 97 None 169 444 41 125 None 522 431 37 109 None 1113 447 43 128 None 925 490 39 116 None 910 422 45 90 None 666 466 35 139 None 662 426 30 128 None 666 413 35 114 None
81960.jpg r_spike 769 328 55 112 spiking 864 404 60 116 None 909 439 60 142 None 792 498 63 154 None 760 405 44 123 None 716 413 53 133 None 673 404 35 114 None 589 469 55 137 None 460 388 67 109 None 361 456 65 142 None 235 436 56 132 None 677 323 28 149 blocking
121300.jpg r-pass 950 407 59 119 None 629 446 84 119 digging 595 473 47 52 None 620 344 72 116 None 777 458 64 117 None 792 374 49 123 None 512 368 47 172 blocking 470 438 54 162 None 459 339 58 129 None 348 419 74 143 None 208 388 50 147 None 235 363 52 119 None
25010.jpg r_spike 840 399 39 109 None 697 453 79 147 spiking 749 481 62 126 None 783 444 49 105 None 717 397 46 107 None 575 434 42 167 blocking 501 408 44 100 digging 336 412 51 95 None 172 504 95 121 None 172 459 79 95 None 643 379 43 94 None
138480.jpg l_set 406 464 96 152 digging 378 427 84 137 None 141 469 58 150 None 163 413 48 124 None 266 393 65 135 None 339 374 73 118 None 682 433 43 152 None 665 415 45 146 blocking 679 407 35 131 None 1173 416 54 150 None 985 384 62 131 None 1013 500 59 130 None
58320.jpg r-pass 698 446 72 142 None 699 404 48 84 digging 493 447 64 133 None 518 421 50 124 None 390 420 38 166 None 414 389 38 149 None 425 370 36 133 None 270 480 86 152 None 191 443 62 126 None 222 392 64 119 None 933 402 78 122 None 811 397 78 90 digging
61610.jpg r_spike 735 356 69 203 spiking 826 457 65 154 None 977 451 50 131 None 961 417 80 122 None 715 446 77 131 None 743 367 69 131 None 586 371 41 218 blocking 396 375 73 111 digging 61 452 88 131 None 166 513 96 146 None 267 368 52 122 None
61530.jpg r-pass 212 576 115 85 None 485 433 77 148 None 273 404 60 125 None 445 384 72 115 None 645 365 39 134 None 626 353 37 129 None 743 377 47 110 None 713 411 71 115 None 766 453 85 140 None 879 429 67 137 None 901 388 43 91 None 777 384 45 125 None
25110.jpg l-spike 1023 426 50 107 None 739 455 67 118 None 607 345 48 161 blocking 424 329 56 137 spiking 523 423 48 118 None 492 462 47 120 None 308 396 62 111 None 260 483 73 126 None 43 457 67 116 None 843 396 51 103 None 908 463 55 130 None
82015.jpg l_set 1073 459 96 145 None 1047 400 65 117 None 922 382 38 123 None 741 456 68 148 None 750 366 41 107 None 740 415 46 87 None 630 374 57 115 None 538 345 41 93 None 445 475 68 145 None 344 426 60 134 None 324 326 68 115 digging 98 420 82 120 None
58390.jpg r_spike 695 426 111 150 spiking 775 448 61 141 None 1036 429 57 148 None 817 416 44 125 None 824 401 54 111 None 687 431 83 125 None 260 356 54 110 None 196 460 123 131 None 33 419 89 136 None 582 375 52 219 blocking 397 365 86 119 digging
54850.jpg l-pass 322 426 43 104 None 257 457 48 102 None 390 491 64 123 None 510 444 46 89 None 707 459 34 107 None 697 419 44 130 blocking 815 433 67 109 None 710 415 32 74 None 974 446 54 107 None 1162 478 96 114 None 371 442 54 72 None 622 483 56 96 None
116345.jpg r_spike 732 430 75 133 spiking 686 445 58 109 None 842 455 45 131 None 918 430 69 109 None 791 387 58 120 None 760 370 39 90 None 553 381 58 109 None 348 382 62 99 None 197 489 75 124 None 210 430 77 103 None 622 393 46 195 blocking
129765.jpg l-spike 417 337 71 116 spiking 434 478 61 147 None 214 494 69 131 None 107 474 80 117 None 212 418 69 114 None 575 323 34 158 blocking 681 460 77 117 None 824 390 61 97 None 1008 421 63 108 None 934 461 60 127 None 370 420 49 104 None
24870.jpg l-pass 1090 452 44 110 None 999 468 44 121 None 385 458 68 89 digging 494 420 47 103 None 659 466 44 117 None 740 391 29 74 None 453 366 39 93 None 221 426 47 117 None 186 489 58 137 None 727 447 35 127 None 722 413 33 130 blocking 1135 402 65 106 None
140115.jpg r_spike 1008 427 60 114 None 882 444 65 139 None 741 377 45 175 spiking 782 425 65 131 None 806 342 37 137 None 712 433 39 114 None 603 366 45 214 blocking 464 379 69 109 None 242 455 88 148 None 280 371 82 97 None 149 419 88 109 digging
61500.jpg r_spike 179 544 113 103 None 405 503 61 111 None 87 418 66 135 None 215 372 77 100 None 578 349 31 147 None 758 310 44 132 spiking 858 392 46 120 None 796 455 80 157 None 708 424 79 137 None 705 381 52 107 None 655 413 60 117 None
121325.jpg r-pass 591 503 62 60 None 941 419 64 146 None 820 376 45 131 None 644 354 73 137 None 488 391 71 137 None 394 351 79 105 None 417 436 84 133 None 140 412 67 141 None 166 374 54 124 None 676 446 54 116 None 774 474 51 137 digging 332 443 96 151 None
70365.jpg r_set 899 519 80 154 None 865 453 62 118 None 693 429 50 133 None 696 402 52 103 digging 968 466 69 88 None 543 475 41 133 None 554 433 37 99 None 569 404 32 107 None 324 419 54 90 None 186 447 48 116 None 276 480 45 118 None 814 369 43 103 None
86080.jpg l-pass 276 466 72 80 digging 336 500 49 138 None 225 469 49 122 None 315 404 57 96 None 460 412 57 107 None 571 436 57 122 None 876 463 46 126 None 1086 452 49 134 None 1076 405 53 107 None 729 422 38 119 None 687 452 46 130 None 687 429 34 130 None
129885.jpg l-pass 104 474 77 97 None 262 478 77 144 None 231 405 83 109 None 410 382 66 114 None 622 492 44 137 None 592 453 62 144 blocking 1135 422 42 137 None 825 419 48 123 None 710 491 59 145 None 755 424 64 139 None 685 453 57 127 None 908 497 56 132 None
119585.jpg l_set 446 405 63 150 setting 401 419 41 150 None 118 452 65 147 None 197 497 86 162 None 319 453 68 138 None 401 357 52 108 None 612 450 37 139 None 616 419 37 125 None 612 390 44 119 None 819 398 63 116 None 977 427 51 138 None 906 505 65 119 None
115590.jpg r_set 626 308 63 174 setting 693 413 53 140 None 858 509 102 149 None 831 329 55 84 None 868 366 39 98 None 550 446 44 147 None 567 398 39 84 None 574 340 39 74 None 291 435 70 137 None 163 374 70 137 None 245 353 74 111 None 835 422 91 140 None
121220.jpg l_set 501 380 74 160 setting 245 523 118 184 None 203 406 91 133 None 360 380 69 121 None 445 329 65 114 None 692 446 69 128 None 686 405 41 118 blocking 693 377 49 102 None 1003 486 67 130 None 1129 435 65 132 None 948 380 65 130 None
116415.jpg r_spike 924 478 62 124 None 858 376 49 167 setting 758 453 76 136 None 671 486 76 145 None 682 438 51 138 None 682 388 43 107 None 527 430 46 133 None 521 380 52 89 None 412 469 58 158 None 273 393 58 103 None 169 446 63 116 None
55025.jpg r_spike 957 426 79 132 None 898 366 62 109 None 830 468 72 137 None 748 409 98 170 spiking 705 442 82 127 None 691 399 67 112 None 615 377 44 226 blocking 456 371 60 116 None 301 373 53 104 None 108 436 69 130 None 151 501 100 132 None
119545.jpg l-pass 516 450 52 126 digging 437 490 80 137 None 350 442 52 122 None 485 421 48 120 None 456 385 48 116 None 648 464 45 135 None 625 425 43 126 None 636 403 33 114 None 956 445 52 122 None 866 478 41 122 None 803 412 65 111 None 227 486 61 141 None
86355.jpg l-spike 286 379 65 192 spiking 252 425 56 131 None 434 394 62 133 None 431 378 69 122 None 413 339 45 111 None 537 350 35 156 blocking 531 437 37 139 blocking 626 372 54 124 None 847 351 65 131 None 978 383 54 119 None 908 443 80 136 digging
121060.jpg l_set 553 382 56 161 setting 635 414 41 122 blocking 647 458 48 143 None 645 387 37 103 None 893 407 47 118 None 1123 434 54 129 None 950 508 64 114 None 403 451 80 135 None 338 429 62 137 None 298 377 101 135 None 211 450 77 139 None 158 415 92 133 None
55095.jpg l_set 443 410 52 129 digging 535 419 64 148 None 398 351 52 118 None 931 378 54 118 None 1175 412 50 137 None 681 431 41 146 blocking 684 382 54 126 None 983 471 69 135 None 295 522 88 165 None 315 474 107 80 None 80 426 86 133 None 682 407 54 145 blocking
86155.jpg l-spike 571 307 35 150 blocking 420 318 73 111 spiking 141 427 67 148 None 226 388 48 126 None 330 392 54 126 None 409 443 60 122 None 759 446 88 141 None 873 361 48 111 None 972 464 84 133 digging 1036 392 58 122 None
140220.jpg l-spike 383 301 48 139 spiking 394 378 35 122 None 541 329 32 139 blocking 570 388 52 122 None 691 411 62 122 None 775 350 56 122 None 833 432 69 114 None 981 387 54 118 None 170 474 56 146 None 89 425 58 133 None 153 352 48 111 None 187 375 75 116 None
122585.jpg l-pass 255 396 47 131 digging 455 396 84 107 None 314 492 55 162 None 568 447 45 126 None 177 419 43 126 None 96 465 71 107 None 672 399 26 101 None 657 411 39 137 blocking 673 462 37 146 None 880 414 65 116 None 972 493 58 116 None
140310.jpg r_spike 643 300 96 167 spiking 842 387 43 143 None 755 372 48 129 None 652 403 82 120 None 660 449 80 148 None 1024 432 79 122 None 602 293 28 122 blocking 564 361 62 120 None 469 414 62 122 None 234 424 77 156 None 311 357 52 111 None 90 430 65 129 None
122640.jpg l-pass 396 412 77 92 digging 480 374 52 161 None 517 404 28 116 None 573 375 39 161 blocking 603 429 43 135 None 589 389 45 101 None 982 427 45 118 None 793 390 54 116 None 286 479 75 152 None 136 428 62 118 None 789 460 55 122 None
86115.jpg l_set 446 432 48 126 digging 247 526 69 161 None 262 393 69 118 None 364 346 45 94 None 447 389 62 114 None 228 424 48 141 None 713 375 35 94 None 703 403 30 90 None 706 452 50 143 None 1011 487 103 131 None 983 392 55 110 None 1118 425 67 129 None
125515.jpg r-pass 882 409 60 103 digging 953 440 48 114 None 936 475 45 133 None 646 483 97 137 None 668 442 47 131 None 633 399 41 131 None 423 427 45 126 None 308 467 82 148 None 209 447 56 120 None 258 379 37 122 None 354 400 47 124 None
122705.jpg l-spike 469 396 64 137 spiking 510 395 42 88 None 583 374 35 180 blocking 628 389 62 122 None 711 454 88 135 None 809 389 65 118 None 917 480 73 124 None 1047 417 67 133 None 431 480 54 184 None 354 428 50 137 None 274 416 52 139 None 150 399 65 144 None
61700.jpg l-spike 1096 414 76 123 None 796 380 88 105 digging 884 460 52 145 None 689 459 103 123 None 541 308 35 170 blocking 389 302 72 135 spiking 453 391 49 145 None 375 472 88 160 None 353 454 54 133 None 241 410 60 139 None 302 378 58 123 None
121385.jpg l-pass 262 404 52 126 digging 481 394 52 120 None 431 332 48 114 None 147 405 67 148 None 280 508 60 188 None 654 424 41 137 None 740 376 28 111 None 721 378 33 171 blocking 743 434 30 135 None 1190 419 41 137 None 1057 483 58 126 None 933 393 48 120 None
119635.jpg r-pass 827 406 75 97 digging 688 412 75 116 None 556 487 28 137 None 574 484 48 109 None 1023 436 60 133 None 955 513 58 131 None 209 495 64 137 None 278 424 62 122 None 444 432 69 122 None 465 380 41 101 None 339 499 80 129 None 327 474 47 131 None
70635.jpg r_spike 922 429 103 146 None 923 410 47 114 None 797 521 84 169 None 789 362 35 116 None 744 414 50 135 None 688 417 54 161 None 618 393 52 84 None 600 494 50 146 None 303 404 84 114 None 167 451 71 126 None 213 487 56 156 None 625 443 38 142 None
116380.jpg r-pass 893 553 99 62 None 676 483 103 109 None 803 389 71 122 None 676 409 67 150 digging 677 481 50 148 None 713 389 58 92 None 328 394 52 112 None 456 384 79 109 None 546 455 48 150 None 185 463 50 135 None 186 398 52 131 None 454 469 82 153 None
61625.jpg l-pass 311 389 84 107 digging 453 368 77 117 None 259 494 73 156 None 146 439 58 141 None 655 438 50 158 blocking 906 473 58 146 None 1024 470 64 122 None 982 411 60 133 None 796 426 65 116 None 751 460 43 144 None 778 443 69 139 None
115480.jpg l-spike 952 491 75 101 digging 1011 448 64 101 digging 896 389 58 109 None 736 457 73 122 None 631 389 35 137 blocking 640 317 28 150 blocking 511 331 62 122 spiking 588 396 33 129 None 481 483 67 154 None 331 452 71 122 None 413 429 45 131 None 398 415 32 118 None
138530.jpg l-pass 1056 401 71 129 None 941 430 41 137 None 730 428 54 139 None 642 407 82 129 None 691 370 54 107 None 341 476 52 154 None 239 397 60 144 None 282 363 58 131 digging 340 352 48 112 None 77 428 50 131 None 491 406 60 139 None 853 370 80 120 None
115425.jpg l-pass 379 432 45 90 digging 467 446 41 99 None 580 483 41 103 None 359 518 45 126 None 232 464 47 118 None 277 439 35 105 None 1146 491 62 124 None 812 448 48 114 None 987 459 60 111 None 694 427 32 73 None 689 467 35 118 None 676 428 30 122 blocking
58295.jpg l-spike 1054 429 69 126 None 918 392 51 107 None 733 371 104 107 None 577 351 35 196 blocking 836 460 49 126 None 444 507 74 156 None 443 426 88 105 None 461 376 51 123 None 425 374 34 170 spiking 335 389 62 125 None 276 445 69 121 digging
24940.jpg r-pass 776 408 30 107 None 528 407 45 116 None 656 482 90 129 None 509 510 75 137 None 776 430 48 105 digging 319 529 86 146 None 272 481 69 126 None 238 424 54 94 None 210 444 43 124 None 376 449 77 122 None 376 394 35 111 None
119725.jpg r-pass 962 397 47 109 None 818 469 39 135 None 917 449 43 103 None 815 352 35 105 None 754 430 39 129 None 874 421 64 92 digging 504 446 37 150 None 594 407 73 128 None 630 383 35 111 None 347 393 50 105 None 291 480 52 129 None 209 438 52 124 None
81860.jpg l-pass 538 409 58 102 None 586 482 55 128 None 640 459 44 116 None 276 445 48 120 None 850 433 37 123 None 773 387 37 119 None 731 469 48 144 None 720 445 41 139 None 947 439 46 137 None 998 438 44 111 None 412 508 117 75 None 436 435 71 92 digging
125590.jpg r_spike 795 331 51 86 spiking 904 370 47 126 None 961 407 43 114 None 931 452 52 114 None 834 471 48 150 None 689 422 51 106 None 613 345 41 152 blocking 463 445 65 139 None 285 383 41 103 None 220 473 67 137 None 153 440 58 111 None
86225.jpg r_set 706 341 45 111 digging 736 410 52 152 None 1068 387 58 141 None 1038 361 54 122 None 958 469 94 154 None 885 509 88 176 None 544 433 41 135 None 544 391 32 135 None 258 372 67 101 None 119 409 50 139 None 213 446 69 126 None
54910.jpg l-spike 423 422 61 160 spiking 506 423 54 123 None 522 384 31 125 None 473 364 49 111 None 341 459 64 123 None 312 426 52 101 None 589 392 39 174 blocking 630 394 56 111 None 957 438 56 101 None 845 394 64 105 None 935 504 76 121 digging
25070.jpg l_set 1062 435 62 131 None 1003 489 82 118 None 992 414 48 92 None 741 445 35 133 None 733 419 30 111 None 756 389 33 111 None 177 400 48 167 setting 201 471 52 148 None 419 492 67 131 None 604 438 43 122 None 512 376 39 90 None 407 395 45 101 None
116495.jpg l-spike 346 362 82 129 spiking 318 396 52 122 None 440 464 67 161 None 488 391 48 122 None 540 359 41 129 None 493 344 47 120 None 591 354 41 163 blocking 598 459 48 122 None 633 387 84 105 None 1038 434 62 116 None 934 478 65 122 None 890 374 54 109 digging
129830.jpg r_set 908 391 56 112 digging 963 475 80 133 None 774 391 58 103 None 593 398 50 118 None 480 415 58 109 None 804 540 84 150 None 382 443 43 133 None 338 474 54 129 None 325 390 60 109 None 76 436 54 129 None 63 397 69 101 None
86280.jpg l-pass 153 429 82 100 None 288 439 69 145 None 302 370 52 92 None 495 446 88 122 None 663 372 43 117 None 674 333 40 122 blocking 1013 420 60 116 None 865 420 86 136 None 749 425 49 137 None 743 405 82 114 None 820 361 57 110 None 766 345 57 105 None
115485.jpg l-spike 995 444 71 101 None 945 476 73 114 digging 883 391 58 103 None 770 457 77 118 None 618 333 41 169 blocking 559 385 41 139 setting 500 324 80 120 digging 482 480 54 141 None 296 429 48 131 None 404 403 62 111 None 345 438 69 116 None
115730.jpg l-spike 419 331 64 125 spiking 510 415 68 133 None 357 484 82 164 None 372 437 56 111 None 248 401 41 137 None 294 376 37 127 None 696 403 80 117 None 652 385 39 119 None 889 450 62 143 None 998 455 64 115 None 996 397 60 84 None 972 367 49 105 None
54990.jpg r_set 915 536 69 156 None 893 382 67 118 None 977 382 71 131 None 763 441 82 116 None 766 342 50 137 setting 596 364 35 101 None 588 406 39 110 None 581 455 45 156 None 317 373 50 101 None 268 475 62 143 None 115 414 58 124 None 933 443 77 137 None
115510.jpg l-pass 397 419 52 85 None 475 462 74 72 None 430 478 97 119 None 322 477 105 88 None 238 429 55 105 None 737 463 99 120 None 859 382 55 108 None 638 381 46 111 None 621 368 40 111 None 965 419 46 144 None 946 467 61 114 None
54950.jpg r-pass 957 443 50 131 None 796 402 71 101 None 719 390 71 122 digging 682 369 65 109 None 681 504 77 143 None 620 501 65 148 None 506 366 30 118 None 494 394 37 131 None 472 447 58 143 None 307 442 43 137 None 234 435 54 139 None 167 415 58 131 None
81820.jpg r_set 1044 459 101 118 None 872 397 54 80 None 969 436 45 107 None 1001 504 77 146 None 761 413 43 107 setting 734 489 73 122 None 614 494 41 129 None 619 421 43 92 None 630 475 33 112 None 398 435 47 92 None 246 484 52 131 None 237 454 33 126 None
61345.jpg l-pass 275 463 60 109 digging 491 405 43 109 None 638 435 41 114 None 381 371 41 107 None 214 440 86 114 None 188 405 47 114 None 718 444 30 135 None 730 396 28 86 None 700 385 37 141 blocking 899 407 47 103 None 954 456 65 124 None
121260.jpg r-pass 1003 406 52 116 None 811 442 84 128 digging 709 448 94 122 None 720 361 48 105 None 529 303 96 126 blocking 424 332 73 120 None 328 377 47 101 None 421 407 77 126 None 369 480 84 139 None 237 417 58 126 digging 331 441 64 122 None
70330.jpg r-pass 890 508 41 125 None 693 460 30 108 None 711 395 30 94 None 569 442 37 97 None 474 478 43 108 None 286 440 46 86 None 261 485 44 110 None 83 477 65 128 None 505 423 30 133 blocking 863 469 55 86 digging 879 466 58 71 digging
70525.jpg l-pass 196 402 72 131 digging 380 480 49 125 None 549 426 50 109 None 688 482 82 123 None 753 436 74 127 None 1101 457 52 125 None 957 430 56 103 None 1148 410 54 107 None
116470.jpg l_set 583 385 55 147 setting 531 384 63 121 None 421 343 74 104 None 359 391 60 119 None 188 419 95 126 None 256 522 119 170 None 662 444 51 126 None 662 378 34 144 blocking 678 378 32 118 None 880 378 39 114 None 1073 417 56 126 None 929 471 46 121 None
140085.jpg r_set 653 375 52 146 setting 718 443 60 118 None 851 502 82 150 None 991 433 80 99 None 985 408 41 77 None 913 370 73 107 None 533 472 43 124 None 550 419 43 126 None 549 389 41 112 None 280 389 69 97 None 266 463 50 143 None 123 448 56 99 None
81830.jpg r_spike 905 505 92 146 None 972 458 80 111 None 850 385 65 99 None 938 427 41 111 None 781 448 65 122 None 709 415 71 151 spiking 632 466 26 154 blocking 647 405 18 176 blocking 599 422 56 107 None 398 420 58 99 None 316 483 52 103 None 246 463 45 114 None
129775.jpg r-pass 955 422 47 97 None 889 472 75 114 digging 799 398 45 88 None 663 452 77 105 None 539 361 39 126 blocking 430 469 56 133 None 380 390 41 97 None 352 428 48 97 None 235 415 45 112 None 171 498 69 131 None 110 461 52 114 None
125400.jpg l-pass 363 406 42 116 digging 639 461 35 109 None 590 408 62 98 None 329 476 42 135 None 238 427 37 121 None 315 432 35 93 None 926 433 51 104 None 996 512 51 95 None 747 415 39 109 None 742 462 27 133 None 719 412 42 137 blocking
55220.jpg r_spike 882 370 65 164 spiking 936 461 57 148 None 849 381 52 126 None 672 475 57 139 None 691 444 52 139 None 492 374 79 126 None 583 422 38 128 None 219 376 54 90 None 158 478 93 131 None 133 417 65 128 None 611 557 63 142 None 601 404 33 126 None
140270.jpg r_set 987 408 82 110 None 743 329 60 99 None 757 347 43 117 None 744 449 74 147 None 880 427 43 133 None 629 342 58 181 setting 470 445 41 142 None 501 390 43 133 None 491 351 44 125 None 161 417 65 153 None 237 370 51 103 None 2 420 57 122 None
140095.jpg r_spike 687 393 86 161 spiking 833 518 92 148 None 871 375 65 105 None 974 439 39 107 None 992 425 45 97 None 556 481 39 129 None 580 435 30 137 None 546 405 77 101 None 301 392 67 103 None 271 483 54 130 None 119 469 62 94 None 704 419 57 128 None
82145.jpg r_spike 763 297 46 137 spiking 808 397 58 126 None 925 425 51 140 None 752 459 44 160 None 685 414 49 160 None 625 301 32 181 blocking 508 430 70 132 None 405 360 65 105 None 246 444 79 133 None 94 413 56 116 None
125560.jpg r_set 997 435 80 124 None 893 385 88 92 None 897 552 99 164 None 737 442 69 122 None 738 340 45 165 setting 471 380 41 114 None 476 431 39 109 None 472 466 37 133 None 181 396 62 99 None 83 435 67 129 None 178 474 60 133 None 911 473 56 122 None
82115.jpg r_set 995 408 84 118 None 883 532 88 175 None 833 365 47 114 None 743 445 54 131 None 700 385 48 154 setting 902 448 64 135 None 562 376 39 101 None 266 460 54 148 None 144 427 45 131 None 315 392 69 109 None 544 457 58 126 None 558 406 50 161 blocking
58450.jpg l_set 1096 415 62 135 None 994 485 84 137 None 923 392 52 107 None 666 475 45 141 None 664 420 39 109 None 677 369 37 123 None 466 418 45 188 setting 513 417 50 160 None 413 346 54 101 None 312 513 107 178 None 157 422 109 135 None 187 399 66 123 None
138625.jpg r_set 1044 511 96 166 None 1001 417 92 113 None 816 333 78 107 None 671 394 71 123 None 611 336 53 159 setting 548 360 35 114 None 545 405 36 110 None 528 456 37 149 None 224 371 75 102 None 247 451 63 148 None 88 417 57 117 None 912 373 46 111 None
81975.jpg l-pass 398 459 72 126 digging 300 435 51 119 None 573 461 79 112 None 533 373 46 109 None 706 358 37 128 blocking 930 438 74 123 None 853 405 53 112 None 873 392 48 104 None 757 403 60 128 None 788 487 86 147 None 752 370 30 121 None
61510.jpg r_spike 198 569 117 88 None 409 466 107 137 None 613 299 37 159 blocking 320 373 49 112 None 126 416 85 137 None 874 387 40 127 None 771 454 88 140 None 679 415 68 121 None 708 390 63 110 None 758 362 43 121 None 803 433 75 127 None
125495.jpg l-spike 1065 458 43 118 None 923 417 62 110 None 653 427 73 115 None 639 492 50 126 None 614 465 39 109 None 971 522 52 121 None 313 437 53 148 spiking 477 442 51 105 None 415 404 41 109 None 271 453 52 116 None 280 395 36 116 None 346 409 42 91 None
119485.jpg l-pass 277 529 82 98 digging 444 510 61 133 None 617 480 37 119 None 470 453 40 98 None 353 411 39 106 None 214 483 68 113 None 704 459 32 114 None 726 439 33 116 None 681 437 29 130 blocking 1066 434 48 103 None 992 464 47 117 None 905 487 40 110 None
115555.jpg r-pass 965 450 60 125 None 896 419 63 123 digging 833 487 63 144 None 799 357 58 116 None 752 417 62 121 None 671 387 79 118 None 370 476 86 93 None 493 455 44 147 None 576 376 32 137 None 528 395 48 116 None 394 377 46 118 None 272 382 79 111 None
115455.jpg l_set 1053 481 52 101 None 959 518 67 115 None 878 427 41 100 None 695 420 35 107 None 676 471 41 117 None 673 412 31 150 blocking 560 429 49 136 setting 383 400 84 95 None 328 540 93 165 None 231 440 108 118 None 310 480 45 122 None
55185.jpg r_set 1006 419 86 133 None 948 495 58 148 None 797 394 58 130 None 719 528 72 83 None 642 490 55 185 setting 616 485 55 164 None 500 454 49 150 None 337 451 74 142 None 533 407 37 145 None 543 371 43 133 None 210 422 60 150 None 234 392 63 97 None
55130.jpg l-spike 1091 438 61 117 None 982 509 77 127 None 876 367 82 121 None 673 402 61 117 None 604 368 47 225 blocking 485 407 70 131 None 480 354 58 119 None 347 432 51 133 None 216 450 50 133 None 374 387 58 119 None 371 377 75 197 spiking
140140.jpg l-pass 448 413 62 133 None 418 413 45 115 digging 597 451 62 140 None 643 467 40 140 None 715 479 40 150 None 707 410 41 134 None 813 412 55 133 None 882 442 57 150 None 774 357 37 120 None 1031 436 55 128 None 274 427 57 105 None 292 380 49 108 None
58475.jpg l-spike 1047 412 61 118 None 922 383 80 102 None 933 469 57 133 None 578 378 45 184 blocking 439 345 49 120 None 313 347 68 152 spiking 320 376 47 119 None 428 440 75 145 None 401 471 64 152 None 334 482 80 163 None
55155.jpg r-pass 990 417 49 137 None 921 476 82 133 None 783 371 86 139 None 670 492 49 66 None 567 450 37 166 None 599 466 35 141 None 267 388 64 129 None 223 439 70 143 None 386 436 50 147 None 458 466 52 123 None 441 410 80 131 None 497 366 45 123 None
140235.jpg r-pass 922 387 41 103 None 842 422 39 111 None 712 312 39 148 setting 666 418 56 101 None 576 388 66 127 None 530 332 43 131 None 219 455 78 133 None 373 377 60 125 None 410 335 70 111 None 224 371 37 98 None 7 424 60 121 None 44 373 33 111 None
54890.jpg l_set 611 393 37 142 setting 558 395 51 116 None 388 395 80 94 None 377 518 63 148 None 282 422 49 123 None 333 456 52 123 None 672 468 32 111 None 661 438 26 110 None 663 407 43 116 None 1010 459 58 103 None 925 503 63 117 None 850 407 40 113 None
24915.jpg l-spike 945 442 44 108 None 849 419 77 96 None 836 494 52 133 None 619 426 38 159 blocking 653 410 58 96 None 509 437 51 153 spiking 555 446 43 113 None 478 376 41 100 None 433 412 38 108 None 320 480 51 136 None 361 449 63 103 None
119620.jpg l-spike 1005 522 73 129 None 1057 455 62 124 None 880 421 88 92 None 727 405 56 107 None 585 399 58 141 blocking 595 421 37 182 blocking 379 422 60 169 spiking 472 422 56 133 None 479 368 41 107 None 347 473 41 129 None 348 419 39 109 None 217 489 69 124 None
70620.jpg r_set 882 534 146 178 None 1000 430 109 133 None 924 406 75 116 None 804 352 65 109 None 668 450 90 156 None 633 364 48 160 setting 550 399 32 118 None 556 414 35 169 blocking 522 469 62 150 None 206 481 54 161 None 244 410 56 94 None 103 448 52 129 None
61670.jpg l_set 1000 483 69 146 None 1144 427 52 137 None 883 401 67 101 None 659 450 50 148 None 657 422 43 114 None 668 376 39 111 None 555 409 45 126 None 435 397 50 190 setting 308 528 101 161 None 169 413 103 137 None 364 382 60 114 None 413 348 50 101 None
121030.jpg l-pass 1017 507 58 112 None 968 414 51 118 None 731 459 32 151 None 712 396 37 144 blocking 731 392 35 133 None 613 446 42 128 None 502 399 53 104 None 310 414 56 112 digging 366 448 56 154 None 188 441 65 126 None 244 414 49 121 None
116440.jpg l-pass 1001 458 58 124 None 894 399 71 120 None 967 422 52 143 None 687 394 35 118 None 686 423 35 131 None 683 454 33 137 None 589 440 47 126 None 469 428 80 96 digging 456 377 62 92 None 328 491 60 156 None 195 431 58 128 None 347 412 58 97 None
61460.jpg r_set 1024 429 71 129 None 888 532 94 169 None 644 464 80 129 digging 746 401 69 122 None 765 358 69 97 None 555 429 35 139 None 444 438 35 143 None 457 387 37 131 None 115 490 77 148 None 141 479 84 146 None 177 426 75 141 None 136 403 62 101 None
119820.jpg l-spike 1040 423 55 113 None 829 491 91 113 None 759 391 63 108 None 576 340 27 165 blocking 459 314 66 145 spiking 443 419 69 125 None 412 485 63 150 None 368 396 44 114 None 266 441 57 117 None 352 466 92 120 None
121090.jpg r-pass 887 335 61 153 setting 945 447 46 137 None 814 361 83 102 None 641 349 85 100 None 589 401 51 144 None 563 398 29 159 blocking 493 447 57 154 None 411 380 79 122 None 458 349 71 127 None 467 319 48 119 None 350 427 58 134 None 271 385 63 116 None
50640.jpg r_winpoint 192 438 51 155 None 251 379 49 134 None 345 411 89 49 None 486 429 58 135 None 556 396 43 133 None 604 373 60 127 None 970 393 45 140 None 832 425 42 134 None 782 414 43 131 None 809 385 54 119 None 850 401 49 133 None 936 376 50 130 None
34050.jpg l_winpoint 197 440 70 124 None 317 420 77 121 None 248 471 90 150 None 470 512 58 119 None 549 478 52 127 None 772 532 63 68 None 818 496 35 122 None 741 420 50 104 None 788 438 39 111 None 636 546 56 137 None 673 472 44 121 None 403 415 65 125 None
39870.jpg r_winpoint 877 459 63 130 None 859 468 39 123 None 810 466 64 123 None 856 446 78 129 None 802 435 71 125 None 754 442 68 123 None 439 453 68 129 None 446 427 57 120 None 408 472 51 143 None 284 430 52 115 None 205 476 56 130 None 175 461 50 130 None
30570.jpg r_winpoint 231 455 64 106 None 307 481 51 113 None 346 495 75 49 None 427 506 72 72 None 487 455 54 130 None 471 420 64 121 None 753 449 40 121 None 808 451 36 127 None 824 436 32 118 None 791 429 29 119 None 753 433 30 116 None 776 432 22 121 None
46875.jpg l_winpoint 350 489 41 114 None 321 481 29 113 None 346 475 30 103 None 374 474 34 108 None 631 496 33 108 None 689 469 26 108 None 845 526 66 122 None 955 468 37 104 None 1086 505 42 113 None 1029 514 53 115 None
31560.jpg l_winpoint 1092 429 52 131 None 996 413 33 122 None 910 482 43 156 None 844 399 40 121 None 700 429 64 130 None 575 415 71 125 None 315 404 82 124 None 287 412 40 132 None 245 428 66 129 None 149 423 68 136 None 158 401 55 123 None 107 414 57 128 None
49860.jpg r_winpoint 197 436 52 131 None 251 475 42 151 None 266 411 49 124 None 334 493 68 140 None 582 419 37 125 None 625 400 41 117 None 776 431 63 145 None 813 436 43 131 None 839 464 67 128 None 871 442 42 125 None 873 435 94 126 None 956 425 53 149 None
48150.jpg l_winpoint 167 485 57 154 None 271 493 68 148 None 273 426 70 119 None 580 494 73 154 None 573 486 98 132 None 561 437 63 115 None 734 453 52 133 None 753 411 39 115 None 878 512 58 155 None 896 475 43 136 None 958 408 53 123 None 1035 466 48 122 None
42870.jpg r_winpoint 887 416 63 116 None 879 432 70 116 None 771 442 53 120 None 744 428 92 106 None 786 364 38 138 None 763 371 38 119 None 578 389 38 112 None 492 401 59 112 None 483 435 38 135 None 326 496 39 67 None 319 395 39 112 None 174 459 72 135 None
43320.jpg l_winpoint 1178 448 58 116 None 915 487 46 128 None 887 430 45 109 None 648 480 56 124 None 663 442 38 121 None 651 430 38 114 None 511 474 77 115 None 466 439 58 120 None 361 438 43 121 None 350 484 77 130 None 286 482 67 121 None 312 443 63 127 None
36585.jpg r_winpoint 790 449 50 118 None 790 431 49 118 None 721 465 62 111 None 746 436 43 108 None 692 451 48 110 None 699 436 40 117 None 577 416 45 106 None 563 410 48 101 None 447 477 59 115 None 310 468 41 129 None 318 476 45 52 None 218 451 38 119 None
