35490.jpg r-pass 1048 405 47 117 None 906 336 81 99 digging 915 430 55 124 None 840 388 64 125 None 817 356 69 112 None 736 479 90 129 None 606 461 65 144 None 650 459 55 146 None 690 442 46 144 None 474 326 59 113 None 277 428 71 132 None 238 369 54 104 None
60765.jpg r_spike 1184 408 49 108 None 947 314 53 106 None 872 415 72 108 None 819 396 67 153 spiking 758 373 57 101 None 776 347 48 108 None 738 384 51 159 blocking 718 376 43 161 blocking 707 347 46 116 None 510 354 67 98 None 388 450 59 128 None 388 385 47 99 None
59520.jpg r_spike 971 457 61 143 None 927 406 89 112 None 794 364 79 186 spiking 760 458 53 90 None 731 391 53 121 None 693 362 60 184 blocking 686 353 44 179 blocking 654 335 47 120 None 433 361 59 100 None 342 459 57 151 None 255 383 69 114 None 926 288 60 117 None
35370.jpg r-pass 94 488 65 147 None 105 403 38 113 None 282 364 42 125 None 366 336 45 110 None 415 333 32 108 None 430 351 78 98 None 387 413 33 135 None 319 493 58 148 None 543 470 77 118 None 686 350 69 92 None 774 455 98 50 None 846 455 59 101 None
36770.jpg r-pass 899 352 49 106 None 850 408 62 96 None 759 368 50 104 None 709 451 59 133 None 675 347 44 132 setting 560 351 43 111 None 493 398 35 129 None 485 355 44 125 None 394 431 79 110 None 255 532 83 157 None 263 450 55 143 None 158 381 53 114 None
53995.jpg r-pass 962 457 60 117 digging 902 414 83 111 digging 964 342 48 95 None 751 450 70 139 None 591 407 57 108 None 459 425 47 131 None 484 394 42 131 None 485 378 38 106 None 289 389 39 129 None 248 421 49 112 None 62 461 63 106 None 883 374 53 95 digging
60705.jpg r-pass 1054 391 52 103 None 946 405 39 120 None 854 334 40 135 setting 760 366 47 95 None 658 366 53 106 None 675 324 46 109 None 560 413 52 122 None 572 353 48 110 None 558 319 42 96 None 376 333 44 102 None 310 369 50 113 None 251 434 46 134 None
36815.jpg r_spike 306 391 70 109 None 444 366 45 88 None 421 433 85 135 None 727 461 51 140 None 743 319 34 174 blocking 749 314 33 156 blocking 823 301 61 150 spiking 814 341 45 126 None 987 304 106 96 None 957 403 67 108 None 969 513 81 129 None 1089 439 71 127 None
60545.jpg r_spike 374 395 53 108 digging 477 438 87 122 None 469 326 50 89 None 737 432 56 125 None 817 258 44 177 blocking 892 365 49 112 None 864 442 61 147 None 961 404 63 102 None 1005 368 47 104 None 976 225 45 147 spiking 1135 385 60 98 None
35535.jpg r_set 963 497 82 143 None 929 392 47 149 setting 982 370 46 110 None 906 316 59 94 None 657 365 59 121 None 642 334 48 96 None 505 446 47 131 None 509 383 29 135 None 461 377 46 101 None 209 334 49 118 None 130 442 65 137 None 108 392 40 115 None
54130.jpg l-pass 1071 417 59 113 None 969 416 69 134 None 957 334 48 115 None 902 365 37 110 None 837 448 66 141 None 813 381 31 135 None 734 441 48 144 None 673 418 64 137 None 674 386 66 107 digging 509 345 67 96 None 470 426 84 118 None 380 404 79 76 None
48240.jpg l_set 1075 473 54 117 None 1022 374 51 121 None 948 349 44 111 None 695 442 44 121 None 671 401 42 128 None 667 367 53 114 None 532 425 59 136 digging 526 364 41 123 None 440 317 51 92 None 314 377 55 120 None 303 505 75 84 None 227 436 60 113 None
59630.jpg l-spike 1078 450 77 130 None 944 329 63 101 None 670 253 45 154 blocking 675 250 46 150 blocking 573 350 98 129 None 545 439 86 140 None 550 228 71 138 spiking 446 333 63 103 digging 280 432 87 158 None 70 359 75 111 None
36640.jpg r_spike 279 402 81 103 None 354 460 82 135 None 475 371 55 82 digging 697 400 53 110 None 766 366 49 176 blocking 774 407 48 176 blocking 838 419 57 123 None 901 425 100 155 spiking 970 335 53 89 None 1027 387 88 89 None 1010 465 49 115 None 1107 437 76 107 None
35325.jpg l_set 1083 462 66 109 None 1069 391 59 90 None 866 351 92 79 None 692 408 58 124 None 690 363 43 118 None 690 338 41 110 None 616 349 47 162 setting 573 291 44 146 setting 447 301 63 98 None 382 384 80 119 None 284 405 40 114 None 215 458 71 130 None
60655.jpg l-spike 1147 410 69 113 None 855 457 77 119 digging 763 368 61 103 digging 570 281 39 151 blocking 571 273 38 140 blocking 442 374 54 88 None 379 433 78 113 None 380 246 60 118 spiking 318 298 35 94 None 232 363 52 107 None 166 461 69 142 None
26235.jpg l_set 197 446 84 136 None 281 383 69 112 None 313 347 49 92 None 477 313 66 81 None 573 361 47 161 setting 524 443 65 123 None 656 396 42 158 blocking 656 390 42 144 blocking 660 356 65 102 None 834 369 49 108 None 1041 414 61 95 digging 1063 445 69 116 None
26060.jpg l-spike 966 439 52 111 None 921 368 57 89 None 751 352 63 94 None 468 388 78 154 blocking 488 360 54 164 blocking 336 412 67 131 None 352 338 51 114 None 250 396 58 164 spiking 238 432 46 133 None 99 387 64 90 None 55 488 61 110 None
26170.jpg r_spike 200 367 69 96 None 304 434 79 129 None 456 350 63 90 digging 670 393 53 167 blocking 686 400 42 185 blocking 647 442 59 118 None 739 466 83 108 None 819 456 98 142 spiking 859 456 55 114 None 784 392 80 73 None 977 412 61 109 None 1104 442 71 114 None
60740.jpg r_set 346 427 79 132 None 367 390 43 113 None 504 337 54 109 None 643 455 50 135 None 645 378 42 117 None 653 298 44 157 blocking 726 345 48 144 None 696 290 39 147 setting 898 460 80 124 None 969 407 73 93 None 929 331 77 89 None 1126 381 54 114 None
59530.jpg l-pass 966 485 53 139 None 903 432 73 110 None 925 302 55 122 None 797 491 51 142 None 762 447 77 100 None 751 394 53 127 None 697 397 43 199 blocking 693 406 39 179 blocking 629 351 60 119 digging 426 370 75 96 None 341 471 64 149 None 256 392 76 111 None
26190.jpg l-pass 336 346 57 84 None 482 406 67 108 None 579 371 63 67 None 730 407 54 138 None 750 455 69 139 None 787 441 32 160 None 882 519 53 141 None 850 447 65 122 None 879 355 82 108 None 1000 393 51 128 None 964 452 60 111 None 1105 463 57 112 None
26260.jpg l-spike 242 466 63 147 None 225 368 52 100 None 378 377 46 113 None 391 443 80 116 None 463 436 49 137 None 427 267 76 112 spiking 522 271 41 144 blocking 519 339 39 143 blocking 536 440 74 127 None 679 337 63 94 None 862 441 64 108 None 909 401 59 98 None
28225.jpg r_set 978 373 85 101 None 905 309 85 81 None 914 415 46 120 None 938 516 101 137 None 771 406 39 122 None 766 279 36 139 setting 655 440 44 144 None 653 365 41 124 None 668 315 37 122 blocking 373 432 56 143 None 387 322 62 103 None 280 391 44 112 None
28155.jpg l-pass 149 441 59 113 None 313 379 102 102 None 417 343 72 104 None 463 388 29 136 None 354 445 58 116 None 411 477 76 122 None 502 461 86 131 None 497 445 49 135 None 592 361 50 111 None 752 342 73 97 None 862 373 62 102 None 890 469 61 131 None
54225.jpg l-spike 1077 388 48 110 None 901 433 75 115 None 784 337 55 94 None 693 429 49 114 None 522 280 35 134 blocking 504 259 45 127 blocking 466 373 44 129 None 338 278 67 123 spiking 290 336 45 118 None 226 390 68 98 None 182 438 76 143 None 81 382 52 116 None
35455.jpg r_spike 1180 375 72 85 None 1112 415 60 119 None 964 327 68 112 None 959 446 74 110 None 910 400 113 151 spiking 845 387 43 131 None 797 377 46 180 blocking 791 356 49 175 blocking 802 331 34 171 blocking 563 323 80 93 None 350 423 96 124 None 334 356 49 91 None
48195.jpg l-pass 1022 369 49 114 None 951 436 54 111 None 960 336 52 107 None 912 377 47 116 None 828 338 53 101 None 827 332 50 98 None 597 468 64 95 digging 541 429 47 131 None 513 354 72 85 None 418 445 44 110 None
35590.jpg r-pass 284 373 57 97 None 426 433 48 147 None 502 329 70 97 None 729 406 66 91 None 716 411 89 139 blocking 753 439 48 132 None 816 435 49 124 None 806 395 65 127 None 960 351 89 139 None 984 414 67 120 None 1038 450 55 125 None 1073 351 69 101 None
59455.jpg r-pass 870 406 71 96 None 759 368 47 188 setting 622 338 84 102 None 417 395 82 125 None 416 371 66 118 None 439 329 70 89 None 338 311 48 110 None 360 364 49 127 None 286 412 59 139 None 164 374 71 109 None 88 490 64 158 None 98 420 55 126 None
60555.jpg l-pass 442 391 55 107 digging 530 334 47 83 None 553 447 85 98 digging 754 428 83 97 None 862 251 77 133 blocking 876 289 48 127 None 935 427 66 129 None 932 367 67 103 None 995 300 76 111 None 1015 405 88 100 None 1125 370 45 95 None 1236 381 42 104 None
48175.jpg r_spike 929 265 53 130 spiking 991 402 77 109 None 848 404 68 116 None 935 483 63 130 None 1131 453 90 109 digging 1162 429 71 81 None 770 284 34 166 blocking 773 286 24 130 blocking 583 459 108 121 None 431 465 95 118 None 320 473 59 98 None 417 356 48 98 None
28140.jpg l-spike 213 428 66 110 None 360 390 53 164 spiking 396 357 51 124 None 458 305 67 119 None 420 447 61 106 None 522 402 41 132 None 561 358 39 148 blocking 554 385 55 167 blocking 605 348 72 94 None 817 345 64 98 None 933 381 61 92 None 962 481 56 122 None
28115.jpg l_set 229 478 82 122 None 343 413 43 116 None 370 372 98 119 None 462 298 79 96 None 547 336 77 151 spiking 626 362 46 175 setting 711 344 48 112 None 702 394 46 130 None 706 395 51 157 None 885 367 51 102 None 1055 466 61 112 None 1108 420 74 96 None
48280.jpg l-spike 118 426 57 91 None 246 482 81 139 None 295 367 48 119 None 359 391 56 124 None 391 486 93 122 None 375 297 83 86 spiking 523 287 47 153 blocking 524 293 39 163 blocking 856 362 53 96 None 803 473 74 119 None 1094 422 79 110 None
26020.jpg l_set 141 475 79 134 None 138 578 42 140 None 317 392 38 122 None 434 366 39 141 setting 500 359 35 123 None 406 312 58 92 None 693 416 51 130 None 683 386 54 120 None 685 367 64 116 None 1073 470 57 112 None 1105 385 70 112 None 1028 389 45 120 None
59580.jpg l-pass 451 477 85 158 None 399 360 64 125 digging 743 327 49 115 None 912 289 46 107 None 970 399 49 151 None 992 452 43 159 None 1127 334 30 130 None 1129 380 37 144 None 1146 423 50 150 None
36695.jpg l_set 124 482 84 122 None 303 464 66 125 None 395 366 54 99 None 469 558 101 150 digging 546 338 47 115 None 657 450 68 144 None 765 449 53 143 None 769 397 36 116 None 791 375 60 103 None 862 329 47 119 None 1071 458 59 119 None 1127 404 75 114 None
59435.jpg l-spike 144 476 76 147 None 213 405 82 132 None 276 346 56 109 None 440 310 47 107 None 483 302 82 135 spiking 472 406 66 134 None 600 336 61 195 blocking 600 305 53 184 blocking 810 346 75 97 None 909 456 93 118 None 1063 399 63 101 None
59425.jpg l_set 149 461 92 147 None 251 399 65 122 None 315 339 67 106 None 417 318 83 96 None 543 330 53 159 setting 573 332 48 170 setting 696 344 41 120 None 691 382 48 124 None 696 414 61 140 None 891 356 85 87 None 1004 464 100 116 None 1151 408 77 99 None
54175.jpg l-pass 206 441 66 132 None 398 383 51 139 digging 367 387 41 119 None 356 324 43 113 None 452 315 47 86 None 610 372 37 133 None 731 416 48 121 None 732 370 34 127 None 716 357 32 112 None 961 318 50 118 None 1010 440 49 147 None 1189 380 46 112 None
59390.jpg l-pass 99 441 45 156 None 326 425 43 137 None 378 378 45 118 None 491 322 55 132 setting 484 423 58 153 None 669 424 92 130 None 773 360 54 121 None 792 382 46 139 None 800 404 47 158 None 1021 362 66 132 None 1211 470 67 146 None
60615.jpg l_set 288 383 46 120 None 551 425 53 132 None 934 352 65 117 None 561 289 39 91 None 469 277 32 141 setting 139 483 80 136 None 1119 445 52 124 None 1238 402 41 123 None 582 353 48 115 None 735 397 36 131 None 729 376 44 114 None 746 343 27 86 None
36750.jpg l-spike 956 431 55 118 None 944 351 47 96 None 748 348 69 106 None 582 432 45 131 None 582 397 56 102 None 546 372 49 108 None 473 427 41 144 None 418 348 67 118 None 307 368 54 162 setting 222 456 46 140 None 139 396 53 114 None
36610.jpg r_set 951 513 101 140 None 979 448 51 116 None 972 396 50 109 None 938 310 68 95 None 836 316 39 134 setting 735 398 65 128 None 556 468 54 140 None 558 391 48 120 None 568 369 43 100 None 193 463 59 141 None 239 362 34 109 None 114 405 53 116 None
48105.jpg r-pass 109 443 54 132 None 217 478 57 107 None 318 462 65 139 None 467 431 55 134 None 507 408 38 127 None 507 391 40 123 None 653 386 41 113 None 774 362 55 103 None 801 321 64 100 None 912 386 56 97 digging 961 425 42 112 None 979 468 56 120 None
36655.jpg l-pass 367 406 73 85 None 535 370 80 87 None 438 496 83 101 digging 713 418 79 102 None 841 421 48 172 blocking 843 452 41 166 blocking 894 430 59 130 None 954 503 90 124 None 975 355 75 91 None 1095 374 91 106 None 1061 470 58 121 None 1176 463 64 114 None
35415.jpg r_set 726 356 60 127 None 893 312 41 131 setting 920 423 79 127 None 997 486 78 153 None 990 412 53 114 None 1001 300 67 94 None 594 440 49 137 None 605 368 37 139 None 597 352 37 113 None 357 322 67 118 None 270 431 50 138 None 218 377 48 110 None
60515.jpg r_set 163 420 51 112 None 270 351 70 97 None 216 481 97 116 None 542 456 58 138 None 551 368 41 110 blocking 548 363 35 75 None 693 319 43 138 setting 737 395 43 106 None 843 461 87 128 None 904 425 65 95 None 866 373 47 96 None 899 312 73 92 None
35575.jpg r_spike 996 443 54 109 None 993 352 65 100 None 953 421 53 111 None 917 388 59 103 None 813 402 82 141 spiking 750 400 59 130 None 696 365 39 176 blocking 676 361 61 173 blocking 694 352 43 173 blocking 430 344 66 89 digging 265 452 89 131 None 236 382 58 95 None
54045.jpg r_set 336 333 36 116 None 245 396 39 117 None 275 437 44 141 None 611 430 53 129 None 617 375 30 87 None 619 351 38 62 None 814 384 64 121 None 1079 498 70 137 None 1103 385 51 111 None 1021 388 65 119 None 1040 302 60 96 None 945 333 43 122 setting
60485.jpg r-pass 863 324 39 99 None 820 424 59 105 None 724 409 61 137 setting 659 437 70 137 None 656 347 55 96 None 494 363 37 114 None 399 434 29 137 None 390 396 39 126 None 376 375 27 126 None 66 437 52 131 None 57 348 55 103 None 5 429 31 123 None
35350.jpg l-spike 863 443 56 112 None 855 395 54 94 None 716 339 53 97 None 517 446 74 117 None 467 288 44 162 blocking 455 274 31 118 None 365 257 81 110 spiking 306 383 41 135 None 134 402 56 95 digging 150 479 64 152 None 385 484 55 138 None 430 399 39 114 None
48145.jpg r_set 869 323 59 93 None 825 338 51 135 setting 934 450 48 120 None 977 404 68 117 None 976 520 80 123 None 786 417 55 119 None 522 463 54 138 None 550 412 42 125 None 557 376 29 113 None 230 470 83 127 None 253 370 42 114 None 165 449 48 114 None
28070.jpg l-pass 186 409 59 140 None 325 367 48 122 None 425 404 37 143 digging 531 316 38 112 None 565 348 56 126 None 748 424 69 131 None 863 385 40 134 None 846 372 32 127 None 859 343 37 63 None 1150 419 56 117 None 1219 411 38 131 None
28185.jpg r-pass 945 427 57 127 None 982 360 44 94 None 846 318 46 115 None 744 310 33 135 digging 665 479 91 139 None 674 457 92 136 None 510 480 78 150 None 520 414 45 115 None 572 377 38 133 None 576 324 50 125 None 506 354 52 100 None 317 397 55 115 None
60800.jpg l-pass 426 432 80 127 None 443 343 77 116 digging 524 334 56 104 None 809 312 54 105 None 851 469 76 152 None 932 478 53 127 None 1006 468 43 151 None 1005 374 54 150 None 1048 319 38 103 None 1240 458 38 132 None
59495.jpg r_set 932 295 79 93 None 970 390 80 112 None 958 419 82 139 None 800 459 92 122 None 652 354 52 170 None 630 308 38 151 setting 561 444 48 147 None 578 353 32 159 blocking 567 327 37 127 None 341 375 46 113 None 263 447 75 152 None 181 390 67 126 None
60675.jpg l-pass 993 390 63 111 None 761 430 75 112 None 694 354 51 115 None 498 340 58 101 None 479 309 63 129 blocking 375 354 63 106 None 323 329 67 99 None 297 437 81 116 None 135 459 72 130 None 175 367 44 116 None 215 320 46 101 None
26130.jpg r_set 101 376 70 106 None 79 477 64 145 None 46 414 58 131 None 868 520 99 133 None 846 361 54 156 setting 781 438 74 127 None 1025 383 54 116 None 541 439 32 140 None 542 380 46 121 None 375 441 58 138 None 450 421 39 144 None 462 397 44 140 None
25980.jpg l-pass 161 422 53 134 None 271 385 47 129 None 476 337 44 117 None 514 360 52 120 None 343 454 42 123 digging 688 445 60 132 None 783 388 27 129 None 801 392 40 127 None 818 370 56 116 None 1117 434 54 117 None 1162 401 42 129 None 1178 453 65 128 None
54090.jpg r_spike 1124 442 60 101 digging 1130 375 91 96 None 953 402 78 137 spiking 929 450 69 102 digging 936 358 65 102 None 834 406 67 113 None 800 382 46 154 blocking 788 357 53 168 blocking 785 336 59 159 blocking 518 330 41 83 None 376 438 80 125 None 312 375 54 80 None
28255.jpg r_spike 295 398 49 103 digging 348 331 66 99 None 441 422 79 129 None 657 422 65 126 None 736 251 64 148 blocking 758 241 44 133 blocking 791 376 46 109 None 812 348 31 107 None 839 434 52 141 None 920 345 49 108 None 882 224 37 134 spiking 1066 397 57 114 None
36805.jpg r_set 1065 439 77 117 None 1011 404 62 97 None 989 510 99 138 None 988 324 71 84 None 796 351 51 144 None 757 303 37 153 setting 653 466 52 137 None 671 376 39 131 None 676 335 40 139 blocking 393 432 51 136 None 383 372 46 87 None 317 391 40 115 None
36555.jpg r-pass 949 460 40 117 None 935 439 46 86 None 901 385 65 90 None 941 332 48 105 None 703 351 59 95 None 613 392 48 101 None 486 375 33 126 None 460 454 49 132 None 461 425 33 139 None 173 463 53 144 None 181 395 52 88 None 82 406 100 112 None
26075.jpg r-pass 114 466 51 125 None 4 387 37 80 None 195 500 73 116 None 234 415 72 127 None 281 352 40 126 None 617 347 66 97 None 844 419 44 113 None 814 351 51 92 digging 400 468 56 125 blocking 397 380 33 84 blocking
54105.jpg r-pass 518 438 59 126 None 902 410 60 109 None 968 373 73 86 None 1073 383 84 102 None 1196 448 65 98 None 979 461 47 119 None 1023 430 42 123 None 373 370 62 85 None 614 325 51 94 None 867 441 27 131 blocking 811 416 78 132 blocking
35280.jpg l-pass 1181 486 69 123 None 1170 394 66 121 None 974 363 56 103 None 786 393 48 134 None 786 349 36 124 None 774 342 35 114 None 702 378 44 127 None 494 323 89 99 None 364 341 60 77 None 327 385 83 107 digging 294 432 54 114 None 132 435 52 148 None
41115.jpg r_winpoint 998 396 61 116 None 975 344 49 110 None 932 436 60 127 None 855 437 83 137 None 856 424 69 136 None 850 368 49 115 None 573 435 74 131 None 571 414 60 122 None 607 356 45 119 None 566 344 34 126 None 534 379 57 120 None 391 455 51 115 None
40440.jpg r_winpoint 968 341 54 104 None 949 425 47 139 None 943 391 54 109 None 901 375 57 109 None 865 408 63 131 None 801 375 66 111 None 592 438 32 136 None 583 390 58 132 None 537 362 46 121 None 242 434 35 134 None 247 402 51 123 None 213 355 46 109 None
47505.jpg l_winpoint 431 486 100 137 None 350 462 39 141 None 321 443 51 103 None 397 421 48 127 None 510 370 57 122 None 471 435 54 120 None 634 512 43 120 None 726 492 57 141 None 769 424 48 120 None 837 357 54 106 None 998 450 46 119 None 1017 385 44 123 None
34125.jpg l_winpoint 350 481 60 130 None 478 382 52 122 None 412 408 75 121 None 334 410 45 115 None 381 392 37 121 None 657 367 53 111 None 622 421 34 119 None 612 377 53 134 None 846 349 48 109 None 898 448 42 131 None 989 411 58 126 None 467 350 52 117 None
36855.jpg r_winpoint 392 372 45 125 None 452 360 82 97 None 447 427 48 135 None 743 467 65 142 None 733 380 52 122 None 868 443 50 139 None 912 403 80 132 None 947 394 41 98 None 1003 334 47 112 None 1002 435 50 126 None 992 430 39 127 None 729 371 62 115 None
52035.jpg l_winpoint 819 468 41 134 None 852 420 42 117 None 856 329 44 118 None 830 348 28 114 None 777 309 53 114 None 735 295 47 114 None 453 322 45 119 None 436 324 46 113 None 415 332 41 120 None 371 376 59 130 None 339 325 59 111 None 175 328 38 89 None
43485.jpg l_winpoint 991 415 60 76 None 937 378 47 63 None 945 487 59 151 None 869 439 70 126 None 820 391 59 131 None 667 362 40 116 None 469 424 68 137 None 411 399 72 135 None 447 368 52 121 None 326 413 66 115 None 301 421 72 127 None 285 413 64 116 None
32340.jpg l_winpoint 181 530 63 168 None 411 409 43 129 None 366 422 42 130 None 372 352 52 129 None 728 416 48 135 None 793 432 56 126 None 754 337 50 122 None 891 359 44 117 None 1022 445 45 140 None 1015 380 55 155 None
34635.jpg r_winpoint 106 428 64 135 None 247 446 85 134 None 308 371 56 111 None 538 449 54 143 None 448 298 54 109 None 563 298 46 117 None 662 300 51 108 None 711 362 59 124 None 765 402 52 129 None 792 365 50 129 None 787 320 50 132 None 866 377 63 120 None
32895.jpg l_winpoint 472 423 64 139 None 344 415 70 130 None 319 363 37 155 None 394 359 59 123 None 497 359 68 147 None 690 391 62 126 None 712 430 53 127 None 756 386 50 124 None 754 373 55 89 None 739 334 61 111 None 887 370 40 121 None
41880.jpg l_winpoint 1020 473 101 77 None 865 453 44 122 None 815 366 82 103 None 559 358 45 115 None 557 373 57 85 None 573 332 34 117 None 377 361 45 125 None 363 359 36 119 None 330 424 58 127 None 316 375 59 117 None 241 403 59 123 None 211 433 60 124 None
31650.jpg r_winpoint 327 427 49 119 None 392 452 57 143 None 393 293 43 110 None 600 459 47 148 None 629 322 39 119 None 665 321 59 111 None 727 395 68 127 None 812 335 49 110 None 828 428 46 127 None 819 410 79 127 None 874 388 57 92 None 947 405 55 117 None
35655.jpg l_winpoint 320 385 67 131 None 338 427 65 143 None 375 352 103 142 None 503 428 56 128 None 491 361 54 167 None 525 374 64 111 None 727 360 72 101 None 743 359 51 127 None 767 339 64 62 None 857 352 48 62 None 954 380 41 119 None 847 436 52 148 None
33510.jpg r_winpoint 48 575 62 144 None 101 471 56 146 None 176 401 56 138 None 264 378 66 115 None 267 475 74 137 None 442 367 29 118 None 433 346 41 111 None 865 397 40 131 None 898 406 30 123 None 914 394 31 126 None 926 387 34 129 None
30195.jpg r_winpoint 286 349 48 125 None 355 442 67 144 None 434 340 48 109 None 572 483 63 150 None 664 451 47 144 None 651 352 64 128 None 893 329 58 114 None 893 371 75 130 None 945 386 57 140 None 953 427 60 140 None 999 452 73 139 None 1158 375 41 116 None
48345.jpg l_winpoint 1229 418 50 148 None 989 361 35 118 None 850 406 45 122 None 740 330 58 118 None 713 365 37 113 None 697 320 48 113 None 464 343 59 121 None 446 330 70 115 None 416 326 57 111 None 402 368 48 85 None 427 412 61 133 None 431 416 80 128 None
