50520.jpg l-pass 994 422 44 123 None 933 403 55 103 None 870 414 43 123 None 800 448 65 156 None 796 429 65 142 None 764 415 52 105 None 691 391 46 127 None 691 383 40 108 None 476 479 92 134 None 385 409 65 83 None 262 475 63 148 None 177 424 51 127 None
29575.jpg r_spike 1166 420 58 148 None 838 448 47 139 None 830 358 56 139 None 833 449 54 137 None 740 383 56 201 spiking 690 446 50 126 digging 749 417 69 126 None 561 388 50 205 blocking 575 368 39 192 blocking 311 375 69 109 None 79 397 77 124 None 106 438 88 141 None
49600.jpg r_set 679 543 122 83 None 944 438 80 157 None 822 308 102 140 None 741 373 53 153 None 581 447 83 182 setting 584 413 62 173 None 473 391 50 194 None 441 372 55 148 None 459 339 46 135 None 255 409 67 162 None 236 368 73 138 None 2 411 65 160 None
50385.jpg l-pass 856 442 43 116 None 715 426 58 124 None 775 412 58 109 None 789 468 45 154 None 582 465 69 120 None 663 400 30 109 None 627 389 62 101 None 435 412 62 79 None 344 466 52 129 None 260 447 45 118 None 1050 474 73 139 None 794 367 41 113 None
49255.jpg l-spike 969 481 107 124 None 984 408 80 107 None 790 384 92 101 None 633 358 52 131 None 583 389 41 212 blocking 584 405 41 158 None 518 438 47 135 None 422 349 48 126 None 386 414 79 182 spiking 338 454 75 107 None 269 455 60 137 None 200 411 54 120 digging
34600.jpg l-spike 438 362 61 215 spiking 423 318 86 145 None 900 368 91 113 None 737 329 112 138 None 594 340 91 231 blocking 535 390 49 142 None 412 415 70 121 None 308 422 58 156 None 2 432 63 141 None 1194 394 82 134 None 1161 487 71 154 None
50655.jpg r_spike 869 450 69 120 None 807 488 52 125 None 748 391 50 119 None 733 379 45 107 None 666 402 39 134 None 677 416 79 180 spiking 576 413 54 200 blocking 587 407 45 174 blocking 493 407 72 107 None 349 411 67 107 None 231 482 89 137 None 153 444 65 120 None
29465.jpg l-spike 1144 428 69 122 digging 970 475 69 135 None 917 339 50 129 None 807 449 84 133 None 638 304 41 152 blocking 638 291 33 148 blocking 586 374 37 135 None 520 279 50 143 spiking 389 359 39 122 None 376 410 54 120 None 252 447 64 175 None 304 428 60 124 None
50325.jpg r-pass 163 443 54 111 None 293 417 35 101 None 421 458 41 111 None 429 404 33 97 None 459 439 37 120 None 574 401 41 103 None 766 483 52 156 None 705 436 56 122 None 710 382 39 116 None 888 525 80 65 None 891 444 50 88 None
34430.jpg l-spike 557 317 85 162 spiking 967 367 71 131 None 686 312 64 212 None 669 323 89 241 blocking 1145 387 76 144 None 1092 469 92 168 None 550 442 92 162 None 399 302 74 137 None 360 454 71 194 None 314 456 79 139 None 290 373 51 153 None
29480.jpg r-pass 1048 403 60 135 None 840 472 73 106 digging 807 325 71 131 None 734 440 77 140 None 524 344 38 130 None 532 341 30 118 None 478 373 29 137 None 440 333 41 119 None 325 356 44 119 None 274 412 51 117 None 226 443 72 162 None 134 401 47 133 None
71270.jpg r_set 987 399 65 127 None 635 367 69 110 digging 706 383 66 66 None 721 437 68 123 None 555 380 61 135 None 550 432 92 147 None 461 405 43 154 None 423 344 52 130 None 390 395 51 136 None 281 385 60 127 None 145 394 65 134 None 216 432 77 170 None
34520.jpg l-pass 998 437 61 137 None 930 401 69 125 None 843 457 66 176 None 746 378 48 165 None 775 300 63 153 None 728 366 69 141 None 663 380 46 148 None 573 456 131 161 None 406 474 111 120 None 423 375 86 117 None 197 431 57 144 digging 650 350 48 127 None
43070.jpg l-pass 952 478 90 135 None 727 436 82 120 None 660 362 65 124 digging 524 325 71 161 blocking 523 303 39 148 blocking 360 463 69 137 None 277 414 73 129 None 207 405 45 137 None 288 384 58 92 None 435 403 82 129 None 423 363 50 107 digging 1062 406 56 116 digging
50355.jpg r_set 845 425 48 117 None 741 375 52 95 None 614 439 62 118 None 583 381 69 140 setting 441 492 58 121 None 454 437 47 92 None 460 393 38 105 None 213 423 55 85 None 67 479 65 154 None 71 460 52 129 None 1053 564 106 92 None 818 514 98 158 None
50420.jpg r-pass 744 382 40 148 setting 872 472 71 90 None 855 467 57 112 None 687 392 53 115 None 637 451 78 117 None 665 476 65 140 None 539 392 49 120 None 528 478 51 118 None 344 444 92 36 None 223 442 45 111 None 201 475 57 155 None 550 413 35 91 None
49410.jpg r_set 749 522 116 167 None 803 445 49 149 None 789 410 53 123 None 763 347 88 123 None 634 433 79 147 None 662 349 39 160 setting 483 459 42 156 None 492 430 51 140 None 503 390 41 142 None 250 390 56 105 None 106 489 65 142 None 55 425 51 144 None
49435.jpg r_spike 810 458 74 133 None 850 419 58 119 None 670 430 107 159 spiking 733 383 56 126 None 654 409 59 158 None 694 322 54 135 setting 541 385 50 231 blocking 556 385 36 206 blocking 462 370 89 110 None 298 376 53 104 None 70 493 129 135 digging 51 423 71 132 None
50465.jpg r_set 830 423 46 125 None 778 504 66 178 None 742 444 58 71 None 770 362 40 103 None 625 395 55 159 setting 626 396 46 119 None 462 484 61 123 None 491 421 40 127 None 490 388 34 113 None 234 393 46 99 None 169 464 66 154 None 111 443 49 123 None
28115.jpg l-spike 1037 432 86 106 None 960 484 86 145 None 870 402 74 96 None 672 350 43 128 None 605 397 44 181 blocking 554 425 46 144 None 485 414 49 113 None 510 382 48 82 None 371 409 61 111 None 299 399 65 178 spiking 303 425 46 119 None
42980.jpg l-spike 1030 392 57 108 digging 893 437 77 117 None 806 323 46 122 None 678 420 48 131 None 581 320 23 161 blocking 586 280 31 133 blocking 498 354 41 122 None 475 270 63 136 spiking 374 447 68 155 None 352 343 38 116 None 334 396 74 117 None 251 398 63 122 None
49555.jpg l-spike 364 372 76 213 spiking 387 337 55 113 None 445 398 42 130 None 320 419 62 134 None 67 454 83 140 None 553 352 82 222 blocking 678 352 115 125 None 826 380 93 107 None 1145 422 60 123 None 1068 497 76 140 None 315 441 62 134 None
50665.jpg l-pass 938 499 56 115 None 829 421 76 122 None 839 522 50 129 None 749 403 52 121 None 702 427 42 133 None 681 521 55 138 None 589 486 56 169 blocking 634 479 32 177 blocking 499 436 84 105 None 377 468 84 84 digging 301 515 62 129 digging 205 475 67 115 digging
43095.jpg r-pass 1034 360 51 147 None 887 424 97 135 None 749 438 58 147 None 694 346 74 140 None 554 340 49 177 setting 574 347 56 137 None 302 445 84 177 None 442 319 41 212 blocking 388 377 63 119 None 184 415 58 158 None 202 399 67 142 None 219 357 62 151 None
28045.jpg l-pass 80 467 55 151 None 478 459 47 134 None 331 464 37 127 digging 407 389 38 100 None 307 446 42 105 None 668 454 52 122 None 935 416 38 126 None 1040 439 54 109 None 786 445 43 122 None 767 385 45 108 None 767 431 42 124 None
28195.jpg l-pass 329 385 56 127 setting 463 363 65 116 None 566 399 65 133 None 484 454 66 137 None 184 418 76 127 None 188 448 69 155 None 641 382 49 143 None 722 450 45 158 None 734 335 51 135 None 761 382 52 131 None 809 427 50 151 None 1038 395 72 147 None
34605.jpg l-spike 295 431 52 155 None 381 409 49 130 None 498 401 75 137 digging 435 335 51 120 None 447 401 55 184 None 745 333 91 131 None 564 351 72 210 blocking 872 374 95 106 digging 1123 487 61 137 digging 1139 398 66 131 digging
49695.jpg l_set 1138 450 62 128 None 988 498 94 153 None 869 389 53 138 None 661 347 47 155 None 638 387 58 176 blocking 641 407 58 221 blocking 516 373 73 179 setting 389 381 60 128 None 440 438 90 162 None 146 482 145 183 None 312 339 71 119 None 128 424 75 142 None
54095.jpg l-pass 1025 457 58 110 None 1051 389 86 120 None 884 480 51 120 None 766 481 69 128 None 749 470 75 99 digging 775 371 53 138 None 667 441 46 167 blocking 645 405 61 177 blocking 431 418 69 170 setting 392 392 64 106 None 184 455 53 103 digging
54250.jpg r_set 913 420 73 61 None 892 516 61 147 None 661 393 57 140 None 819 398 61 125 digging 806 366 45 113 None 799 331 35 98 None 416 460 40 129 None 450 407 45 128 None 457 362 36 123 None 114 454 45 155 None 108 383 41 103 None
50505.jpg r_spike 720 441 47 150 None 757 409 48 118 None 824 429 41 67 None 886 410 41 114 None 709 329 41 122 spiking 586 319 47 161 blocking 590 319 43 139 blocking 355 495 94 116 None 166 482 77 137 None 56 436 69 122 digging 213 382 58 103 None 720 413 35 139 None
71235.jpg l-spike 34 458 133 175 None 377 345 88 111 None 622 346 48 160 spiking 533 387 54 176 None 280 428 80 135 None 263 375 58 129 None 700 372 48 107 None 700 414 48 129 None 690 438 48 152 None 990 361 80 139 None 909 467 69 141 None 1117 434 75 129 None
54130.jpg l-pass 169 407 45 150 setting 361 464 82 166 None 401 398 57 103 None 667 392 44 125 None 714 472 44 150 None 707 441 42 146 None 844 465 42 147 None 845 414 33 148 None 870 367 29 142 None 1090 395 46 130 None 1077 474 73 138 None 1225 428 53 147 None
42985.jpg l-spike 999 400 54 113 None 894 435 74 108 None 783 316 41 123 None 664 427 89 118 None 540 295 33 153 blocking 536 270 41 145 blocking 456 353 42 132 None 457 293 55 130 spiking 372 440 77 149 None 338 350 57 110 None 279 397 80 130 None 227 388 62 119 None
29395.jpg l-pass 433 366 51 120 None 497 459 58 133 None 210 393 51 127 None 129 463 61 136 None 165 410 60 133 digging 1112 360 60 141 None 1061 425 49 144 None 949 454 44 128 None 642 415 61 141 blocking 686 399 35 130 None 698 424 43 131 None
49345.jpg r_spike 670 458 141 185 spiking 705 450 72 145 None 701 376 58 137 None 639 423 68 125 None 829 494 74 136 None 925 454 58 117 None 543 410 68 226 blocking 311 399 55 105 None 38 429 68 136 None 106 510 110 142 None
28130.jpg r-pass 794 401 89 86 digging 980 401 65 127 None 885 457 60 156 None 643 329 46 142 None 512 430 40 156 None 416 375 37 91 None 412 408 58 139 None 328 409 63 117 None 321 468 86 145 None 221 411 40 114 None 191 430 49 145 None
34420.jpg l_set 1229 392 52 147 None 1167 466 72 158 None 1094 347 55 145 None 745 410 65 189 blocking 742 358 51 189 blocking 749 317 58 144 None 644 343 48 213 setting 607 384 55 142 None 363 306 83 117 None 290 464 85 195 None 314 477 106 117 None 220 378 63 150 None
49465.jpg l-pass 1030 425 72 145 None 863 446 66 154 None 871 372 60 148 None 707 448 66 171 None 726 389 46 149 None 761 328 53 155 None 314 486 139 125 digging 378 386 98 113 None 466 341 67 130 None 98 405 73 134 None 579 456 63 170 None
49365.jpg r-pass 247 480 56 149 None 362 387 84 119 None 572 471 47 168 None 599 463 36 172 None 654 485 49 154 None 840 488 56 147 None 945 485 105 93 None 750 440 79 134 None 715 391 75 128 None 786 408 61 119 None 126 404 56 118 None
50625.jpg r_set 616 342 37 147 setting 663 412 68 116 None 783 370 74 97 None 853 391 43 103 None 886 456 58 111 None 867 496 92 162 None 525 416 60 123 None 544 384 38 136 blocking 477 465 52 128 None 296 397 49 97 None 233 472 74 130 None 138 455 58 114 None
43135.jpg r_spike 1131 388 74 162 None 1017 334 94 139 None 962 432 58 156 None 840 383 100 145 None 649 318 72 158 spiking 527 469 69 154 None 552 329 52 198 blocking 538 332 65 156 None 270 379 65 130 None 110 464 125 153 None 121 399 86 151 None 988 522 130 168 None
54085.jpg r_spike 771 385 60 179 spiking 723 459 80 99 None 763 356 54 130 None 1089 378 55 125 None 998 439 58 119 None 888 454 51 125 None 626 361 65 218 blocking 382 435 60 145 None 356 371 60 105 None 151 425 60 127 None
49315.jpg r_set 636 378 69 163 setting 656 353 45 139 None 690 441 50 171 None 975 410 69 109 None 920 436 43 150 None 885 527 69 156 None 511 459 43 163 None 531 403 50 148 None 294 385 54 109 None 182 475 56 154 None 71 431 62 135 None
34560.jpg l_set 1100 457 88 165 None 1130 379 46 153 None 938 351 70 140 None 734 442 49 181 None 727 394 58 158 None 742 314 42 149 None 597 367 58 151 None 530 400 39 142 digging 363 439 70 151 None 211 481 112 188 None 135 418 72 154 None 412 330 70 104 None
43145.jpg l-pass 336 396 69 117 digging 1127 406 79 150 None 1042 331 65 147 None 847 373 88 128 None 985 502 57 164 None 976 442 79 154 None 708 384 66 144 None 587 371 72 123 None 631 348 46 168 blocking 562 474 105 156 None 156 439 69 123 digging 217 469 97 139 digging
34455.jpg r-pass 878 397 81 136 None 741 411 47 174 digging 613 365 96 136 None 523 330 121 147 None 471 413 64 143 None 441 384 53 159 None 111 385 60 151 None 183 405 54 145 None 303 330 54 142 None 368 386 51 170 None 273 454 100 200 None 220 434 77 168 None
50595.jpg r-pass 729 419 54 139 None 930 446 50 129 None 800 400 37 97 None 729 331 39 152 setting 584 402 45 116 None 425 464 94 101 None 471 382 43 107 None 425 431 62 118 None 246 380 60 84 None 138 431 39 122 None 96 459 45 161 None 829 485 58 163 None
28225.jpg l_set 550 388 52 124 None 571 385 52 153 setting 618 371 60 186 blocking 642 393 62 141 None 653 339 37 118 None 792 412 71 129 None 859 476 68 155 digging 1057 409 65 144 None 389 348 76 104 None 268 385 52 133 None 111 410 102 147 None 16 472 96 166 None
71245.jpg r-pass 1071 424 60 116 None 883 382 106 105 digging 833 459 63 125 None 632 381 46 173 blocking 636 350 43 144 blocking 659 367 46 113 None 559 404 51 130 None 503 354 82 164 None 411 332 55 116 None 307 408 69 130 None 241 365 55 128 None 85 443 130 182 None
50790.jpg r-pass 827 413 67 110 None 705 476 77 165 None 495 399 75 112 None 638 417 79 123 None 685 372 45 115 None 765 489 99 95 None 373 470 59 131 None 384 422 32 125 None 274 374 51 97 None 213 399 37 113 None 15 450 59 125 None
49230.jpg l_set 498 396 57 170 setting 567 359 52 178 setting 307 357 74 103 None 231 408 57 123 None 250 439 55 133 None 255 478 85 168 None 672 446 57 142 None 678 406 55 119 None 690 343 41 136 None 922 392 68 105 None 1039 489 72 134 None 1057 412 72 114 None
54000.jpg r-pass 933 433 51 116 None 763 487 77 93 digging 684 370 60 105 None 460 369 30 122 None 461 352 38 119 None 345 398 63 122 None 362 374 33 116 None 249 397 41 107 None 64 406 42 148 None 86 377 40 105 None
49665.jpg l-pass 366 425 88 91 digging 483 442 67 145 None 176 474 106 183 None 344 342 60 128 None 268 414 86 153 None 629 457 60 165 None 640 355 60 121 None 633 412 58 144 None 867 385 52 149 None 895 518 76 177 None 1032 459 60 158 None
29525.jpg r_set 1014 353 49 203 setting 863 314 65 123 None 790 428 53 151 None 686 485 76 165 None 591 348 51 125 None 442 369 65 147 None 347 414 37 158 None 327 360 48 133 None 261 438 51 144 None 14 381 62 147 None
34495.jpg r_set 998 392 108 135 None 913 434 54 161 None 782 477 105 172 None 776 314 106 133 None 564 298 40 186 setting 609 362 84 177 setting 470 433 34 172 None 499 387 47 149 None 494 349 45 140 None 251 373 47 111 None 167 439 79 160 None 75 415 71 144 None
54365.jpg l_set 422 392 58 163 setting 512 385 84 135 None 11 489 114 152 None 178 419 64 129 None 302 393 58 113 None 386 354 48 92 None 1026 485 71 133 None 1093 404 77 131 None 907 385 54 128 None 691 460 44 127 None 671 421 39 137 None 687 365 41 124 None
49630.jpg r-pass 742 468 60 184 digging 812 489 112 147 None 808 359 47 152 None 757 295 62 160 None 593 397 77 170 None 558 471 65 194 None 432 397 86 181 None 400 368 65 156 None 373 323 72 154 None 246 412 60 162 None 180 370 67 133 None 3 382 83 162 None
54200.jpg r-pass 204 444 58 145 None 252 385 38 111 None 324 431 35 123 None 354 352 46 111 None 437 391 43 123 None 596 406 66 133 None 647 333 54 114 None 730 454 60 111 None 772 360 34 114 digging 894 429 55 108 None 847 424 46 91 None
49440.jpg r_spike 871 416 71 120 None 803 454 67 135 None 760 367 50 139 None 552 363 71 218 blocking 443 366 80 111 None 696 312 54 152 None 658 401 54 143 None 679 424 52 158 spiking 308 369 65 109 None 46 406 75 133 digging 147 469 90 141 None
50825.jpg r_set 552 334 52 147 setting 602 400 57 128 None 753 344 70 104 None 899 409 81 113 None 809 487 93 165 None 752 471 90 105 None 30 444 60 137 None 216 382 55 102 None 141 460 65 158 None 434 468 64 130 None 455 399 44 135 None 476 375 29 124 None
50855.jpg r_spike 860 438 62 104 None 816 461 47 117 None 814 382 40 105 None 770 354 52 107 None 715 397 77 180 spiking 686 403 45 127 None 629 398 27 190 blocking 611 400 33 147 blocking 578 391 53 112 None 396 389 45 107 None 273 471 80 137 None 151 447 65 121 None
42920.jpg l-pass 283 422 71 85 digging 283 495 82 161 None 580 427 39 127 None 541 370 45 113 None 234 420 51 113 None 211 477 73 119 None 675 399 68 160 blocking 721 410 35 132 None 747 441 55 136 None 1088 436 58 138 None 1098 375 65 129 None 1001 464 41 130 None
50765.jpg l-spike 353 336 37 123 spiking 463 473 46 125 None 419 431 43 130 None 305 410 55 110 None 157 431 51 120 None 646 402 37 106 None 933 457 52 116 None 927 433 30 99 None 715 452 54 139 None 708 391 48 94 None 690 427 44 105 None
49725.jpg l-spike 1049 498 68 147 None 1057 412 76 111 None 835 387 94 119 None 683 351 96 133 None 570 394 45 199 blocking 570 360 68 201 blocking 494 419 58 172 None 408 381 94 207 spiking 440 321 64 137 None 249 416 72 145 None 312 395 70 141 None 338 370 74 127 None
54185.jpg l-spike 490 305 35 146 spiking 575 397 46 131 None 1036 440 47 138 None 1020 419 55 108 None 920 377 48 110 None 868 451 57 122 None 716 394 52 136 None 713 343 42 120 None 470 423 53 129 None 350 383 60 118 None 281 446 73 154 None
54045.jpg r_set 904 320 40 166 setting 990 395 54 134 None 738 328 60 102 None 878 441 50 137 None 671 452 54 141 None 596 373 52 142 None 386 410 51 117 None 501 381 34 133 None 478 401 45 133 None 86 440 70 157 None 61 399 47 137 None 143 367 48 105 None
43060.jpg l-spike 1108 390 60 130 None 965 456 83 137 None 772 424 69 142 None 759 336 58 137 None 580 297 44 164 blocking 587 280 26 176 blocking 485 366 68 148 None 450 283 49 151 spiking 380 457 106 141 None 380 402 65 117 None 341 360 43 134 None 275 401 51 130 None
29595.jpg l-pass 383 447 56 94 digging 234 444 80 150 None 194 409 56 127 None 623 469 58 166 None 617 441 49 143 None 727 441 62 160 None 729 419 70 147 None 801 412 72 131 None 902 467 80 148 None 910 367 60 152 None 1156 416 78 151 None
28175.jpg r_spike 1032 398 63 135 None 795 339 92 118 None 763 383 47 125 None 774 443 61 135 None 717 475 55 157 None 584 331 67 173 spiking 518 343 58 170 blocking 418 440 59 144 None 451 377 90 106 None 287 397 67 110 None 248 452 56 162 None 145 423 64 135 digging
28085.jpg l_set 1001 495 60 145 None 995 451 71 117 None 862 436 46 114 None 664 466 52 141 None 674 447 44 128 None 676 376 48 122 None 597 399 54 149 setting 517 464 69 139 None 388 382 74 91 None 341 420 64 108 None 223 441 77 136 None 28 498 115 161 None
54310.jpg l-pass 1054 427 50 92 None 887 438 61 122 None 774 458 39 138 None 787 417 55 107 None 818 398 42 114 None 776 360 38 138 None 667 385 37 121 None 680 351 30 134 None 455 474 65 131 None 278 407 51 111 None 142 456 57 134 digging 255 465 80 142 None
50555.jpg l-pass 219 495 51 144 digging 613 526 94 60 None 542 498 141 75 None 387 434 83 35 None 596 384 43 119 None 867 429 54 127 None 747 486 72 154 None 784 441 55 137 None 754 412 65 120 None 1055 438 54 125 None 992 440 54 131 None 258 448 52 125 None
34385.jpg l-pass 1236 381 42 133 None 1174 422 62 144 None 1045 458 51 123 None 725 443 51 140 None 706 423 48 132 None 731 370 37 139 None 604 423 46 135 None 449 381 70 128 None 284 368 51 119 None 248 482 84 175 None 183 512 123 81 None 186 424 67 126 None
43065.jpg l-spike 1099 399 57 122 None 972 471 79 142 None 763 433 75 130 None 713 350 61 137 None 556 301 52 168 blocking 557 281 46 162 blocking 480 383 71 141 None 456 297 54 165 spiking 392 464 79 141 None 355 403 46 134 None 328 369 44 134 None 259 414 52 123 None
29635.jpg l_set 563 376 49 192 setting 364 394 38 131 None 485 423 80 134 None 522 385 44 111 None 875 360 52 127 None 685 380 43 108 None 666 405 52 133 None 658 432 65 142 None 1129 408 60 137 None 959 462 58 142 None 123 416 114 145 None 1 470 106 164 None
49280.jpg r-pass 881 392 83 105 None 830 436 50 127 None 682 375 68 100 None 575 374 61 125 setting 516 483 83 161 None 531 463 71 166 None 411 490 73 170 None 418 429 52 137 None 417 366 42 118 None 276 420 56 120 None 114 459 62 146 None 77 415 55 130 digging
49580.jpg r-pass 753 545 190 75 None 1028 430 103 135 None 744 388 67 112 None 683 332 73 142 None 519 458 70 139 None 523 401 40 175 None 276 432 65 147 None 258 398 53 145 None 403 424 65 166 None 388 381 56 141 None 409 351 47 112 None
42995.jpg l-pass 956 397 49 117 None 851 426 68 111 None 651 417 97 133 None 736 314 76 122 None 492 317 39 142 blocking 370 446 72 123 None 215 422 67 85 None 142 422 95 121 None 304 365 52 98 digging 403 370 53 125 None 417 345 54 100 None
50710.jpg l_set 1114 443 60 126 None 1071 483 70 130 None 985 400 65 123 None 834 451 48 156 None 782 424 37 133 None 809 392 35 125 None 594 508 63 151 None 505 504 70 154 None 462 430 77 114 None 518 360 39 93 None 241 520 58 160 digging 231 427 44 121 None
54395.jpg l-spike 1031 486 60 120 None 974 409 58 90 None 802 388 90 88 None 596 368 58 120 None 537 372 50 182 blocking 460 397 54 122 None 400 342 48 109 None 302 403 56 103 None 240 405 60 156 spiking
49515.jpg l_set 1154 407 75 140 None 1039 469 50 156 None 941 364 60 125 None 681 452 40 157 None 671 397 57 152 None 686 339 40 135 None 562 413 52 157 None 438 427 50 132 digging 378 456 50 148 None 194 498 98 176 None 71 426 87 137 None 319 326 49 108 None
28255.jpg l-spike 1045 418 76 115 None 904 466 76 131 None 849 379 69 120 None 643 333 48 143 None 561 395 59 186 blocking 584 375 45 172 blocking 216 398 96 184 spiking 313 392 52 127 None 459 375 44 94 None 446 471 59 137 None 493 390 43 130 None
28265.jpg r-pass 998 421 99 107 digging 924 452 50 161 digging 830 383 81 109 None 647 343 82 138 None 541 367 50 140 blocking 542 417 33 158 blocking 429 368 49 99 None 450 401 68 114 None 405 482 60 130 None 266 473 100 141 None 305 410 42 117 None 232 430 51 138 None
34505.jpg r_spike 764 303 90 140 None 814 483 101 184 None 950 432 63 157 None 927 388 111 134 None 639 322 84 180 spiking 606 373 56 142 None 555 305 42 220 blocking 523 430 52 167 None 103 430 74 140 None 216 448 109 145 None 312 367 62 122 None
53985.jpg l-spike 1077 450 68 117 None 926 504 66 140 None 862 389 49 113 None 582 316 59 197 blocking 584 318 52 186 blocking 582 316 53 176 blocking 481 414 71 124 None 383 324 76 113 spiking 328 423 67 115 None 165 419 48 139 None 177 384 52 117 None 476 327 39 97 None
43025.jpg l_set 412 470 97 52 None 329 449 101 152 None 287 423 90 124 None 331 351 52 131 None 444 326 54 105 None 535 339 47 160 setting 615 356 37 137 None 714 425 84 141 None 685 341 48 124 None 886 330 52 137 None 892 414 43 137 None 1077 383 50 141 None
42955.jpg l_set 1104 415 54 117 None 1014 473 58 137 None 908 359 58 128 None 678 430 58 136 None 697 395 43 133 None 697 364 43 116 None 559 361 35 148 setting 532 379 34 111 None 402 351 32 92 None 218 501 119 158 None 280 446 46 117 None 254 378 63 128 None
50365.jpg r_spike 1052 526 124 116 None 767 495 97 166 None 803 435 74 111 None 727 365 40 102 None 591 385 104 135 None 487 388 51 166 blocking 455 488 51 133 None 485 391 36 107 None 628 415 57 126 None 233 406 67 100 None 149 488 57 138 None 81 469 57 121 None
49770.jpg l_winpoint 827 452 39 157 None 617 349 69 136 None 521 331 62 146 None 361 452 53 174 None 411 469 65 161 None 33 421 52 149 None 100 399 71 144 None 61 423 37 134 None 187 423 74 175 None 174 378 74 140 None 783 381 89 110 None
30210.jpg l_winpoint 870 477 59 155 None 984 453 96 140 None 1066 435 69 139 None 1013 404 76 148 None 767 452 60 147 None 807 412 48 132 None 208 440 85 160 None 428 442 39 136 None 430 432 47 134 None 334 452 99 134 None 360 429 38 141 None 383 426 54 134 None
42450.jpg r_winpoint 901 403 58 143 None 837 411 57 132 None 869 382 49 135 None 733 399 53 135 None 781 417 72 136 None 810 360 33 144 None 607 408 44 153 None 465 598 83 80 None 423 356 42 122 None 374 363 41 127 None 212 408 49 143 None 103 580 98 73 None
39450.jpg r_winpoint 1098 428 66 146 None 984 481 81 160 None 1026 445 48 183 None 995 404 58 146 None 857 423 74 144 None 871 374 77 152 None 667 477 56 176 None 699 451 46 155 None 582 379 79 118 None 520 382 55 125 None 410 443 71 159 None 320 413 60 139 None
50910.jpg r_winpoint 985 456 53 140 None 1008 408 48 156 None 961 425 68 125 None 850 426 73 154 None 856 402 120 143 None 863 417 40 143 None 705 468 59 145 None 549 510 59 151 None 620 371 38 120 None 393 435 58 152 None 312 405 40 131 None 306 402 53 119 None
47250.jpg l_winpoint 1039 507 121 77 None 960 461 61 157 None 791 375 63 130 None 598 401 53 127 None 520 483 81 162 None 505 472 43 159 None 320 440 91 149 None 345 424 56 143 None 293 395 50 137 None 256 452 57 131 None 208 446 60 125 None 194 467 59 146 None
43230.jpg r_winpoint 858 379 53 163 None 885 378 40 148 None 834 330 35 164 None 777 405 66 150 None 729 384 65 155 None 690 372 53 135 None 490 380 48 151 None 421 456 95 126 None 289 423 49 156 None 241 308 58 116 None 150 394 37 143 None 69 367 51 147 None
33270.jpg l_winpoint 1082 437 62 193 None 935 407 57 150 None 862 353 60 152 None 692 430 56 157 None 611 451 59 170 None 590 451 69 197 None 412 425 73 167 None 455 407 59 151 None 391 386 64 148 None 347 441 71 142 None 311 409 72 136 None 269 411 63 153 None
34635.jpg r_winpoint 1013 430 79 162 None 1028 378 73 148 None 877 359 46 141 None 782 322 43 156 None 694 435 75 163 None 639 426 62 179 None 476 463 77 193 None 465 392 56 163 None 406 347 48 147 None 352 395 58 145 None 300 434 53 162 None
31440.jpg r_winpoint 972 395 50 161 None 902 427 76 156 None 797 446 70 162 None 852 397 45 143 None 905 347 57 152 None 796 381 63 158 None 528 462 79 191 None 691 378 43 147 None 668 377 53 135 None 360 447 58 168 None 360 463 73 83 None 253 436 84 117 None
48180.jpg l_winpoint 822 414 34 140 None 831 349 40 135 None 739 462 52 148 None 679 404 59 144 None 646 409 62 173 None 629 509 92 127 None 444 407 74 148 None 442 392 54 137 None 401 433 62 159 None 337 395 78 145 None 290 445 70 156 None 204 418 63 147 None
43860.jpg l_winpoint 1047 483 113 105 None 835 418 57 131 None 717 326 50 151 None 645 437 84 154 None 447 358 76 137 None 389 380 68 144 None 169 388 63 165 None 121 422 72 168 None 149 368 46 142 None 37 418 69 154 None 47 381 81 148 None 1 416 53 130 None
32655.jpg r_winpoint 191 455 48 140 None 317 388 53 129 None 368 457 46 167 None 365 435 43 145 None 537 405 62 129 None 629 356 74 125 None 810 373 68 108 None 434 463 36 156 None 431 448 92 142 None 795 466 77 143 None
