17060.jpg r-pass 268 476 37 81 None 293 416 39 85 None 408 477 31 87 None 525 501 29 86 None 563 462 42 93 None 556 438 26 88 None 610 434 31 80 None 729 442 55 93 None 851 405 47 78 None 863 465 53 72 digging 920 477 38 79 digging 842 571 54 118 None
15115.jpg r_set 212 435 42 87 None 258 467 42 92 None 344 406 36 63 None 448 448 31 87 None 484 431 37 94 None 495 393 30 87 None 549 401 42 92 setting 651 396 49 85 None 722 353 38 62 None 814 392 44 81 None 790 448 27 91 None 745 487 57 106 None
12520.jpg r-pass 273 483 32 84 None 329 439 32 77 None 393 416 36 72 None 332 495 41 100 None 480 402 25 83 None 465 458 37 92 None 517 388 53 84 None 513 399 40 79 None 612 389 61 68 None 677 491 49 98 None 790 472 30 91 digging 804 403 41 79 None
12705.jpg r-pass 420 450 28 91 None 440 420 33 90 None 498 402 32 76 None 518 442 37 85 None 561 381 33 85 None 564 459 35 100 None 602 365 33 88 None 609 388 34 91 None 725 456 56 92 None 795 382 59 75 None 898 405 39 82 digging 912 447 36 81 None
14985.jpg l-pass 347 445 34 91 None 410 465 34 94 None 412 439 65 31 None 598 375 30 77 None 691 417 50 86 None 598 470 44 84 None 750 370 40 79 None 739 459 52 94 None 803 444 41 62 None 838 383 44 79 None 888 363 39 81 None 906 481 35 78 None
13485.jpg l-pass 449 508 49 80 None 450 437 63 61 digging 547 432 50 52 digging 639 405 62 65 None 729 419 49 82 None 770 448 31 106 None 826 388 32 86 None 875 406 38 83 None 938 366 34 80 None 836 491 41 104 None 962 436 38 84 None 969 508 47 91 None
12440.jpg l-pass 399 415 38 74 None 456 430 32 68 digging 523 364 30 72 None 544 430 44 89 None 425 471 44 94 None 695 445 25 83 None 759 409 41 84 None 735 430 31 94 None 747 438 30 105 None 925 418 32 87 None 1026 487 40 91 None
13630.jpg r_set 363 479 45 87 None 366 422 33 85 None 426 389 40 59 None 586 481 30 89 None 636 439 36 96 None 644 392 36 80 None 742 422 37 97 None 838 385 43 103 setting 930 360 55 61 None 957 419 67 77 None 1027 472 45 66 None 926 551 71 117 None
13450.jpg r_set 295 425 36 81 None 417 395 34 69 None 409 466 37 88 None 608 412 35 82 None 605 443 37 95 None 579 489 34 91 None 666 419 44 104 setting 764 413 52 82 None 877 375 56 63 None 952 423 53 85 None 978 484 36 87 None 848 487 75 102 None
12500.jpg l-spike 336 508 57 61 None 419 496 33 94 None 410 451 38 72 None 479 420 31 72 None 510 494 50 107 None 499 344 39 102 spiking 580 352 32 105 blocking 579 354 34 117 blocking 694 391 38 73 None 702 479 39 99 None 835 485 40 84 digging 883 421 35 76 None
9910.jpg r_spike 297 486 40 73 None 425 434 43 73 None 416 520 50 87 None 605 433 28 84 None 598 462 33 98 None 598 498 38 87 None 674 411 51 99 spiking 735 414 49 84 None 757 401 47 77 None 844 444 70 84 None 836 494 36 87 None 814 568 49 111 None
17225.jpg l-pass 377 456 36 95 None 535 476 45 99 None 553 399 49 77 digging 649 394 48 88 None 759 468 29 94 None 751 496 36 93 None 800 463 38 110 None 841 443 38 92 None 867 413 44 84 None 891 502 37 83 None 962 451 32 105 None 1101 463 36 98 None
17145.jpg r-pass 254 462 44 92 None 381 412 51 78 None 300 509 58 99 None 472 414 58 69 None 582 499 48 102 None 602 534 52 91 None 676 423 57 76 None 702 466 40 92 None 673 516 34 91 None 778 509 41 91 None 842 427 55 82 None 869 451 64 105 digging
12560.jpg r_set 334 497 45 88 None 333 436 43 86 None 398 405 44 61 None 598 436 27 95 None 595 474 35 104 None 554 503 36 93 None 642 432 39 95 None 712 435 31 108 setting 885 383 52 72 None 922 420 61 75 None 895 481 42 87 None 866 545 51 115 None
13915.jpg l-pass 308 471 50 98 None 416 415 34 82 None 465 383 48 80 None 495 415 42 92 None 557 501 36 95 None 484 552 33 116 digging 686 372 32 87 None 678 445 30 95 None 691 465 35 107 None 838 371 44 76 None 859 403 31 94 None 946 476 36 93 None
12595.jpg r_spike 361 482 53 88 digging 422 406 43 68 None 547 394 33 61 None 588 470 40 81 None 711 419 30 129 blocking 702 431 44 131 blocking 745 541 43 118 None 798 461 71 113 spiking 835 376 59 87 None 809 443 40 70 None 858 471 52 89 None 967 447 43 76 None
13875.jpg l-pass 419 442 30 81 None 470 402 40 65 None 504 472 48 86 None 601 455 68 96 setting 690 410 60 84 None 709 389 32 89 None 745 376 22 91 None 762 420 38 93 None 813 503 50 113 None 868 361 34 81 None 872 424 45 90 None 894 469 33 73 None
13670.jpg r_spike 402 451 38 83 None 414 497 46 88 digging 501 401 30 63 digging 618 403 55 60 None 765 429 36 136 blocking 756 453 28 111 blocking 836 438 61 135 spiking 854 446 44 88 None 923 483 38 90 None 925 445 50 83 None 938 372 37 81 None 1013 408 38 84 None
13960.jpg l-spike 393 400 35 109 setting 496 390 37 85 None 510 444 34 74 None 587 408 29 88 None 580 469 30 80 None 656 406 41 85 None 756 410 39 91 None 735 482 65 101 None 840 382 46 76 None 917 405 51 67 None 950 455 43 87 None
13475.jpg r_spike 431 433 48 74 digging 532 400 24 72 None 453 492 46 83 digging 673 401 30 64 None 735 424 35 73 None 735 449 26 112 blocking 799 381 38 87 None 841 411 29 86 None 844 452 51 110 spiking 928 362 33 80 None 944 433 41 87 None 998 499 57 91 None
10025.jpg r-pass 926 419 25 90 None 828 478 33 89 None 784 505 38 112 None 690 418 29 111 setting 635 405 42 77 None 596 413 28 88 None 550 494 35 96 None 551 445 28 95 None 528 409 33 79 None 464 459 34 87 None 342 462 64 90 None 424 405 57 86 None
13860.jpg r_spike 376 442 38 78 None 425 409 35 59 None 474 478 41 84 digging 594 478 48 80 None 668 424 29 92 None 676 367 22 106 blocking 707 411 31 87 None 735 349 29 98 spiking 825 530 76 119 None 856 450 30 88 None 913 420 60 92 None 869 358 61 65 None
14030.jpg r_set 889 412 71 87 None 865 446 29 83 None 862 360 37 65 None 713 371 33 72 None 682 361 27 102 setting 621 416 25 91 None 560 470 45 84 None 415 461 35 89 digging 418 391 35 63 digging 354 419 34 83 None 815 532 63 122 None 623 376 30 75 None
12770.jpg r_spike 832 451 32 92 None 840 418 40 68 None 779 410 37 100 None 770 494 48 111 None 692 411 27 93 None 633 414 27 91 None 637 356 24 106 blocking 538 471 41 83 None 370 471 36 91 digging 322 434 37 73 None 366 403 40 59 None 775 344 53 105 spiking
13760.jpg l-pass 930 459 30 89 None 928 404 38 90 None 850 383 30 81 None 780 479 37 104 None 754 420 48 95 None 651 385 35 84 None 576 476 26 88 None 586 436 46 90 None 600 395 28 83 None 447 383 27 81 digging 413 454 31 91 None 388 433 30 90 None
13825.jpg r-pass 943 417 45 81 None 865 344 25 77 None 775 394 38 88 None 739 438 44 69 digging 616 392 31 87 None 574 422 30 91 None 579 396 30 91 None 515 474 30 85 None 397 478 38 90 None 365 407 40 61 None 286 440 39 80 None 849 543 47 120 None
13705.jpg l-pass 978 433 28 94 None 909 379 40 90 None 872 480 37 94 None 877 406 41 91 None 787 425 29 98 None 756 451 45 100 None 703 501 37 85 None 599 524 95 43 None 601 452 40 50 None 498 487 47 85 None 517 414 35 64 None 423 455 58 71 digging
13990.jpg r-pass 801 507 40 114 None 886 396 41 90 None 853 429 33 82 None 773 393 44 76 None 729 421 53 81 digging 633 381 31 88 None 579 418 31 92 None 553 458 27 86 None 567 387 24 87 None 479 410 33 69 None 403 474 33 100 None 353 411 26 87 None
13530.jpg l_set 944 505 46 97 None 933 425 53 94 None 873 381 41 81 None 685 469 48 98 None 686 413 29 97 None 703 400 26 85 None 583 424 43 96 None 530 486 35 115 digging 324 503 61 95 None 333 446 63 89 None 458 420 42 76 None 440 370 43 72 None
12690.jpg l-spike 426 462 35 90 None 467 428 36 84 None 508 400 30 80 None 575 463 40 98 None 569 450 27 76 None 689 450 41 99 None 629 357 26 120 blocking 624 343 26 106 blocking 566 356 40 87 spiking 815 379 51 78 None 901 405 40 73 None 877 457 41 80 digging
9895.jpg r_set 921 447 62 76 None 861 474 40 68 None 820 419 49 68 None 672 462 72 87 None 695 405 35 81 setting 580 484 34 91 None 574 460 33 93 None 581 438 29 85 None 395 521 52 84 None 297 478 39 78 None 396 429 41 73 None 834 575 58 118 None
9990.jpg l-spike 901 503 39 86 None 907 426 47 86 None 746 423 36 79 None 698 501 43 100 None 617 387 29 114 blocking 606 361 37 107 blocking 535 369 51 84 spiking 536 513 33 100 None 544 459 32 91 None 495 456 40 68 None 466 422 47 73 digging 424 474 38 83 None
12740.jpg r_set 387 466 37 92 None 362 428 38 76 None 430 399 37 55 None 565 470 25 88 None 595 438 34 99 None 605 400 26 81 None 687 415 43 80 None 694 370 35 77 setting 881 369 51 71 None 933 414 59 78 None 897 448 30 80 None 851 519 50 117 None
14855.jpg l_set 976 424 34 92 None 835 378 61 72 None 876 485 35 91 None 672 447 36 90 None 676 394 27 79 None 668 369 20 81 None 568 412 34 63 setting 493 449 50 85 None 384 462 43 92 None 339 416 65 82 None 438 356 56 75 None 373 395 37 67 None
14945.jpg r_set 277 432 33 87 None 327 407 44 58 None 358 469 35 92 None 500 456 32 88 None 552 418 24 96 None 554 396 29 86 None 627 373 36 108 setting 657 391 52 74 None 704 450 60 84 None 766 364 47 62 None 817 407 63 88 None 809 470 35 95 None
13850.jpg r_set 851 546 55 123 None 937 422 70 83 None 897 354 45 61 None 727 390 56 78 None 829 438 28 89 None 682 383 36 98 setting 578 471 32 88 None 637 415 32 98 None 640 397 37 74 None 454 475 43 90 None 395 409 41 58 None 349 435 38 81 None
14080.jpg l-pass 545 451 40 71 None 445 461 79 45 None 442 448 83 54 None 477 387 35 65 None 561 357 37 70 None 601 401 51 64 None 709 401 28 80 None 711 358 26 82 None 767 451 39 99 None 860 453 32 91 None 833 364 35 84 None 875 405 44 94 None
13565.jpg l-spike 385 561 48 96 None 397 466 33 90 None 425 425 33 85 None 521 438 38 92 None 491 409 28 75 None 489 338 42 90 spiking 582 345 37 116 blocking 587 330 20 109 blocking 727 399 42 66 None 742 453 40 102 None 878 470 43 84 digging 897 404 46 86 None
17170.jpg r_set 686 426 38 109 setting 651 420 47 83 None 790 492 36 91 None 708 527 70 109 None 903 443 43 95 None 853 422 51 78 None 542 520 29 87 None 570 477 37 94 None 561 414 43 86 None 342 495 34 89 None 349 422 49 70 None 275 461 34 86 None
17120.jpg r_spike 939 467 31 85 None 876 489 33 88 None 872 397 40 85 None 784 481 57 122 spiking 745 463 48 98 None 744 420 37 75 None 695 474 24 113 blocking 705 443 29 122 blocking 550 423 55 57 None 471 423 49 58 None 378 520 42 87 digging 352 455 35 70 digging
14885.jpg l-spike 339 455 37 87 None 440 485 46 104 None 413 413 49 59 None 434 334 34 68 spiking 370 393 30 62 None 354 418 33 86 None 567 467 49 106 None 518 345 38 112 blocking 668 393 43 68 None 725 469 44 91 digging 837 389 31 88 None
9965.jpg l_set 465 553 54 99 None 362 469 51 93 None 576 464 46 100 None 541 429 28 92 setting 519 409 43 72 None 427 426 40 82 None 881 526 44 94 None 670 500 39 107 None 655 410 30 83 None 672 460 32 90 None 853 446 38 91 None 814 425 44 79 None
17205.jpg r_spike 1059 456 39 85 None 901 440 37 94 None 875 491 52 86 None 782 479 72 119 spiking 833 418 31 92 None 771 457 66 75 None 718 444 31 140 blocking 600 418 51 62 None 490 420 61 55 None 416 508 78 83 None 346 470 35 80 None
14970.jpg r_spike 873 467 53 92 None 788 371 49 105 spiking 825 351 29 78 None 767 391 29 89 None 720 454 46 100 None 682 379 32 81 digging 642 379 30 123 blocking 597 386 33 71 None 547 462 40 87 None 379 476 40 90 None 321 443 33 88 None 387 403 39 60 None
12660.jpg l_set 908 425 33 80 None 789 463 40 81 None 769 388 46 76 None 692 422 37 93 None 649 451 37 113 blocking 644 429 32 81 blocking 607 427 31 99 setting 548 481 30 95 None 575 395 29 83 None 472 399 29 72 None 344 434 46 89 None 307 488 49 96 None
15070.jpg l-spike 822 447 49 82 None 847 388 31 93 None 720 381 49 71 None 684 461 57 100 None 614 403 54 83 None 577 363 24 86 blocking 501 340 47 87 setting 499 423 49 93 None 485 416 42 59 None 426 384 34 70 None 398 445 30 88 None 308 419 27 88 None
9870.jpg r-pass 943 412 33 85 None 865 455 43 70 None 828 448 42 60 digging 837 526 48 110 None 674 458 36 91 None 674 405 38 65 None 543 480 36 93 None 538 455 21 96 None 523 439 50 86 blocking 390 497 33 83 None 303 464 40 94 None 272 423 33 78 None
12510.jpg r-pass 837 414 26 76 None 789 479 43 87 digging 686 484 63 94 None 622 398 46 63 None 536 383 50 89 blocking 534 363 25 109 blocking 487 410 41 76 None 494 474 34 96 None 440 427 30 73 None 363 453 34 77 None 387 504 50 84 None 293 504 43 64 None
14060.jpg l-pass 407 450 87 44 None 460 461 64 69 None 452 396 58 51 None 565 446 39 79 None 607 353 38 77 None 627 432 70 41 None 723 390 33 87 None 714 344 42 82 None 796 473 35 116 None 842 353 36 79 None 849 410 39 97 None 859 453 32 89 None
15090.jpg r-pass 827 381 38 82 None 774 431 33 97 setting 668 455 60 79 None 643 406 52 74 None 675 360 37 77 None 542 376 37 76 None 487 420 24 97 None 490 372 42 79 None 441 413 28 76 None 415 383 25 76 None 325 445 37 87 None 259 426 32 85 None
13690.jpg l-pass 617 451 64 44 None 489 498 53 78 None 416 446 55 72 None 503 408 48 67 None 761 497 33 95 None 703 486 91 82 None 898 489 30 100 None 980 436 52 98 None 972 406 38 87 None 952 375 44 86 None 831 431 52 98 None 807 461 37 108 None
15035.jpg l-pass 845 452 28 91 None 825 415 37 94 None 764 376 38 86 None 722 468 43 110 None 651 366 30 87 None 638 365 26 104 blocking 583 427 43 45 None 534 425 43 77 None 496 382 40 69 None 435 411 33 64 None 463 459 49 78 None 360 426 34 79 None
14905.jpg r-pass 255 458 34 87 None 397 454 33 104 None 372 415 27 78 None 395 391 24 73 None 283 397 30 72 None 253 419 29 93 None 442 382 42 84 None 437 366 28 87 None 501 473 70 77 digging 571 418 43 62 None 623 467 41 82 None 738 389 27 81 None
13580.jpg r-pass 423 527 36 93 None 381 451 33 84 None 407 412 34 83 None 468 400 27 75 None 495 424 44 91 None 508 384 45 73 None 560 382 33 82 None 559 359 34 75 None 690 387 37 81 None 725 470 57 86 None 859 473 47 69 None 882 415 53 65 None
9925.jpg l-pass 351 502 54 47 None 487 441 53 69 None 494 516 42 83 None 647 504 47 85 None 655 463 40 96 None 652 434 28 88 None 718 446 33 85 None 746 393 36 73 None 787 529 52 116 None 847 513 36 88 None 834 450 32 89 None 831 420 38 85 None
17085.jpg r_set 284 474 43 80 None 375 427 36 69 None 398 502 38 92 None 541 509 29 89 None 585 476 37 91 None 588 432 33 89 None 641 443 39 104 setting 716 440 53 74 None 849 400 54 72 None 943 478 41 83 None 922 461 38 77 None 853 597 70 119 None
12470.jpg l_set 1054 441 37 91 None 921 500 34 92 None 856 408 54 70 None 684 473 38 107 None 682 433 32 94 None 677 394 23 69 None 544 457 49 83 setting 481 480 47 92 None 404 485 41 98 None 383 438 41 87 None 424 424 54 72 None 479 370 45 60 None
14825.jpg l-pass 1111 458 54 108 None 936 495 40 86 None 891 371 28 88 None 742 383 28 87 None 730 411 27 93 None 731 441 38 100 None 675 443 29 78 None 518 428 50 85 None 456 409 36 58 digging 389 411 43 64 None 389 446 40 96 None 267 446 45 90 None
12610.jpg l-pass 987 451 43 74 None 847 482 35 87 None 826 442 39 77 None 775 546 60 118 None 782 489 39 79 None 798 391 52 65 None 534 404 47 56 None 442 398 61 73 None 373 480 37 101 None 597 462 36 92 None 733 460 27 117 None 710 453 51 108 None
30330.jpg r_winpoint 224 489 48 71 None 498 457 43 106 None 498 500 44 102 None 371 424 44 89 None 323 443 43 76 None 339 470 30 80 None 777 457 48 92 None 821 432 30 95 None 718 469 30 102 None 742 389 31 83 None 724 423 39 92 None 703 378 27 84 None
44160.jpg l_winpoint 806 501 51 72 None 958 380 40 97 None 834 373 32 86 None 713 430 42 100 None 671 390 45 88 None 680 358 38 87 None 532 373 24 91 None 535 400 35 94 None 470 385 51 90 None 484 419 24 81 None 420 383 28 92 None 438 407 37 91 None
39075.jpg l_winpoint 753 418 75 37 None 895 399 32 98 None 846 457 32 95 None 628 377 32 87 None 603 424 35 105 None 719 501 42 116 None 478 415 52 86 None 449 438 48 89 None 389 412 50 92 None 365 422 33 84 None 343 442 42 89 None 383 475 32 92 None
43245.jpg l_winpoint 968 505 26 101 None 901 400 41 103 None 819 387 53 91 None 661 395 59 88 None 685 460 54 103 None 695 505 40 118 None 489 480 36 92 None 512 438 30 85 None 459 437 57 83 None 438 468 51 112 None 409 462 32 97 None 416 444 38 89 None
34890.jpg r_winpoint 950 405 44 87 None 798 431 44 87 None 767 458 48 91 None 751 410 45 90 None 704 440 54 94 None 702 409 26 116 None 603 469 41 96 None 571 489 34 95 None 479 467 32 82 None 448 431 77 38 None 394 405 29 74 None 300 448 32 93 None
31140.jpg r_winpoint 459 466 40 84 None 438 430 34 80 None 477 403 20 89 None 487 388 28 77 None 519 453 53 92 None 567 441 36 50 None 718 397 37 75 None 725 404 36 99 None 768 393 29 110 None 837 452 43 102 None 854 452 25 88 None 890 416 39 95 None
41715.jpg l_winpoint 446 464 41 85 None 480 440 39 95 None 521 438 49 87 None 539 474 32 91 None 510 472 45 111 None 468 467 44 98 None 697 436 38 100 None 708 427 35 95 None 734 495 46 110 None 819 468 31 93 None 832 409 36 96 None 976 443 40 109 None
38370.jpg l_winpoint 399 409 42 90 None 420 399 37 86 None 454 382 29 87 None 489 418 32 92 None 525 382 27 89 None 428 434 30 86 None 661 465 74 41 None 736 432 47 45 None 694 379 33 86 None 730 465 35 114 None 862 398 37 97 None 976 483 45 113 None
33600.jpg l_winpoint 942 446 38 95 None 817 472 28 94 None 864 397 27 88 None 757 430 32 44 None 662 493 50 106 None 652 466 45 98 None 504 441 48 91 None 489 421 41 87 None 470 443 41 99 None 442 442 46 90 None 411 474 33 82 None 415 441 37 90 None
37455.jpg r_winpoint 865 447 45 108 None 874 432 49 90 None 884 403 50 82 None 900 377 63 91 None 850 359 30 82 None 818 379 33 123 None 749 361 37 82 None 720 365 29 87 None 631 444 52 92 None 602 366 34 71 None 569 437 31 87 None 443 432 41 100 None
72830.jpg l-pass 933 439 41 78 None 864 481 30 100 None 780 412 28 75 None 677 419 27 72 None 619 438 36 112 blocking 629 458 33 115 None 573 467 39 99 None 454 422 48 84 None 398 464 41 77 digging 434 354 30 71 None 221 442 47 89 None 211 533 52 104 None
72635.jpg l-pass 1045 488 48 90 None 1001 443 32 83 None 866 425 30 85 None 746 410 26 71 None 735 447 26 97 None 708 422 37 105 blocking 664 472 37 88 digging 528 454 49 64 None 527 350 27 69 None 371 480 34 97 None 409 460 36 65 digging 414 422 38 62 None
53460.jpg r_set 946 406 55 85 None 893 457 58 102 None 795 511 57 113 None 782 351 55 72 None 738 330 26 99 setting 688 397 33 90 None 564 442 33 97 None 559 411 30 97 None 561 378 25 82 None 381 377 30 66 None 351 469 52 87 None 294 401 29 89 None
54195.jpg r-pass 900 368 36 94 None 801 457 30 102 None 775 378 41 72 digging 753 387 36 81 digging 616 420 38 105 None 507 411 35 79 None 446 385 39 108 blocking 425 398 26 93 None 374 425 37 85 None 238 397 37 61 None 199 397 28 97 None 94 461 45 94 None
72895.jpg l-spike 758 482 66 86 None 787 422 34 76 digging 710 393 31 68 digging 665 495 59 80 None 463 365 30 105 blocking 458 360 33 94 blocking 355 344 47 96 spiking 381 460 39 91 None 341 440 41 84 None 296 409 32 86 None 272 539 69 95 None 139 524 55 108 None
73290.jpg r_spike 908 462 33 90 None 885 416 31 78 None 838 408 43 70 None 848 474 26 101 None 768 469 57 94 None 783 442 54 73 digging 696 438 35 132 blocking 694 417 42 138 blocking 515 489 49 78 None 541 386 55 76 None 436 388 46 80 None 310 485 41 89 digging
73085.jpg r_spike 852 438 36 87 None 831 420 34 77 None 766 415 34 41 None 758 437 55 136 spiking 770 483 39 72 None 708 379 30 61 None 640 402 35 75 None 671 443 34 132 blocking 672 421 39 135 blocking 517 504 56 87 None 427 397 36 81 None 304 488 46 89 digging
53560.jpg l_set 937 392 48 80 None 903 439 51 95 None 832 359 45 82 None 703 438 52 98 None 665 382 34 92 None 678 345 24 73 None 572 392 24 95 None 460 505 53 106 None 403 423 26 107 setting 416 380 36 72 None 427 335 38 53 None 249 356 65 39 None
54440.jpg r_set 911 422 38 90 None 904 389 32 80 None 842 464 64 107 None 799 373 31 88 None 691 394 47 98 None 663 338 40 103 setting 599 418 35 96 None 614 384 22 90 None 544 453 28 88 None 388 444 40 94 None 329 407 35 84 None 400 380 41 57 None
54510.jpg l_set 958 433 40 84 None 919 458 45 109 None 941 383 34 87 None 851 393 34 96 None 851 359 30 86 None 805 431 42 103 None 745 457 30 91 None 700 401 44 87 None 639 378 46 51 None 549 380 42 65 None 502 419 44 108 setting 415 406 41 90 None
53520.jpg l-pass 965 409 48 89 None 898 450 57 93 None 829 445 38 109 None 815 403 28 87 None 799 331 32 80 None 888 335 32 80 None 740 448 40 95 None 708 435 61 94 None 603 346 40 80 None 491 366 52 63 digging 403 357 43 79 digging 436 457 48 93 None
73250.jpg r_set 934 436 48 76 None 920 519 47 106 None 791 450 38 83 digging 809 414 59 76 None 842 392 32 70 None 715 403 27 66 None 634 482 27 104 None 630 439 33 97 None 587 387 37 86 None 389 385 49 83 None 356 500 47 97 None 298 454 42 83 None
73050.jpg r_set 843 525 71 98 None 863 431 52 81 None 776 467 47 100 None 804 399 38 61 None 670 399 49 84 None 624 377 28 78 setting 579 486 28 98 None 569 430 30 90 None 572 386 24 80 None 395 398 37 70 None 411 496 37 91 None 343 452 35 74 None
54225.jpg r_set 902 353 33 75 None 814 400 58 32 None 773 384 66 79 None 778 495 41 112 None 627 365 55 86 None 563 344 33 98 setting 520 377 30 86 None 527 339 21 91 blocking 465 439 33 86 None 265 450 38 93 None 244 420 60 73 None 270 379 35 57 None
54260.jpg r_spike 1072 399 38 85 None 984 384 35 77 None 771 415 47 109 spiking 801 405 30 88 None 771 347 32 73 None 743 328 46 73 None 697 402 25 109 blocking 676 388 39 107 blocking 594 366 32 64 digging 451 378 36 67 digging 398 466 39 86 digging 352 436 39 77 None
72860.jpg l_set 889 447 31 81 None 802 515 61 83 None 771 404 33 76 None 653 416 23 72 None 606 479 45 95 None 601 434 41 90 None 468 464 51 86 None 465 462 55 112 setting 377 459 26 85 None 292 435 55 90 None 376 354 46 69 None 194 567 72 94 None
54545.jpg l-spike 946 415 43 71 None 847 463 83 95 None 858 370 46 69 None 654 367 49 68 None 637 380 34 118 blocking 631 351 34 122 blocking 533 455 59 63 digging 526 380 52 77 None 512 349 26 83 None 498 393 42 66 None 456 348 50 115 spiking 377 469 30 100 None
53345.jpg l-pass 1123 434 35 108 None 1088 434 35 103 None 951 394 35 91 None 819 405 35 105 None 796 391 31 93 None 803 342 19 87 None 735 407 33 80 None 636 359 44 81 None 564 322 33 72 None 465 354 47 76 None 430 410 48 72 None 466 465 56 67 None
54435.jpg r_set 842 463 54 105 None 903 415 36 91 None 897 387 32 84 None 768 376 47 86 None 668 386 38 94 None 656 349 39 96 setting 589 423 32 94 None 600 370 24 93 None 534 454 30 90 None 399 443 48 91 None 405 383 36 58 None 327 409 40 86 None
73205.jpg r-pass 877 418 40 81 None 818 461 32 96 None 776 499 51 107 None 713 449 36 93 None 643 444 35 56 None 611 435 49 64 digging 530 440 29 99 None 502 469 49 91 None 426 516 45 106 None 357 415 52 91 None 362 397 33 87 None 302 480 33 89 None
73015.jpg r-pass 901 468 39 90 None 883 476 69 38 None 834 497 44 102 None 801 409 33 72 None 745 452 35 92 None 609 421 28 76 None 543 384 41 89 None 575 440 29 94 None 558 475 25 99 None 408 456 31 82 None 379 503 55 98 None 342 406 41 89 None
54350.jpg l_set 860 465 42 96 None 846 387 31 82 None 744 381 46 80 None 595 447 41 105 None 590 393 32 92 None 583 355 35 81 None 399 458 60 92 None 459 396 33 102 setting 465 399 28 77 None 373 331 55 67 None 286 416 45 88 None 295 461 36 96 None
53595.jpg l-spike 820 441 68 87 None 832 378 34 79 None 703 430 38 101 None 634 366 43 77 None 516 323 34 107 blocking 514 308 43 101 blocking 420 312 51 82 spiking 441 404 41 73 None 405 384 48 63 digging 423 451 28 81 None 294 453 48 87 None 150 345 62 70 None
72680.jpg l-spike 902 452 33 77 None 774 414 37 71 None 823 508 58 85 None 679 411 39 60 None 605 450 43 126 blocking 611 446 30 107 blocking 524 463 58 114 spiking 551 462 48 90 None 411 407 31 80 None 470 349 32 77 None 377 489 34 110 None 286 471 66 43 None
72690.jpg r-pass 841 461 45 70 None 738 513 48 88 None 717 435 50 65 None 633 417 58 60 None 565 500 49 97 None 558 477 32 103 None 488 532 47 109 None 480 451 43 91 None 436 357 35 83 None 381 437 41 68 None 353 495 37 112 None 254 458 48 63 None
54315.jpg l-pass 955 440 34 102 None 904 408 52 79 None 793 359 33 79 None 670 368 28 80 None 647 385 27 114 blocking 666 451 35 109 None 610 458 32 84 None 529 438 44 61 digging 433 437 38 79 None 322 453 37 90 None 264 413 46 90 None 427 322 31 69 None
54380.jpg l-spike 809 382 38 77 digging 767 448 62 95 None 641 443 38 92 None 618 377 42 91 None 502 317 34 112 blocking 490 306 43 114 blocking 420 299 32 106 spiking 399 385 24 74 None 325 450 38 88 None 303 415 42 74 None 284 452 31 96 None 441 482 45 112 None
72665.jpg l_set 964 450 31 81 None 905 508 45 76 None 835 415 30 69 None 708 403 29 66 None 682 481 31 103 None 674 438 39 95 None 626 422 30 117 setting 551 467 43 91 None 431 400 29 73 None 495 340 30 65 None 351 456 70 52 None 344 494 60 103 None
72950.jpg l-pass 899 473 30 98 None 851 430 31 82 None 742 406 32 77 None 629 474 45 89 None 583 426 31 90 None 598 399 22 67 None 507 386 38 80 None 491 439 31 94 None 455 412 37 77 None 351 467 47 94 None 306 389 41 101 digging 255 540 56 105 None
54475.jpg r_spike 918 450 42 94 None 899 422 40 85 None 919 376 44 85 None 800 405 53 118 spiking 837 405 33 90 None 820 360 27 79 None 713 415 26 113 blocking 725 389 32 136 blocking 629 367 37 81 None 512 367 29 62 None 399 460 50 88 digging 352 429 48 85 None
54490.jpg l-pass 891 467 44 99 None 920 440 32 86 None 918 387 54 77 None 870 407 38 87 None 860 366 55 79 None 805 450 30 89 None 756 452 36 93 None 633 372 60 63 None 540 387 50 48 None 457 446 32 100 None 395 420 41 92 None 751 414 44 103 None
54395.jpg r-pass 815 398 36 65 None 752 433 41 93 None 652 475 61 60 None 591 385 61 82 None 491 357 31 83 None 441 348 25 79 None 393 389 28 67 None 455 455 38 98 None 356 457 36 89 None 296 412 35 79 None 272 444 32 89 None
73125.jpg l-pass 904 446 31 91 None 834 420 35 84 None 768 470 46 96 None 743 399 29 71 None 723 469 28 99 None 693 417 35 88 None 618 469 37 103 None 575 489 44 98 None 447 523 60 100 None 378 495 119 44 None 313 491 80 86 digging 367 411 42 86 None
53400.jpg l-spike 844 415 51 82 digging 808 470 48 94 None 732 378 53 68 None 553 381 62 65 None 552 440 50 110 blocking 545 420 35 97 blocking 503 467 42 100 None 434 450 45 104 spiking 472 435 45 81 None 451 346 37 78 None 348 382 38 86 None 322 441 44 74 None
53380.jpg l_set 963 457 40 107 None 982 417 36 87 None 831 385 59 67 None 685 444 36 100 None 683 410 33 100 blocking 683 360 32 74 None 639 398 30 102 setting 595 416 38 107 None 493 332 41 67 None 399 364 38 77 None 351 422 54 76 None 440 479 45 90 None
53415.jpg r-pass 774 447 51 59 None 748 466 51 94 None 673 375 63 76 None 541 377 58 79 None 503 466 39 107 None 482 437 26 106 None 428 504 41 95 None 432 443 34 105 None 409 372 31 86 None 364 438 31 83 None 294 445 29 82 None 293 393 34 83 None
72725.jpg r-pass 830 420 82 75 None 712 451 61 85 None 577 422 53 75 None 551 405 24 75 None 563 518 56 110 None 530 493 50 96 None 314 518 44 111 None 322 453 38 86 None 325 383 38 88 None 233 423 34 78 None 153 466 44 102 None 47 459 66 91 None
73175.jpg l-pass 853 476 57 100 None 865 427 26 76 None 754 410 48 70 None 733 488 48 95 None 646 479 37 101 None 607 410 33 73 None 466 520 57 105 digging 463 467 37 97 None 494 436 53 91 None 372 411 49 91 None 340 494 26 92 None 271 455 45 71 None
53500.jpg r_spike 908 415 49 86 None 827 454 52 88 None 763 415 37 111 spiking 738 419 34 85 None 778 321 31 75 None 719 323 39 77 None 656 402 25 125 blocking 643 387 46 133 blocking 521 377 41 64 None 406 366 33 68 None 299 395 36 72 None 334 472 34 89 None
