79990.jpg r_spike 98 391 76 101 None 260 344 52 113 None 195 453 72 145 None 454 350 52 139 None 611 347 54 203 blocking 705 385 139 172 spiking 791 324 52 129 None 905 412 107 150 None 1243 300 39 92 None 723 417 84 113 None 915 397 45 131 None
30505.jpg l-spike 191 466 50 117 None 384 398 45 97 None 419 472 55 138 None 455 386 55 102 None 322 423 52 97 None 332 481 68 99 None 535 391 44 129 blocking 574 373 38 119 None 631 491 52 102 None 779 422 65 85 digging 901 438 61 87 digging 921 495 53 101 digging
106335.jpg l_set 441 511 78 145 None 580 433 49 124 None 431 378 44 99 None 565 362 45 92 None 252 397 50 124 setting 219 383 64 99 None 824 399 45 127 None 820 430 49 121 None 1186 487 47 135 None 1226 421 47 125 None 1018 396 65 110 None 832 371 40 94 None
30520.jpg l-pass 182 461 54 107 None 312 471 74 113 None 402 479 82 123 None 432 443 50 90 None 449 402 54 96 None 303 481 70 49 None 514 434 35 115 None 586 374 60 121 None 637 498 82 90 None 768 416 80 84 None 890 488 64 107 None 910 423 54 103 None
30605.jpg l-pass 212 394 41 135 None 264 471 94 117 None 215 426 75 134 None 446 440 75 135 None 366 459 55 42 None 451 358 35 98 None 594 443 75 108 None 557 389 41 105 None 587 346 74 112 None 739 393 64 102 None 848 442 63 116 None 898 386 49 112 None
45620.jpg l-spike 903 463 58 138 None 910 411 51 94 None 778 357 81 110 None 591 448 72 125 None 578 345 32 155 blocking 588 358 50 104 None 441 323 39 125 spiking 294 486 79 162 None 306 423 67 122 None 233 395 69 133 None 270 381 88 113 None 421 351 40 99 None
83315.jpg r_spike 225 442 45 95 digging 332 388 47 93 digging 342 478 67 90 None 550 439 78 92 None 800 328 43 130 None 767 425 45 108 digging 842 449 65 137 None 947 422 45 95 None 869 448 71 114 None 821 413 70 89 None 681 307 49 146 blocking
38885.jpg r-pass 737 332 67 123 None 511 364 42 121 None 830 411 39 112 None 830 454 56 142 None 700 406 56 126 None 695 450 70 39 None 333 334 32 98 None 420 431 53 144 None 446 389 37 130 None 196 386 51 123 None 61 469 77 135 None
89820.jpg r-pass 277 456 46 119 None 190 428 28 98 None 284 409 25 98 None 470 412 35 105 None 472 411 35 107 None 485 438 37 119 None 485 439 37 118 None 610 413 39 90 None 610 413 39 95 None 700 367 42 84 None 734 401 49 98 None 897 441 63 65 None
90130.jpg r_set 296 378 40 109 None 197 477 74 131 None 217 431 47 96 None 552 374 49 122 blocking 517 427 58 124 None 535 447 47 127 None 692 351 46 138 setting 813 330 48 102 None 720 434 69 128 None 896 390 41 112 None 879 440 102 115 None 914 506 89 159 None
83215.jpg l-spike 534 411 44 175 blocking 545 412 53 133 blocking 741 435 65 65 None 857 435 74 81 None 878 509 55 105 None 576 407 67 81 digging 207 445 35 109 None 319 469 46 97 None 486 404 35 105 None 378 443 53 140 spiking 417 374 34 83 None 397 448 79 105 None
83235.jpg r-pass 341 456 38 122 None 288 465 46 110 None 198 452 32 110 None 441 484 49 125 None 460 408 37 120 None 436 399 32 97 None 865 495 46 128 None 717 402 65 102 setting 847 423 34 89 None 604 409 48 102 None 526 498 89 120 None 518 470 40 133 None
96945.jpg r-pass 179 376 61 130 None 291 326 70 107 None 256 399 57 153 None 600 333 79 87 None 715 339 32 146 None 564 402 91 131 None 772 410 103 152 setting 901 336 64 132 None 1029 383 75 146 None 1058 343 44 130 None 784 293 40 112 None 769 379 56 97 None
89990.jpg l-pass 388 487 60 103 digging 270 409 48 115 None 379 432 48 78 None 454 435 64 101 None 508 506 77 131 None 503 368 53 105 None 692 394 73 86 None 889 395 39 103 None 985 419 42 116 None 1028 473 53 137 None 607 474 39 140 None 617 449 37 138 None
89855.jpg r-pass 159 446 48 114 None 206 459 54 138 None 265 399 35 113 None 431 404 68 109 None 453 462 43 135 None 474 422 33 118 None 659 426 68 60 None 727 370 51 96 None 759 425 50 120 None 1098 469 120 62 None 931 462 55 105 digging 905 504 97 120 None
106200.jpg r-pass 171 494 65 104 None 256 391 39 91 None 493 437 32 128 None 510 421 27 118 None 516 397 20 112 None 587 418 55 95 None 721 447 58 121 None 774 358 30 95 None 992 472 49 98 None 927 448 77 135 digging 942 420 44 93 None
79850.jpg r-pass 963 436 54 153 None 885 503 63 168 None 825 423 65 139 None 780 412 71 91 digging 561 392 48 113 None 189 460 60 139 None 160 433 57 123 None 236 367 44 117 None 447 371 54 100 None 478 396 35 142 None 457 443 49 130 None 767 314 46 110 None
30765.jpg r-pass 198 437 62 117 None 258 387 37 104 None 377 483 85 119 None 494 459 88 104 None 638 379 50 102 None 707 354 49 113 None 724 467 42 112 None 750 401 53 134 None 844 388 47 112 None 920 410 42 124 None 973 456 62 113 None 643 354 43 100 None
38945.jpg r_spike 401 387 77 100 None 279 411 91 100 None 207 507 90 104 None 681 396 42 118 None 703 373 56 205 blocking 773 360 44 118 None 843 313 48 140 None 866 416 74 151 spiking 943 457 56 130 None 994 418 49 123 None 890 391 77 107 None
38755.jpg r_set 290 411 71 96 None 175 436 47 119 None 163 527 85 112 None 553 470 38 126 None 571 430 37 135 None 579 410 30 120 None 639 362 51 160 setting 709 425 45 118 None 937 496 103 141 None 1064 470 76 119 None 878 417 59 112 None 845 363 57 117 None
79900.jpg r_spike 214 431 56 111 None 317 358 67 102 None 337 450 67 139 None 591 445 69 137 None 646 351 44 128 None 650 321 23 125 None 788 271 46 135 spiking 713 394 39 128 None 740 412 79 154 None 814 463 67 184 None 925 422 74 142 None 906 389 58 109 None
30500.jpg l-spike 211 479 55 114 None 424 478 53 139 None 453 376 37 109 None 360 370 70 132 spiking 369 462 60 114 None 327 424 56 95 None 621 497 49 118 None 557 377 42 147 blocking 568 382 58 107 None 808 421 63 90 None 906 436 63 88 None 939 495 53 112 None
38820.jpg l-pass 441 472 63 67 None 465 414 84 76 None 304 396 41 116 None 542 414 54 100 None 341 522 56 166 None 340 460 89 129 None 733 457 46 140 None 736 414 47 139 None 741 377 44 126 None 863 408 42 125 None 950 483 71 141 None 1023 445 56 136 None
89905.jpg l-pass 289 467 39 137 None 266 438 57 105 None 449 418 67 126 None 454 398 22 107 None 569 389 44 96 digging 619 457 51 133 None 810 462 44 126 None 785 425 35 128 None 1021 385 32 100 None 771 387 47 106 None 1136 490 58 124 None 1165 423 44 127 None
79700.jpg l-pass 1000 484 93 114 None 1070 403 35 124 None 1159 370 40 130 None 796 412 15 137 None 793 379 43 97 None 768 402 43 116 None 624 457 68 121 None 502 462 51 140 None 403 357 43 113 None 497 398 50 91 None 287 480 55 92 digging 274 460 50 82 digging
90210.jpg r_set 779 309 63 103 None 951 504 92 183 None 847 364 59 175 setting 836 424 64 146 None 680 386 36 144 None 610 397 47 162 None 461 439 58 143 None 483 392 43 154 None 488 357 54 133 None 121 448 96 165 None 149 362 74 114 None
30750.jpg r_spike 220 401 44 95 None 133 441 56 119 None 267 471 86 133 digging 502 457 65 123 None 602 312 48 160 blocking 740 479 56 142 None 788 381 55 119 None 697 396 49 126 None 721 291 49 156 spiking 858 445 56 126 None 863 409 53 125 None
30660.jpg l-spike 399 412 55 172 setting 344 392 54 107 None 212 402 48 135 None 250 443 79 145 None 473 399 42 130 None 470 368 51 123 None 588 461 48 113 None 603 415 57 123 None 660 353 46 123 None 780 377 65 107 None 945 401 47 111 None 906 457 54 123 None
45445.jpg r_set 545 385 62 111 setting 718 399 56 109 None 823 400 50 105 None 904 410 86 133 None 843 500 88 131 None 867 465 64 124 None 444 463 50 120 None 445 432 43 122 None 453 403 41 120 None 210 409 75 97 None 37 516 84 118 None 50 442 56 126 None
90250.jpg r_spike 474 398 58 117 None 289 454 97 129 None 270 347 41 105 None 90 441 58 113 None 660 283 33 176 blocking 799 277 66 131 spiking 750 391 54 145 None 978 378 66 125 None 803 408 84 97 digging 1128 439 82 145 None 832 440 60 172 None
30755.jpg r_spike 623 307 57 155 blocking 470 465 82 99 None 339 469 64 127 digging 166 437 48 123 None 224 408 44 97 digging 733 472 69 133 None 703 317 67 138 spiking 718 399 44 124 None 817 374 36 126 None 876 413 48 123 None 901 438 55 126 None
90100.jpg r-pass 756 415 90 109 digging 569 399 39 109 None 771 338 41 100 None 849 439 58 107 None 944 498 51 156 None 798 429 58 133 None 476 442 51 128 None 378 383 48 116 None 164 482 70 153 None 143 447 37 140 None 213 423 44 116 None 228 395 41 102 None
38920.jpg r_set 655 322 42 149 setting 704 370 40 112 None 817 328 40 119 None 811 384 38 108 None 846 411 38 123 None 928 490 99 144 None 533 429 40 133 None 541 385 51 131 None 547 359 36 121 None 264 381 42 94 None 158 496 97 115 None 73 404 51 131 None
90175.jpg r-pass 151 430 55 130 None 349 377 40 127 None 253 458 58 160 None 522 441 60 165 None 581 392 35 150 None 572 367 35 132 None 772 347 35 175 setting 699 342 80 130 None 733 418 88 150 None 780 490 128 162 None 898 436 82 155 None 963 387 80 140 None
45575.jpg l-pass 600 438 64 144 None 219 521 103 170 None 391 388 72 116 None 297 355 50 128 None 261 404 79 130 digging 416 331 44 128 None 1005 419 51 126 None 939 362 53 134 None 913 435 44 147 None 760 369 50 134 None 714 438 57 152 None 720 394 47 148 None
90015.jpg l-pass 221 458 106 130 None 338 521 128 123 digging 340 462 60 114 None 478 354 40 111 None 504 499 92 103 None 494 454 91 110 None 720 383 43 96 None 719 450 60 141 None 729 483 63 153 None 935 397 48 113 None 1070 459 48 139 None 1056 423 72 130 None
30475.jpg l_set 375 461 81 117 None 540 406 43 148 setting 280 461 47 134 None 330 413 39 103 None 227 429 69 114 None 374 378 58 97 None 668 379 39 109 None 663 427 40 97 None 668 492 43 106 None 957 500 43 117 None 942 434 44 95 None 914 412 40 96 None
83275.jpg r_set 128 442 64 119 None 228 388 36 110 None 259 468 56 113 None 521 455 36 146 None 545 416 40 130 None 542 389 38 105 None 641 431 51 134 None 889 523 75 167 None 891 459 63 151 None 799 391 65 134 digging 864 388 42 113 None 813 356 52 92 None
106245.jpg r_set 260 376 63 99 None 118 414 43 119 None 135 485 64 119 None 518 441 49 113 None 535 386 33 107 None 913 396 37 120 None 1099 454 65 137 None 880 506 119 147 None 841 337 49 99 None 770 414 57 109 None 737 372 39 182 setting
106270.jpg r_spike 1082 450 69 119 None 848 344 38 99 None 927 420 40 105 None 881 450 77 106 None 778 416 83 148 spiking 720 435 57 105 None 631 379 48 176 blocking 588 401 44 100 None 382 377 71 89 None 249 413 71 85 digging 192 497 68 105 None
30570.jpg l-spike 1042 411 67 124 None 972 488 60 137 None 866 382 62 114 None 754 463 43 126 None 592 326 50 167 blocking 602 307 50 154 blocking 277 478 92 131 None 268 420 52 105 None 429 425 54 122 None 423 404 43 118 None 430 470 80 158 None 472 315 62 141 spiking
79945.jpg r-pass 976 387 105 125 None 758 401 65 162 None 874 385 52 145 None 908 459 77 180 None 758 324 62 139 None 901 365 55 97 digging 548 413 57 167 None 603 326 42 131 None 544 317 55 119 None 286 428 53 162 None 111 410 50 140 None 255 335 60 134 None
38710.jpg r-pass 0 481 63 121 None 309 481 58 126 None 349 419 51 90 None 570 462 35 128 None 579 448 32 109 None 593 434 25 104 None 673 454 51 100 None 748 481 83 126 None 854 386 49 107 None 947 433 41 98 None 987 483 58 110 digging 1021 487 44 98 digging
106370.jpg l-spike 1191 430 62 119 None 1058 465 54 123 None 936 371 62 109 None 682 323 52 158 blocking 539 438 58 131 None 550 399 56 96 None 406 376 76 101 None 321 355 58 109 None 493 296 58 129 spiking 101 427 72 105 None
30540.jpg l_set 906 488 69 114 None 924 435 53 107 digging 812 407 47 119 None 626 391 67 127 None 605 489 59 117 None 568 431 67 129 None 483 426 67 130 None 389 387 52 95 None 356 437 52 150 setting 332 474 85 75 None 293 485 97 145 None 216 435 49 137 None
45470.jpg r_spike 685 319 43 123 spiking 741 474 69 155 None 798 457 64 129 None 843 392 48 139 None 811 386 37 112 None 657 432 59 134 None 587 344 48 155 blocking 597 306 43 145 blocking 500 461 69 139 None 289 382 59 102 None 185 481 64 129 None 195 439 59 123 None
45525.jpg r-pass 944 357 75 126 None 683 359 56 110 None 627 438 30 94 None 627 440 75 115 None 688 466 60 125 digging 722 492 77 134 None 548 400 55 139 None 536 368 51 143 None 252 473 77 141 None 191 411 46 140 None 310 376 62 119 None 552 441 44 97 None
83305.jpg r_spike 118 438 84 111 None 285 371 52 99 None 323 478 80 112 None 533 424 52 129 None 639 314 39 171 blocking 710 417 69 114 None 844 469 77 143 None 800 295 50 143 spiking 819 393 67 97 None 888 401 54 122 None 821 451 86 111 None
96925.jpg r_spike 62 382 82 129 None 185 328 114 95 None 143 416 81 135 None 513 322 80 97 None 484 407 92 137 None 553 286 46 204 blocking 693 245 40 117 None 725 295 66 160 spiking 728 418 74 169 None 907 387 82 135 None 942 334 60 109 None 675 348 117 114 None
30725.jpg r_set 967 416 103 125 None 848 526 94 150 None 834 430 71 131 None 812 336 51 125 None 681 378 55 142 None 673 311 44 167 setting 19 415 58 133 None 254 457 61 150 None 206 376 66 108 None 492 463 58 142 None 518 413 48 130 None 513 381 49 125 None
97030.jpg r_spike 1000 440 92 131 None 906 378 87 101 None 780 430 78 108 None 718 362 85 161 spiking 651 393 77 112 None 697 313 47 118 None 583 340 42 185 blocking 423 363 52 98 None 193 354 101 89 None 24 403 79 126 None 116 449 73 129 None
96875.jpg r-pass 77 317 62 101 None 136 367 45 109 None 308 374 41 101 None 466 342 33 107 None 500 374 33 129 None 496 341 35 120 None 632 329 58 97 None 746 373 56 112 None 909 347 73 84 None 927 399 62 129 None 808 386 50 139 None 839 366 58 103 digging
90060.jpg l-pass 134 424 68 120 None 340 383 60 107 digging 384 431 52 134 None 392 438 65 142 None 653 424 57 134 None 1035 484 43 159 None 884 429 49 134 None 870 397 54 101 None 884 370 76 112 None 1101 455 63 123 None 1091 397 49 131 None 31 607 106 93 None
30445.jpg l-pass 288 498 88 75 None 169 425 35 111 None 298 451 39 84 None 357 388 39 94 None 452 437 77 97 None 610 451 47 111 None 685 421 37 111 None 691 392 39 118 None 730 441 47 101 None 1052 402 48 101 None 983 427 37 105 None 938 453 30 105 None
45410.jpg r-pass 98 411 52 111 None 221 450 41 116 None 158 429 32 126 None 458 448 41 122 None 457 421 43 103 None 458 405 39 101 None 557 438 52 88 None 687 424 48 107 None 860 468 58 86 None 848 408 43 92 None 818 497 97 80 None 963 385 47 122 None
45475.jpg r_spike 236 485 92 117 None 218 433 67 111 None 327 378 44 105 None 518 457 60 122 None 623 313 37 169 blocking 678 323 65 115 spiking 682 440 76 136 None 746 460 63 156 None 812 393 46 102 None 826 460 62 120 None 860 391 52 127 None
45610.jpg l_set 237 512 86 167 None 239 392 59 142 None 262 363 50 143 None 385 354 58 165 setting 447 371 66 127 None 618 438 68 142 None 622 380 52 120 None 629 358 52 123 None 823 352 60 116 None 951 407 66 104 None 948 469 66 134 None 378 335 61 104 None
108980.jpg r-pass 149 457 56 126 None 109 444 69 105 None 101 401 48 118 None 448 436 47 129 None 449 412 41 120 None 446 389 41 128 None 537 419 37 103 None 681 412 54 126 None 821 470 62 133 None 898 442 73 109 None 847 408 58 105 digging 996 387 41 120 None
90140.jpg r_spike 192 497 84 118 None 183 444 58 99 None 298 387 47 111 None 527 474 54 118 None 560 375 37 176 blocking 547 378 43 118 None 699 377 73 152 spiking 726 382 48 137 None 770 337 73 105 None 836 502 90 156 None 867 440 77 129 None 898 411 75 114 None
97055.jpg l-pass 267 418 126 65 None 194 433 104 148 None 178 409 63 126 None 502 381 52 109 None 668 423 54 156 None 707 404 52 156 None 774 410 60 154 None 770 385 68 139 None 792 336 46 153 None 910 413 63 128 None 1087 419 65 175 None 1068 384 57 126 None
89950.jpg l_set 200 472 102 139 None 268 427 80 102 None 439 450 86 118 None 442 392 37 107 None 433 372 59 86 None 589 373 69 145 setting 728 463 59 118 None 717 427 48 112 None 714 389 48 102 None 954 414 102 86 None 1050 496 96 123 None 1130 426 69 123 None
79915.jpg r-pass 320 432 57 96 None 423 444 98 131 None 409 345 54 115 digging 647 427 90 131 None 753 287 52 175 blocking 865 440 65 167 None 980 392 60 112 digging 1025 414 68 148 None 822 336 49 126 None 825 385 60 170 None 840 388 54 128 None
106435.jpg r_set 9 383 87 138 None 107 463 66 131 None 237 352 44 111 None 506 347 37 99 None 513 420 52 142 None 515 385 44 127 None 637 385 38 127 None 688 450 100 144 None 800 323 57 105 None 834 304 43 156 setting 846 447 88 140 None 1009 404 102 131 None
38785.jpg l-pass 459 442 101 63 None 339 481 117 117 None 359 424 54 101 None 580 484 90 126 None 692 408 57 115 None 773 380 41 137 None 798 365 49 120 None 846 405 43 134 None 804 484 65 145 None 924 415 43 115 None 933 464 74 123 None 723 375 38 142 blocking
106285.jpg l-pass 438 382 72 103 digging 318 411 63 102 None 269 478 65 137 None 634 400 63 119 None 674 439 57 149 None 798 483 77 125 None 777 445 57 104 None 847 371 50 113 None 921 439 52 138 None 962 445 51 122 None 1141 458 54 124 None
83190.jpg l_set 241 522 99 148 None 158 442 64 119 None 251 469 78 126 None 352 373 58 95 None 522 407 61 112 None 559 390 58 141 setting 657 455 50 128 None 653 395 53 102 None 888 425 58 71 None 945 501 71 119 None 1017 443 49 110 None 668 431 44 119 None
38765.jpg r_spike 211 508 77 116 None 327 399 72 93 None 607 331 44 189 blocking 581 476 58 126 None 671 420 51 116 None 706 338 46 133 spiking 804 357 76 112 None 868 403 51 116 None 871 494 79 142 None 969 450 105 130 None 242 435 54 97 digging
96905.jpg r_set 143 398 73 144 None 139 332 84 97 None 437 391 65 129 None 452 344 45 107 None 448 318 54 107 None 576 276 48 158 setting 733 324 69 116 None 789 363 92 133 None 856 447 133 156 None 912 344 69 146 None 926 326 48 114 None
30685.jpg r-pass 18 417 90 126 None 226 446 68 150 None 213 385 35 117 None 410 457 49 131 None 430 401 32 137 None 436 384 35 134 None 629 371 52 170 setting 695 478 54 145 None 667 393 74 96 None 665 338 54 115 None 809 433 49 112 None 839 401 49 107 None
96930.jpg r_spike 941 391 82 138 None 986 337 52 125 None 741 408 68 165 None 774 342 62 127 None 711 249 51 142 spiking 731 295 57 125 None 606 271 55 187 blocking 525 403 64 139 None 553 320 61 88 None 175 422 82 135 digging 104 373 64 140 digging 232 332 67 95 digging
96990.jpg r_set 15 404 82 164 None 113 308 66 129 None 412 391 60 150 None 440 358 50 133 None 420 334 49 101 None 595 299 52 133 None 660 335 56 117 None 776 467 101 164 None 762 365 54 127 None 871 356 41 174 setting 871 347 50 107 None
45500.jpg r-pass 343 469 86 116 None 287 416 47 129 None 361 392 73 90 None 565 436 56 139 None 612 359 39 92 None 648 384 37 101 None 744 352 50 103 None 730 461 48 96 None 736 448 60 73 None 791 469 54 139 None 858 455 58 124 None 916 368 62 131 None
83155.jpg l-pass 267 474 54 97 digging 340 387 39 101 None 418 489 77 131 None 454 416 48 101 None 595 467 54 116 None 729 434 37 124 None 713 421 48 122 None 756 403 41 114 None 963 460 45 139 None 957 421 50 107 None 1084 403 69 99 None 256 483 52 108 None
30585.jpg l-pass 187 399 48 122 None 195 471 88 126 None 296 429 60 120 None 353 419 62 80 None 401 446 73 131 None 418 367 58 109 None 517 352 50 128 None 658 440 69 101 None 715 382 54 103 None 851 442 69 133 None 917 385 50 116 None
79880.jpg r_set 139 438 62 120 None 233 450 85 146 None 283 359 45 105 None 530 432 53 157 None 552 381 50 151 None 552 357 45 129 None 639 337 52 155 setting 774 424 84 137 None 822 313 69 105 None 904 375 72 112 None 876 500 135 170 None 950 429 70 165 None
89970.jpg l-spike 302 452 94 123 None 383 409 65 111 None 388 392 54 104 None 498 345 41 105 None 500 408 60 158 spiking 510 402 57 108 None 646 383 43 193 blocking 937 417 74 75 None 1066 480 60 122 None 1062 413 69 116 None 663 375 72 90 None
50055.jpg l_winpoint 942 443 66 133 None 944 386 70 140 None 796 332 50 145 None 680 382 58 142 None 623 459 38 151 None 562 430 49 161 None 423 395 56 155 None 411 392 49 148 None 410 361 62 141 None 302 406 62 139 None 255 405 65 150 None 197 387 87 131 None
42540.jpg l_winpoint 914 507 53 83 None 839 378 36 129 None 747 345 54 140 None 618 373 69 133 None 515 487 74 163 None 507 444 54 158 None 364 429 69 144 None 363 359 57 170 None 334 377 41 137 None 177 423 78 140 None 188 398 66 140 None 183 387 71 136 None
48255.jpg l_winpoint 1021 489 125 89 None 871 401 39 147 None 789 320 52 147 None 609 362 53 140 None 569 423 51 162 None 526 444 41 151 None 349 379 36 152 None 285 386 96 163 None 267 381 58 177 None 286 370 68 145 None 213 379 64 146 None 193 404 64 138 None
39000.jpg r_winpoint 1064 445 51 151 None 967 433 77 161 None 991 406 56 158 None 897 443 79 157 None 890 382 47 164 None 835 408 68 145 None 631 462 58 163 None 626 440 52 158 None 553 392 81 143 None 382 446 56 155 None 389 371 62 126 None 273 484 116 61 None
43095.jpg l_winpoint 999 471 69 103 None 940 442 53 130 None 908 427 41 113 None 994 396 57 133 None 874 401 49 123 None 712 408 45 125 None 481 435 47 139 None 505 387 50 154 None 453 409 53 117 None 351 392 45 121 None 290 450 54 130 None 283 421 52 124 None
45690.jpg l_winpoint 578 362 36 113 None 471 485 51 66 None 406 419 39 118 None 408 384 70 106 None 340 390 41 110 None 143 417 43 115 None 146 395 48 104 None 114 402 55 112 None 102 393 40 113 None 31 411 73 123 None 19 409 81 118 None 994 436 39 110 None
34365.jpg l_winpoint 1045 459 62 122 None 966 453 75 115 None 853 424 91 118 None 821 450 67 119 None 752 424 70 129 None 742 404 60 124 None 321 432 59 127 None 348 426 44 122 None 336 440 30 115 None 292 447 44 112 None 277 431 43 118 None 311 425 31 120 None
31350.jpg r_winpoint 58 431 88 143 None 257 395 72 133 None 344 407 69 143 None 464 407 64 131 None 527 382 48 136 None 441 374 54 128 None 878 389 65 132 None 918 390 48 126 None 949 392 34 129 None 967 403 63 154 None 968 394 48 123 None
36600.jpg l_winpoint 272 384 69 140 None 349 415 41 137 None 333 381 33 120 None 419 402 70 153 None 485 346 55 131 None 537 354 42 131 None 771 403 45 147 None 758 373 37 139 None 786 332 55 152 None 831 394 116 143 None 874 348 50 148 None 1055 404 58 162 None
30810.jpg l_winpoint 1023 419 54 145 None 968 387 39 146 None 868 363 63 135 None 785 418 56 165 None 694 427 41 104 None 708 313 51 138 None 561 361 80 132 None 457 397 59 143 None 475 366 40 138 None 394 412 68 161 None 315 391 76 147 None 365 357 44 162 None
51240.jpg l_winpoint 934 428 74 166 None 939 372 72 153 None 854 336 42 149 None 732 299 51 157 None 589 450 48 167 None 579 424 56 188 None 427 377 78 165 None 422 359 64 162 None 410 343 64 167 None 359 381 55 146 None 284 378 67 166 None 198 369 80 137 None
