102095.jpg r_spike 1004 417 75 118 None 876 435 79 88 None 957 482 58 107 None 750 435 109 148 spiking 756 343 41 126 None 636 415 56 167 blocking 525 405 94 99 None 394 389 56 96 None 207 481 71 135 None 71 425 67 111 None 763 402 54 124 None
114725.jpg l-pass 1194 462 48 126 None 1164 431 57 130 None 1149 396 52 125 None 948 452 47 135 None 935 426 60 137 None 974 386 32 123 None 860 479 54 131 None 838 450 54 125 None 793 458 74 131 None 586 466 82 136 None 529 387 67 119 None 322 451 65 93 digging
64555.jpg r-pass 1230 480 49 148 None 1089 472 62 121 None 969 467 35 141 None 858 400 62 131 digging 824 437 45 143 None 799 495 49 109 None 712 499 70 148 None 725 487 60 150 None 729 485 52 139 None 561 476 111 76 None 470 489 45 133 None 162 437 39 125 None
93570.jpg r_spike 958 456 75 143 None 993 419 56 118 None 890 392 50 124 None 802 353 69 126 None 769 386 50 178 spiking 670 423 65 148 blocking 669 397 54 118 None 506 361 84 103 None 456 412 52 101 digging 409 484 64 143 None 287 458 77 143 None
62810.jpg r-pass 1009 472 66 127 None 981 387 48 136 setting 397 420 46 116 None 318 484 58 127 None 314 409 52 130 None 682 400 41 130 None 717 425 30 120 None 585 377 75 107 None 780 507 79 112 None 812 396 81 99 None 770 469 50 104 None 790 433 57 100 None
101945.jpg l-spike 1048 449 48 114 None 966 495 51 106 None 913 407 58 97 None 657 394 38 170 blocking 639 371 88 139 blocking 670 359 55 130 None 560 421 46 128 None 536 363 71 137 spiking 510 358 55 100 None 420 415 60 114 None 334 496 91 142 None 274 394 55 113 None
96045.jpg r_set 916 426 84 103 None 847 352 84 90 None 688 360 79 118 None 616 350 43 146 setting 823 543 94 139 None 236 483 82 120 None 219 398 54 97 None 121 447 88 112 None 511 453 65 139 None 536 398 41 135 None 508 392 65 101 None 879 376 47 114 None
60635.jpg l_set 1120 448 65 122 None 957 417 69 108 None 938 483 56 139 None 678 483 62 139 None 672 443 56 131 None 675 389 60 131 None 513 416 56 169 setting 584 402 47 158 None 313 435 54 135 None 400 365 52 86 None 444 536 80 141 None 356 430 69 90 None
64530.jpg r_spike 1199 500 52 141 None 1043 479 75 111 None 921 508 65 112 None 878 391 58 122 None 829 414 52 178 spiking 818 436 37 135 None 460 408 52 101 None 262 527 84 126 None 100 461 67 122 None 704 397 56 212 blocking
81795.jpg r_spike 1166 487 62 154 None 952 420 65 116 None 870 382 65 129 None 895 388 65 180 spiking 747 418 58 118 None 681 473 86 139 None 605 479 50 129 None 616 384 52 184 blocking 255 506 73 124 digging 274 409 56 101 digging 136 449 58 128 None
62850.jpg r_set 65 505 43 133 None 156 402 46 123 None 29 436 49 133 None 488 442 46 137 None 641 419 44 133 None 486 415 40 131 None 684 436 69 137 None 826 441 44 150 setting 869 383 79 125 None 888 552 103 131 None 854 358 79 97 None 484 403 34 126 None
52780.jpg l-pass 152 451 52 123 None 321 483 55 120 None 431 436 34 117 digging 563 476 61 131 None 601 411 37 127 None 664 450 52 128 None 751 476 49 141 None 721 416 46 141 None 897 369 68 110 None 989 438 79 71 None 987 445 85 123 None
114700.jpg r_spike 910 482 55 125 None 855 427 52 128 None 893 385 69 116 None 719 408 77 161 spiking 735 380 52 122 None 635 459 103 111 None 574 400 54 167 blocking 580 390 49 154 blocking 570 375 54 161 blocking 292 377 58 111 None 222 506 72 122 None 1 438 63 110 None
56815.jpg l-spike 1055 382 58 112 None 965 503 72 116 None 773 472 104 120 None 675 290 44 174 blocking 561 281 90 133 spiking 571 402 57 127 None 558 472 55 161 None 481 397 69 98 None 375 397 55 133 None 298 439 59 124 None
56700.jpg r_set 183 419 43 133 None 363 408 52 108 None 294 476 48 137 None 587 452 43 148 None 587 415 51 117 None 719 455 52 136 None 665 421 44 128 digging 869 485 103 127 None 1003 356 97 99 None 988 389 37 114 None 987 450 88 94 None 600 404 41 165 blocking
96865.jpg l-pass 1107 428 80 142 None 1100 361 58 102 None 958 459 71 122 None 893 513 100 141 None 830 389 51 117 None 769 460 34 172 blocking 726 436 82 153 blocking 561 404 75 95 None 430 410 76 122 digging 366 526 79 116 digging 159 447 74 109 None
64600.jpg r_set 1090 444 90 111 None 1057 454 33 129 None 951 383 71 105 None 915 565 80 122 None 756 407 41 165 setting 757 430 58 152 None 529 438 56 118 None 338 509 54 122 None 656 509 60 124 None 688 418 28 193 blocking 204 450 60 126 None
64620.jpg r_spike 1109 485 52 119 None 996 429 52 127 None 311 457 52 117 None 577 441 72 94 None 409 519 50 105 digging 767 456 45 178 blocking 751 412 43 113 None 930 373 68 127 None 859 455 45 139 None 850 474 74 145 spiking
62725.jpg r-pass 885 501 52 134 None 896 454 51 102 None 865 406 52 99 digging 762 379 49 114 None 691 350 43 123 None 518 397 57 133 None 424 454 69 151 None 404 417 43 128 None 230 425 34 130 None 116 440 72 133 None 79 464 51 125 None 444 400 60 139 blocking
102020.jpg r-pass 1016 461 68 122 None 932 406 52 99 digging 880 375 60 105 None 806 455 55 131 None 750 366 58 142 setting 702 370 41 119 None 576 399 46 136 None 513 405 72 85 None 496 356 82 117 None 344 438 58 144 None 268 395 46 123 None 366 409 55 110 None
64450.jpg r-pass 784 468 57 77 digging 756 391 49 111 None 910 489 60 55 None 880 489 74 130 None 535 533 79 110 None 583 494 77 145 None 479 444 30 157 None 430 445 54 140 None 410 408 37 122 None 299 503 44 124 None 121 430 62 112 None 12 461 53 137 None
93585.jpg l-pass 311 475 55 117 None 391 483 49 136 None 458 444 40 90 None 437 378 86 96 None 658 436 46 131 None 935 445 51 147 None 931 419 32 125 None 777 351 58 124 None 875 393 70 111 None 734 444 46 119 None 752 408 70 135 None 655 425 44 124 None
62895.jpg r_spike 115 463 58 131 None 210 504 66 125 None 314 391 52 102 None 708 308 43 173 blocking 1150 397 54 125 None 1037 478 60 131 None 819 293 52 144 spiking 914 405 71 100 None 866 475 54 127 None 791 423 79 116 None
51665.jpg l-pass 1075 452 42 125 None 906 439 46 132 None 851 422 61 132 None 876 402 37 137 None 745 462 60 120 None 527 485 58 144 None 344 498 75 90 digging 413 448 49 92 digging 415 374 46 120 None 163 476 53 156 None
114530.jpg l-pass 1134 439 29 129 None 931 469 43 141 None 933 428 52 161 blocking 946 416 43 123 None 843 484 73 138 None 613 520 82 156 None 566 505 62 138 None 489 428 54 109 digging 432 454 56 107 digging 391 471 46 142 None
51820.jpg r_set 88 430 44 130 None 178 469 66 144 None 220 386 49 116 None 562 487 44 130 None 564 438 43 133 None 570 396 41 125 None 952 545 102 122 None 892 419 96 120 None 957 347 54 105 None 710 462 53 148 None 838 329 49 161 setting 933 466 40 134 None
114660.jpg r_set 755 506 59 134 digging 615 357 61 125 None 706 401 60 117 None 701 368 42 110 None 593 562 58 149 None 344 439 47 142 None 242 412 37 134 None 258 427 26 145 None 238 468 48 144 None 0 383 56 127 None
64385.jpg l_set 528 373 48 147 setting 562 345 46 87 None 676 408 47 136 None 318 456 76 119 None 430 496 67 130 None 431 516 92 150 None 840 475 45 120 None 815 425 45 138 None 833 388 54 100 None 1141 489 58 146 None 1105 397 57 119 None
56745.jpg l-pass 545 376 51 159 setting 666 477 69 136 None 757 390 52 116 None 845 434 60 133 None 947 509 55 131 None 1208 469 71 134 None 1236 393 43 116 None 1063 406 54 134 None 1047 444 35 131 None 1033 541 54 150 None 953 484 50 125 None
52925.jpg r_spike 984 402 57 116 None 830 318 85 124 spiking 826 430 56 116 None 775 505 61 135 None 726 393 51 120 None 712 396 72 124 None 582 467 88 131 None 663 395 37 135 None 664 357 35 128 blocking 433 393 53 98 None 349 457 96 147 None 202 444 82 110 None
56910.jpg l-pass 1015 347 47 126 None 989 415 35 135 None 920 495 73 146 None 897 404 58 122 None 770 464 90 114 None 826 386 41 116 None 781 374 79 107 None 609 485 56 86 None 585 399 80 105 None 425 432 54 111 None 970 382 52 122 None
81960.jpg r_spike 993 389 50 118 None 935 471 58 135 None 793 416 69 180 spiking 790 443 77 114 None 781 389 41 114 None 675 407 54 188 blocking 677 395 52 165 blocking 515 399 56 96 None 345 399 84 103 None 337 512 58 131 None 69 456 69 111 None
96915.jpg l_set 1091 491 82 118 None 1124 451 81 126 None 1114 388 42 119 None 844 379 51 105 None 798 419 56 111 None 810 500 52 133 None 666 463 54 143 None 605 391 47 164 setting 486 385 76 115 None 464 371 66 82 None 361 440 62 120 None 499 541 91 131 None
51725.jpg l-spike 1082 516 89 110 None 980 403 72 107 digging 1137 438 70 117 None 681 421 39 176 blocking 681 422 39 160 blocking 705 401 52 106 None 575 403 59 189 spiking 484 445 57 117 None 447 343 60 106 None 390 502 46 127 None 295 470 47 157 None 174 415 64 122 None
52845.jpg r-pass 901 501 53 130 None 875 431 52 85 digging 784 419 65 96 digging 466 432 57 144 blocking 522 370 56 109 None 486 378 55 130 None 419 467 40 129 None 375 438 55 144 None 346 494 75 147 None 344 355 47 117 None 248 443 67 115 None 197 420 80 115 None
96110.jpg l_set 907 465 67 135 None 883 393 50 122 None 846 360 62 119 None 636 460 39 132 None 654 402 48 124 None 644 348 37 125 None 533 373 44 115 None 464 468 85 57 None 330 485 92 138 None 390 413 62 121 digging 382 354 72 82 None 136 424 47 140 None
56670.jpg r-pass 1067 374 62 119 None 944 458 56 102 None 875 414 79 95 None 873 487 72 119 None 720 485 82 137 None 569 394 45 117 None 467 439 50 149 None 485 428 47 140 None 494 399 37 132 blocking 290 395 27 129 None 252 462 65 130 None 25 403 45 109 None
64495.jpg r_set 1054 454 38 135 None 958 375 63 119 None 876 458 77 116 None 934 570 96 132 None 813 581 102 74 None 737 400 47 176 setting 550 454 51 145 None 551 441 53 138 None 555 420 34 141 None 175 518 53 132 None 189 411 40 119 None 22 462 68 138 None
93530.jpg l-pass 417 450 58 112 digging 466 390 49 103 None 514 465 61 127 None 683 493 81 114 None 821 339 65 147 None 836 368 47 119 None 1152 413 43 121 None 1062 447 70 128 None 972 429 46 114 None 901 375 58 110 None 901 410 51 128 None 923 480 79 131 None
57025.jpg r_spike 1061 385 56 111 None 893 391 62 114 None 850 406 54 114 None 803 459 69 154 None 759 427 52 135 None 846 265 45 152 spiking 679 309 58 167 blocking 690 294 37 141 blocking 599 435 52 141 None 340 476 73 107 digging 318 370 56 90 None 197 433 62 126 None
96005.jpg r-pass 768 367 58 115 digging 785 383 52 128 None 886 399 62 110 None 849 504 70 144 None 644 380 40 116 None 557 408 49 119 None 495 466 45 136 None 465 375 47 115 None 384 443 87 130 None 269 401 37 120 None 137 426 42 117 None 1111 389 42 128 None
96065.jpg r_spike 738 505 69 148 None 782 439 65 109 None 885 382 33 118 None 821 334 48 124 None 649 409 65 118 None 667 259 60 169 spiking 586 306 37 169 blocking 588 278 50 184 blocking 532 462 90 131 None 283 479 64 120 None 159 439 62 122 None 302 382 50 107 None
93460.jpg r-pass 769 465 46 97 digging 781 472 54 77 None 786 504 57 129 None 538 380 69 120 None 533 480 76 150 None 403 446 59 119 None 298 464 32 135 None 194 448 44 136 None 73 434 51 119 None 259 465 34 141 None 1220 537 54 112 None
114590.jpg l-spike 432 347 69 122 spiking 502 372 62 87 None 550 401 53 137 None 507 448 92 123 None 474 492 61 147 None 159 413 57 110 None 663 380 39 92 None 653 481 39 134 None 913 394 61 91 None 1021 430 72 116 None 993 471 46 110 None 633 378 55 169 blocking
60590.jpg l-pass 503 435 72 82 digging 620 385 70 112 None 466 494 85 119 None 362 462 55 112 None 791 435 40 137 None 749 454 60 128 None 895 373 65 115 None 885 489 55 150 None 844 427 34 128 None 844 487 43 107 None 1065 415 58 127 None 1199 481 45 130 None
64350.jpg l-pass 472 453 43 148 setting 570 484 71 148 None 615 378 51 122 None 605 433 72 131 None 1008 381 65 117 None 1063 506 66 137 None 897 414 89 122 None 831 454 92 144 None 1197 435 32 120 None 1183 458 94 128 None 430 434 48 116 None 319 468 54 122 None
81925.jpg r_set 713 424 45 129 setting 838 362 73 112 None 774 492 54 94 None 758 534 71 116 None 551 347 39 122 None 493 383 43 120 None 48 438 73 118 None 151 462 60 131 None 222 427 62 126 None 386 367 43 120 None 403 458 60 143 None 423 431 37 139 None
52715.jpg l-spike 1097 507 74 121 None 1003 407 55 118 None 758 365 48 158 blocking 753 347 39 175 blocking 658 429 51 125 None 572 340 84 140 spiking 440 428 77 100 None 398 478 70 132 None 410 456 48 119 None 172 469 46 133 None
56835.jpg r-pass 917 478 77 113 None 795 373 41 117 None 685 487 86 117 None 517 460 105 131 setting 423 374 75 102 None 426 357 27 105 None 374 359 38 105 None 321 449 75 131 None 292 410 96 105 None 271 381 29 119 None 104 415 54 122 None
62785.jpg r_spike 1010 478 47 132 None 819 356 51 119 None 772 367 57 133 None 822 413 71 125 None 850 391 123 141 spiking 811 513 52 130 None 644 385 42 108 None 687 345 29 159 blocking 655 402 63 181 blocking 359 432 41 91 None 265 458 55 111 None 322 516 59 115 None
52810.jpg l_set 1084 479 52 134 None 1015 396 59 118 digging 844 428 54 127 None 791 448 46 157 blocking 806 418 40 124 None 708 415 52 167 setting 716 432 44 130 None 593 366 57 95 None 540 440 49 125 None 327 493 96 126 None 384 436 60 115 None 1152 432 69 104 None
114785.jpg l-spike 1067 420 82 110 None 1003 507 59 112 None 926 391 77 92 None 633 439 35 177 blocking 645 396 54 122 None 436 458 62 116 None 448 436 77 148 None 485 419 61 127 None 507 367 65 104 None 436 413 66 132 None 73 456 95 116 None
52765.jpg r_set 493 387 48 153 setting 608 474 66 120 None 613 427 79 116 None 926 453 85 119 None 787 377 92 105 None 811 438 44 83 None 419 371 48 199 blocking 398 474 37 141 None 247 440 44 119 None 148 472 55 150 None
56890.jpg r_spike 758 317 82 161 spiking 936 357 48 113 None 893 422 68 120 None 809 504 78 138 None 658 322 75 173 blocking 653 458 41 130 None 479 419 46 103 None 452 467 60 113 None 249 438 55 114 None 1171 480 75 133 None 749 367 48 134 setting
101895.jpg l-pass 421 501 57 122 digging 443 384 42 119 None 466 501 59 148 None 407 467 42 122 None 190 492 66 150 None 769 485 57 134 None 876 399 30 95 None 867 448 37 130 None 851 472 57 134 None 1070 407 57 130 None 1155 487 37 134 None
96940.jpg l-spike 1038 455 71 116 None 925 371 58 111 None 1001 490 48 122 None 663 496 79 126 None 644 351 39 169 blocking 643 324 24 158 blocking 547 464 60 120 None 504 495 54 158 None 454 480 75 103 None 460 434 33 88 None 478 397 73 111 digging 497 318 73 101 spiking
96080.jpg l-pass 971 399 45 111 None 897 353 45 111 None 862 453 94 141 None 817 489 48 143 None 800 406 48 122 None 746 342 54 124 None 476 415 80 79 None 263 434 54 122 None 391 464 88 120 None 591 466 84 114 digging 671 353 54 126 None
93635.jpg r-pass 857 383 55 123 setting 799 438 52 137 None 756 474 61 141 None 728 385 79 97 None 559 424 66 133 None 552 370 61 111 None 411 461 54 139 None 375 433 74 123 None 415 373 49 116 None 233 458 74 134 None 206 438 60 105 None 212 408 51 113 None
96995.jpg r-pass 955 356 74 107 None 907 432 55 114 None 848 457 57 125 None 773 519 73 141 None 608 442 109 54 None 635 350 54 110 None 475 471 64 142 None 495 424 33 122 None 504 391 23 106 None 289 384 59 122 None 190 474 93 132 None 128 420 65 133 None
56965.jpg r-pass 868 404 54 120 None 791 414 69 126 None 730 472 92 141 None 765 367 56 99 digging 525 443 111 135 None 478 373 62 116 None 390 448 43 143 None 392 400 45 129 None 381 367 35 124 None 218 405 37 124 None 108 513 71 141 None 51 435 47 141 None
51845.jpg r_spike 1024 411 73 131 None 981 469 50 131 None 857 500 64 133 None 857 426 96 126 None 823 438 50 122 None 906 292 39 137 spiking 602 477 103 116 None 343 469 90 133 None 342 390 35 90 None 258 440 52 118 None 722 311 37 201 blocking
81900.jpg r-pass 706 503 77 95 digging 617 469 58 130 None 694 358 56 116 None 756 456 63 104 None 435 375 44 133 None 424 356 30 119 blocking 324 462 62 151 None 349 439 60 123 None 301 403 53 109 None 185 453 81 135 None 73 412 39 123 None 368 370 37 111 None
102005.jpg l-spike 1011 476 53 103 None 984 393 50 122 None 925 386 46 106 None 769 450 77 125 None 709 393 62 117 None 690 371 63 123 None 615 403 44 136 None 593 425 47 63 None 511 354 63 111 None 444 342 45 148 setting 380 439 75 143 None 320 401 60 114 None
52740.jpg r-pass 157 465 71 141 None 238 429 38 123 None 273 468 40 120 None 393 417 37 134 None 896 449 69 113 None 751 405 75 144 setting 664 403 80 110 None 476 414 60 110 None 454 395 35 114 None 445 452 48 83 None 385 408 44 119 None
96955.jpg r-pass 853 447 54 116 None 791 464 48 99 None 737 363 48 122 None 529 496 92 116 None 448 340 30 150 blocking 442 325 58 156 blocking 370 352 64 114 None 329 495 71 141 None 356 447 58 135 None 316 408 45 107 None 254 464 77 128 None 250 425 69 118 None
52605.jpg l-pass 952 458 46 134 None 916 428 60 130 None 946 406 32 123 None 814 465 55 120 None 609 484 55 144 None 497 453 54 88 None 433 459 46 127 None 228 481 58 158 None 446 445 60 80 None 1145 440 35 139 None
60550.jpg r_set 1070 495 73 129 None 885 452 92 107 None 861 511 73 124 None 695 433 65 122 None 643 384 47 148 setting 514 466 58 150 None 540 390 33 156 blocking 519 414 28 97 None 239 509 56 124 None 118 447 47 122 None 161 423 50 118 None 783 370 71 97 None
81885.jpg l-spike 902 486 83 117 None 900 456 43 104 None 820 366 60 113 None 657 475 58 138 None 567 345 41 191 blocking 553 296 39 157 blocking 470 295 66 136 spiking 477 448 51 115 None 428 477 70 157 None 399 440 53 136 None 408 410 34 128 None 187 406 47 115 None
57000.jpg r_set 826 499 118 133 None 858 422 97 105 None 862 352 58 91 None 913 377 41 121 None 622 440 56 126 None 640 314 49 135 setting 486 421 56 154 None 490 401 56 132 blocking 488 377 58 135 None 183 481 63 126 None 218 386 44 114 None 79 432 56 123 None
101975.jpg l-pass 1096 422 74 133 None 1067 491 49 116 None 991 387 51 112 None 759 445 49 138 None 767 421 63 147 None 775 358 51 133 None 678 426 49 112 None 638 382 61 79 None 558 412 118 109 digging 575 423 59 132 None 500 469 66 144 None 412 427 75 87 None
51710.jpg l_set 322 514 67 143 None 279 447 47 97 None 456 337 62 97 None 616 503 67 146 None 567 408 39 167 setting 528 423 39 120 None 1120 392 54 128 None 1204 515 73 114 None 1234 447 43 116 None 803 492 54 133 None 811 431 45 118 None 805 404 67 112 None
51855.jpg l-pass 1125 409 33 135 None 1082 477 71 128 None 937 495 65 129 None 1004 445 82 116 None 938 431 65 139 None 930 367 92 112 None 839 314 52 163 blocking 818 310 73 158 blocking 717 480 80 116 None 489 468 73 131 None 429 439 47 116 None 481 389 41 86 None
101935.jpg l_set 1125 446 53 117 None 1038 500 55 113 None 983 401 49 104 None 715 455 53 136 blocking 721 405 54 143 blocking 738 376 37 107 None 627 355 58 171 setting 559 400 37 175 None 460 345 94 106 None 358 427 97 104 None 320 399 63 110 None 259 508 128 135 None
56785.jpg l_set 1252 401 34 133 None 922 488 59 141 None 914 422 59 124 None 920 405 68 125 None 779 466 49 160 None 618 544 72 159 None 646 360 41 79 None 632 384 38 117 None 617 396 42 167 setting 510 420 58 128 None
52905.jpg r_set 190 440 54 118 None 295 470 88 135 None 450 407 50 105 None 575 469 45 133 None 589 406 35 133 None 597 387 26 131 blocking 645 340 39 154 setting 695 416 69 111 None 861 545 101 129 None 863 545 101 128 None 926 435 103 111 None 941 365 69 88 None
60570.jpg r_spike 1176 488 64 136 None 821 415 68 132 None 886 391 62 136 setting 907 412 41 115 None 823 358 68 123 setting 865 480 62 157 None 401 508 60 120 None 448 410 65 109 None 303 455 53 111 None 667 396 64 111 None 742 382 24 177 blocking 699 386 58 198 blocking
62770.jpg r_set 911 470 48 132 None 861 426 118 123 None 824 549 63 121 None 797 365 70 98 None 693 364 42 156 None 658 359 51 156 setting 517 466 55 142 None 528 420 48 111 None 517 403 42 109 None 187 411 58 119 None 184 506 56 130 None 108 474 69 100 None
56880.jpg r_set 714 312 52 155 setting 768 392 51 126 None 958 449 113 110 None 994 362 79 97 None 831 503 82 142 None 1171 476 59 148 None 651 373 37 157 None 615 436 66 150 None 475 419 43 108 None 422 464 59 112 digging 227 436 55 120 None
81820.jpg l-pass 1121 424 40 128 None 1031 391 32 137 None 948 451 69 131 None 882 457 61 142 None 905 416 48 128 None 764 448 58 127 None 795 460 69 114 None 650 489 71 139 None 545 471 88 136 None 537 442 55 96 digging 354 433 46 123 None
96815.jpg r_set 646 355 80 103 None 673 328 47 139 setting 915 345 60 109 None 882 413 76 115 None 851 444 64 105 None 886 534 86 135 None 478 418 45 131 None 459 453 64 141 None 204 404 60 111 None 153 508 94 121 None 39 445 58 135 None 473 391 58 92 None
96780.jpg r-pass 982 342 46 122 None 828 436 52 107 None 769 478 60 125 None 695 415 60 86 digging 626 358 41 122 None 464 406 47 120 None 382 435 50 165 blocking 385 437 32 139 None 372 405 27 126 None 126 475 57 137 None 1 440 60 137 None 25 401 52 113 None
64420.jpg l-spike 498 465 77 111 None 471 456 75 145 spiking 453 384 61 122 None 388 497 45 129 None 270 447 75 108 None 164 470 61 125 None 606 412 47 190 blocking 729 408 80 96 None 842 417 68 92 None 1129 464 72 88 digging 1016 527 71 130 None
81860.jpg l_set 1116 491 53 132 None 1011 439 47 112 None 913 391 72 127 None 715 471 55 127 None 709 393 38 170 blocking 704 385 57 130 None 602 388 60 163 setting 575 425 41 128 None 494 386 71 84 None 351 524 75 132 None 288 436 80 108 None 299 392 42 111 None
93610.jpg l_set 679 423 69 158 setting 702 397 51 149 None 844 413 38 137 None 817 364 52 131 None 915 425 47 175 None 541 365 80 104 None 571 462 44 149 None 526 461 58 94 None 405 454 81 103 None 1047 427 41 114 None 1028 458 44 139 None 990 366 66 159 None
102065.jpg r_set 806 528 86 122 None 834 441 31 122 None 792 378 57 119 None 685 342 48 158 setting 686 328 59 88 None 607 362 43 122 None 128 461 49 137 None 116 401 68 99 digging 0 440 83 119 None 444 388 52 141 None 451 409 49 92 None 425 461 43 130 None
56945.jpg l-spike 1222 441 55 107 None 1033 371 92 121 None 1043 416 85 125 None 999 464 49 139 None 812 418 60 149 blocking 861 373 72 114 None 658 470 79 154 None 726 375 60 131 None 704 356 47 126 None 423 430 45 148 None 530 425 45 150 spiking 551 384 32 125 None
81705.jpg r-pass 855 509 65 124 None 959 408 60 103 None 1054 516 60 105 digging 1100 467 77 118 None 1163 335 33 128 None 662 451 43 112 None 533 443 30 135 None 571 404 30 120 None 576 441 30 135 None 313 472 35 137 None 352 381 45 120 None
114765.jpg l_set 1162 423 73 120 None 1119 481 56 111 None 1099 385 52 105 None 779 467 52 118 None 770 424 56 114 None 775 384 54 109 None 607 391 52 161 setting 589 432 41 131 None 490 373 94 94 None 372 419 97 111 None 441 517 79 126 None 131 446 60 122 None
51675.jpg l-pass 1205 454 38 137 None 978 392 38 108 None 949 415 52 136 None 990 442 35 137 None 838 462 57 111 None 621 475 71 137 None 512 416 58 113 None 507 350 51 114 None 410 491 75 58 None 257 490 71 156 None
114575.jpg l_set 1151 440 56 120 None 1106 488 62 111 None 1007 386 54 97 None 765 464 52 122 None 760 422 62 139 None 763 380 54 116 None 646 366 54 161 setting 583 414 50 165 None 410 519 90 141 None 398 411 88 122 None 463 368 48 97 None 230 437 62 79 None
60520.jpg r-pass 1063 448 51 127 None 967 495 62 107 digging 880 466 77 142 setting 864 397 51 103 None 786 453 58 117 None 558 424 67 111 None 480 468 45 156 blocking 452 435 37 117 None 479 426 51 153 blocking 271 476 43 133 None 120 453 85 131 None 11 495 78 146 None
93515.jpg r_spike 1000 406 41 117 None 909 438 55 127 None 779 493 65 134 None 799 415 34 106 None 731 417 48 127 None 772 307 52 120 spiking 653 330 58 173 blocking 679 303 48 147 blocking 575 488 85 125 None 361 482 69 119 None 317 405 69 82 digging 230 462 65 106 None
93490.jpg r_set 30 467 65 103 None 137 508 83 122 None 163 429 63 82 None 448 464 67 134 None 565 365 63 147 setting 619 432 66 125 None 485 423 37 120 None 471 400 47 119 None 811 530 61 132 None 885 442 74 115 None 954 414 67 107 None 732 363 47 94 None
56725.jpg r_spike 1100 419 50 120 None 997 359 50 116 None 979 453 60 120 None 823 401 66 186 spiking 796 457 47 129 None 806 418 45 129 None 737 410 50 186 blocking 740 407 48 156 blocking 676 446 54 124 None 541 403 64 101 None 352 523 62 111 None 320 437 56 109 None
81745.jpg r_set 902 337 48 120 None 783 410 45 118 None 892 485 52 165 setting 931 546 73 143 None 677 479 54 156 None 613 462 60 122 None 383 471 64 148 None 402 455 30 141 None 393 423 39 116 None 76 393 58 107 None 18 505 67 137 None
47850.jpg r_winpoint 567 354 54 156 None 345 366 30 120 None 300 504 60 145 None 231 427 47 135 None 584 286 36 102 None 837 365 57 138 None 1049 373 49 127 None 1074 429 64 135 None 977 354 57 126 None 790 380 42 135 None 801 406 51 141 None 591 331 48 131 None
32265.jpg l_winpoint 728 441 95 144 None 499 406 72 143 None 666 348 61 126 None 1044 348 46 139 None 1022 322 67 141 blocking 1146 382 57 127 None 1178 374 40 87 None 1176 430 72 143 None
51885.jpg r_winpoint 819 448 52 136 None 530 418 49 129 None 574 441 46 149 None 610 370 48 106 None 935 363 33 125 None 929 329 59 103 None 1104 471 54 138 None 1192 416 49 141 None 1072 414 50 145 None 1051 393 36 137 None 1155 406 50 123 None 1234 455 43 134 None
37335.jpg r_winpoint 580 484 91 70 None 684 459 46 135 None 683 387 47 118 None 839 379 51 120 None 887 463 65 141 None 955 432 67 137 None 1041 470 48 140 None 1047 430 46 133 None 1094 481 119 155 None 1155 385 37 135 None 1248 427 29 137 None
40755.jpg r_winpoint 43 449 74 134 None 528 317 55 84 None 480 349 41 103 None 463 381 48 134 None 316 415 37 100 None 330 469 59 147 None 876 460 72 128 None 897 372 53 115 None 955 422 75 133 None 701 376 74 122 None 700 392 32 123 None 648 437 94 136 None
38025.jpg r_winpoint 498 438 65 128 None 592 352 53 123 None 624 396 56 131 None 642 414 42 139 None 694 415 81 137 None 734 362 58 131 None 1023 380 119 140 None 1150 379 107 119 None 1168 463 72 139 None 1034 564 55 147 None 1073 528 80 159 None
42960.jpg l_winpoint 849 481 51 141 None 802 421 56 137 None 648 398 61 126 None 572 393 60 137 None 506 466 70 142 None 433 530 64 143 None 289 489 61 147 None 290 414 64 140 None 249 477 48 130 None 241 423 47 132 None 167 523 100 109 None
38745.jpg r_winpoint 1009 382 93 145 None 1009 335 38 129 None 938 369 47 128 None 942 325 54 128 None 914 311 62 108 None 1204 345 60 172 None 733 363 82 129 None 714 340 71 115 None 623 398 55 141 None 623 358 55 119 None 502 371 42 121 None 378 389 53 127 None
36810.jpg l_winpoint 1100 401 68 136 None 1059 365 53 129 None 1033 484 65 154 None 1013 468 44 136 None 1010 456 58 141 None 890 419 69 169 None 915 413 59 142 None 833 374 48 116 None 672 448 84 127 None 591 412 67 142 None 657 372 79 131 None
43755.jpg l_winpoint 1081 442 69 142 None 1081 378 62 132 None 1016 403 51 138 None 1041 374 39 125 None 991 471 48 135 None 950 482 46 163 None 896 490 56 155 None 880 386 57 139 None 658 442 86 116 None 625 445 55 187 None 557 416 60 131 None
