54685.jpg r-pass 907 371 48 116 None 856 327 44 117 setting 823 422 69 100 None 626 428 100 137 None 503 319 35 140 None 517 300 22 118 None 379 425 54 153 None 397 365 35 117 None 417 319 50 110 None 291 364 54 106 None 235 385 68 134 None 137 382 60 138 None
51710.jpg l-pass 1126 464 52 152 None 1020 412 45 111 None 924 450 52 156 None 909 353 64 113 None 850 392 62 127 None 772 373 62 127 None 806 322 45 139 blocking 616 440 64 117 None 383 469 54 125 None 412 382 58 88 None 302 413 52 131 None
48225.jpg r_spike 914 482 123 135 None 969 438 49 56 None 885 338 43 133 None 614 441 70 180 spiking 654 410 39 137 None 544 408 50 197 blocking 480 381 54 123 None 251 478 96 135 None 132 424 64 123 None 296 403 47 105 None
58390.jpg r_spike 959 398 49 137 None 955 373 58 110 None 825 272 55 149 spiking 772 422 64 170 None 708 378 50 133 None 742 398 51 89 None 645 280 49 184 blocking 503 404 65 137 None 311 354 64 109 None 104 400 62 134 None 281 485 82 102 None
54780.jpg r_spike 909 455 67 135 None 903 346 41 116 None 862 382 48 114 None 730 298 39 135 spiking 734 434 48 143 None 636 385 48 114 None 560 304 60 156 blocking 440 412 58 122 None 238 367 54 97 None 182 477 82 96 digging 31 397 54 129 None
76330.jpg r_set 835 340 83 177 setting 928 427 79 175 None 889 497 91 163 None 921 371 53 116 None 726 378 58 184 None 539 459 42 158 None 564 363 58 105 None 566 413 41 139 None 257 357 55 111 None 124 392 63 135 None 178 429 60 168 None
48380.jpg r_set 959 489 62 143 digging 950 384 50 123 None 986 338 58 137 None 747 482 54 172 None 670 388 44 127 None 631 433 47 146 None 480 448 62 154 None 485 403 35 143 None 502 381 39 143 None 168 371 60 113 None 126 459 90 156 None
48105.jpg l-pass 1194 439 64 113 None 953 401 36 106 None 926 476 53 98 None 806 421 37 100 None 758 438 42 132 blocking 766 424 38 101 None 671 454 47 105 None 561 409 41 101 None 464 383 37 96 None 443 512 45 142 None 362 484 46 111 digging 388 449 52 88 None
60720.jpg r-pass 937 371 40 146 None 813 362 68 156 digging 636 336 58 117 None 566 382 67 145 None 471 331 54 134 None 510 310 48 121 None 382 399 37 163 None 288 381 77 114 None 390 362 44 110 None 401 329 39 138 None 132 350 60 128 None 149 329 68 123 None
60380.jpg l-pass 1231 412 46 145 None 1049 480 63 128 None 942 481 58 144 None 839 368 63 136 None 795 438 89 162 None 735 382 32 227 blocking 510 371 102 117 None 354 385 108 108 None 281 492 77 139 None 206 402 75 127 digging 674 382 91 162 blocking
54620.jpg l-pass 1220 378 58 103 None 1176 399 45 139 None 929 433 56 131 None 791 373 52 137 None 748 348 47 133 None 721 359 35 135 None 623 434 58 117 None 451 353 47 113 None 401 392 49 137 None 265 494 70 170 None 225 406 56 127 None 512 392 65 75 None
86575.jpg r_spike 991 450 48 126 None 937 381 60 104 None 852 336 53 111 setting 783 452 68 137 None 753 332 50 116 None 636 376 44 167 blocking 588 352 64 99 None 324 379 74 88 None 178 432 55 111 None 223 464 104 113 None 648 347 29 150 None 858 404 60 88 None
76290.jpg r-pass 966 395 73 122 None 797 486 97 94 None 837 379 67 103 None 677 404 60 109 None 548 461 60 143 None 576 431 73 141 None 458 402 50 137 None 467 367 30 139 None 379 543 62 137 None 332 445 52 158 None 306 399 43 122 None 228 415 65 146 None
48145.jpg l_set 984 494 56 120 None 1110 421 39 117 None 942 381 42 105 None 715 378 29 86 None 699 427 40 74 None 704 464 40 93 None 371 513 78 154 None 525 390 43 140 setting 545 363 53 142 spiking 362 457 40 112 None 382 429 37 85 None 486 362 40 82 None
58555.jpg r_set 888 291 69 117 None 896 479 88 201 None 748 343 60 128 None 801 383 54 133 digging 612 340 42 166 None 497 333 50 109 None 501 361 54 141 None 493 407 55 156 None 202 320 67 131 None 118 421 67 148 None 1037 353 88 139 None
54670.jpg l-spike 1023 385 56 140 None 906 375 58 98 None 591 466 116 140 None 578 349 44 144 None 598 340 35 144 None 405 287 100 135 spiking 465 378 35 139 None 377 459 58 179 None 345 422 88 128 None 352 389 81 95 None 157 432 81 144 None
58470.jpg l_set 1048 375 72 133 None 889 333 46 121 None 877 446 63 133 None 606 406 49 158 None 587 331 49 137 None 597 312 39 133 None 507 282 44 154 setting 420 338 63 147 None 358 307 60 104 None 86 352 105 135 None 177 474 97 175 None 171 310 39 116 None
54735.jpg r_set 868 435 42 161 digging 809 486 81 175 None 910 364 63 123 None 826 394 74 53 None 654 303 63 116 None 487 353 44 147 None 81 345 44 116 None 361 343 37 105 None 360 380 39 97 None 361 415 44 144 None 4 448 60 128 None
51625.jpg r-pass 1071 370 41 126 None 967 424 48 125 None 886 405 55 91 None 609 401 44 102 None 738 445 65 149 None 277 394 77 89 None 153 491 70 109 None 490 434 46 141 None 497 408 37 131 None 486 387 43 124 None 2 432 58 141 None 927 450 65 141 digging
26065.jpg l_set 1166 420 65 143 None 1035 378 48 124 None 994 466 58 137 None 702 354 52 122 None 700 406 48 114 None 705 456 58 156 None 493 378 60 154 None 450 348 45 184 setting 436 350 65 105 None 385 345 39 129 None 191 405 62 143 None 89 489 93 176 None
58335.jpg r-pass 880 412 58 139 None 791 444 75 161 None 634 398 61 147 None 893 381 51 92 digging 828 356 55 111 None 637 336 54 142 None 420 384 66 142 None 408 370 54 110 None 417 416 61 145 None 103 443 57 142 None 14 413 63 123 None 70 350 54 123 None
76190.jpg r_set 941 447 102 150 None 887 412 75 122 None 767 511 110 142 None 746 348 79 97 None 715 423 72 125 None 671 359 89 165 spiking 30 421 65 145 None 112 477 68 162 None 271 390 57 102 None 502 489 52 128 None 518 407 58 175 blocking 518 390 40 94 None
26180.jpg r_spike 786 288 72 149 spiking 873 429 81 104 None 820 441 67 149 None 712 380 81 142 None 740 307 37 107 None 611 361 44 133 None 642 312 37 175 spiking 33 432 71 133 None 240 458 102 137 digging 242 371 74 100 None 515 430 69 127 None 918 373 54 120 None
51835.jpg l-spike 1093 440 64 121 None 955 387 61 116 None 701 401 64 111 digging 676 388 50 109 None 659 413 50 99 None 440 311 62 134 spiking 583 435 54 109 None 562 452 44 111 None 484 440 51 92 digging 427 427 58 95 digging 0 436 52 120 None 1020 485 63 123 None
48575.jpg r_set 1080 320 70 135 None 1045 364 81 135 None 987 432 60 151 None 763 488 109 189 None 825 469 65 182 None 733 340 51 179 setting 546 354 51 121 None 529 409 48 116 None 529 423 58 149 None 299 339 46 135 None 140 469 77 126 None 34 382 60 148 None
60480.jpg l-pass 1035 432 83 136 None 1102 384 85 139 None 862 357 77 111 None 648 334 35 113 None 639 364 51 116 None 662 395 52 144 None 518 378 58 145 None 482 418 52 150 None 281 342 48 134 digging 73 381 48 147 None 233 375 71 141 None 293 472 79 137 None
26105.jpg r-pass 942 450 76 135 None 922 350 60 135 digging 784 358 72 105 None 638 329 82 123 None 508 429 39 158 None 521 417 37 123 None 98 442 54 133 None 230 418 60 120 None 301 393 51 121 None 333 464 92 128 None 412 383 71 134 None 388 350 74 120 None
48530.jpg r-pass 581 458 62 97 digging 916 354 48 133 None 908 317 39 134 None 566 357 43 117 None 754 464 74 133 None 461 427 35 152 None 11 446 84 140 None 128 368 75 138 None 389 417 51 162 None 357 316 44 131 None 290 386 71 149 None 356 422 75 107 None
76180.jpg r_set 950 441 101 141 None 812 519 111 170 None 907 409 74 111 None 726 342 66 99 None 617 374 50 162 setting 639 448 64 133 None 441 394 49 107 None 438 443 43 145 None 407 485 68 141 None 58 463 63 170 None 207 399 58 99 None
60300.jpg r-pass 103 454 41 132 None 24 361 49 125 None 395 425 46 137 None 367 390 49 109 None 388 397 60 130 None 847 387 56 107 None 811 424 46 132 None 734 471 60 158 None 616 390 53 133 None 633 359 42 112 None 780 347 57 134 digging
58515.jpg r-pass 927 361 49 140 None 686 333 42 133 digging 724 394 42 102 None 698 426 58 167 None 545 307 69 118 None 506 322 42 133 None 115 359 74 140 None 408 413 60 161 None 286 324 51 133 None 318 362 74 119 None 450 301 41 132 None 426 364 53 119 None
48425.jpg r_spike 454 396 74 116 None 171 486 118 123 None 281 379 63 100 None 143 415 56 125 None 602 385 63 191 blocking 975 478 79 147 None 908 357 65 137 None 972 413 49 147 None 721 418 58 135 None 800 412 44 126 None 584 409 55 159 None 789 429 103 164 spiking
51850.jpg r-pass 876 430 70 84 digging 811 454 70 99 None 586 370 65 119 None 496 382 37 127 None 513 350 28 96 None 326 399 42 120 None 395 404 50 142 None 420 394 40 126 None 281 345 40 120 None 249 376 46 120 None 803 353 49 110 digging
48295.jpg l_set 1015 506 77 134 None 1135 402 51 144 None 910 345 57 137 None 691 371 32 127 None 667 480 48 187 None 219 407 43 154 None 307 382 86 117 None 437 438 44 145 None 247 514 97 176 None 434 357 55 173 setting 428 357 43 123 None 660 421 61 123 None
60785.jpg r_spike 1009 371 54 134 None 941 329 48 134 None 803 420 64 186 None 755 375 42 145 None 813 378 78 158 None 811 230 43 162 spiking 686 280 37 158 blocking 689 224 58 156 blocking 555 383 68 144 None 290 454 86 103 None 132 366 68 145 None 303 322 60 116 None
60695.jpg l-spike 1059 404 79 135 None 902 466 62 124 None 851 364 71 118 None 602 385 73 143 None 575 278 56 184 blocking 459 288 84 150 spiking 499 387 54 137 None 392 431 92 144 None 432 392 45 111 None 230 374 62 124 None 130 335 52 118 None
54650.jpg l_set 1116 401 49 145 None 1006 367 72 115 None 662 350 42 111 None 637 379 53 126 None 651 427 49 161 None 471 356 57 165 setting 113 415 76 153 None 213 505 96 180 None 420 357 42 130 None 377 336 53 103 None
60510.jpg r-pass 837 356 52 113 None 729 449 74 192 None 533 354 68 125 None 708 367 64 143 None 698 308 56 133 None 94 463 64 154 None 172 358 50 138 None 350 345 65 142 None 415 408 58 163 None 417 378 53 156 None 755 381 72 96 None
51695.jpg r_spike 1122 433 58 130 None 1049 466 87 142 None 899 457 54 170 None 991 392 88 104 None 778 396 43 128 None 944 275 49 156 spiking 704 312 62 164 blocking 564 440 65 133 None 339 379 51 92 None 217 429 50 115 None 291 492 83 92 digging
86515.jpg r-pass 938 528 72 103 digging 975 485 62 107 None 915 440 50 92 None 764 440 41 109 None 643 445 39 101 None 462 478 31 139 None 516 455 31 123 None 528 476 29 147 None 289 487 58 115 None 387 450 45 92 None 86 488 60 143 None 1066 444 75 110 None
86610.jpg r-pass 978 408 64 113 None 865 446 66 141 digging 809 378 45 119 None 773 354 70 121 None 688 471 82 133 None 696 392 64 115 None 618 389 39 131 None 601 411 37 154 None 556 357 54 115 None 189 406 47 135 None 321 463 52 127 None 338 380 43 92 None
48165.jpg l-spike 936 482 70 119 None 654 366 60 84 None 472 338 43 110 None 419 386 51 182 spiking 375 449 47 89 None 359 436 50 72 None 342 470 60 127 None 480 401 51 117 None 580 375 71 182 blocking 972 395 61 105 digging 842 371 74 103 digging
76335.jpg r_spike 857 491 125 164 None 955 430 96 172 None 867 375 76 166 setting 925 387 43 111 None 732 363 76 162 spiking 831 332 74 98 None 557 460 52 143 None 583 414 49 127 None 578 372 54 96 None 263 357 71 106 None 163 434 70 168 None 123 393 67 131 None
60425.jpg l_set 327 489 54 177 digging 605 518 99 186 None 882 392 43 170 None 656 312 47 114 None 518 345 55 141 None 384 370 65 145 None 1015 347 50 152 None 1015 376 36 172 None
51895.jpg r_set 1066 317 71 131 None 1008 345 61 131 None 1000 443 61 147 None 856 481 96 154 None 781 392 49 156 None 750 316 65 165 setting 521 350 49 130 None 535 378 46 148 None 523 419 38 156 None 194 454 68 139 None 240 337 60 119 None 14 379 55 147 None
73415.jpg r-pass 861 441 63 130 None 791 405 83 109 digging 724 487 77 128 None 701 413 42 132 None 732 375 51 102 None 560 464 74 130 None 657 399 30 104 None 620 408 60 112 None 367 393 71 103 None 329 450 51 151 None 941 399 49 100 digging 247 427 54 134 None
48445.jpg l-pass 1054 416 56 156 None 1013 464 54 156 None 978 362 43 144 None 912 459 90 156 None 911 419 56 137 None 824 409 54 150 None 362 375 79 109 None 557 374 60 135 None 689 449 52 158 None 642 455 90 154 None 422 448 67 146 None 248 399 45 146 None
73495.jpg r_spike 975 383 57 109 None 924 463 65 123 None 840 415 82 106 None 699 420 63 144 None 797 414 84 161 None 825 359 36 99 None 629 366 50 225 blocking 503 369 81 100 None 363 361 58 106 None 154 448 56 152 digging 122 438 68 114 None
51660.jpg r_set 1049 345 72 127 None 1015 506 133 162 None 1004 433 46 164 None 973 401 54 119 None 753 365 66 167 setting 696 426 69 162 None 509 385 46 134 None 521 407 44 144 None 509 440 49 151 None 275 376 89 111 None 154 508 80 119 digging 10 430 75 127 None
76265.jpg l-spike 1139 406 70 99 None 1021 373 78 109 None 716 379 68 115 None 622 381 52 188 blocking 628 371 58 164 blocking 515 399 47 131 None 295 348 68 209 spiking 293 412 60 147 None 338 407 49 129 None 381 537 92 176 None 1071 466 80 139 None 457 359 58 116 None
58490.jpg l-spike 954 372 48 131 None 788 333 41 112 None 733 417 94 124 None 573 406 71 152 None 499 257 48 180 blocking 392 247 62 146 spiking 424 360 43 143 None 303 432 77 171 None 240 321 45 120 None 170 372 60 135 None 417 343 47 101 None
48515.jpg l-spike 981 362 64 129 None 873 326 77 126 None 946 454 90 137 None 611 351 73 107 None 499 365 96 182 blocking 547 424 54 107 None 323 382 135 210 spiking 391 300 47 131 None 364 374 69 97 None 101 435 65 143 None 186 401 107 135 None 213 370 89 131 None
60365.jpg r_spike 1128 429 79 111 None 1049 449 97 137 None 888 455 83 145 None 715 413 61 142 None 801 351 52 116 None 753 404 94 167 spiking 605 376 60 212 blocking 412 370 85 110 digging 251 381 106 106 None 137 528 102 103 None 53 406 69 117 None
48325.jpg l-spike 902 499 70 119 None 927 402 82 119 digging 769 363 92 123 digging 611 386 94 99 None 512 392 78 186 blocking 317 428 105 174 None 403 406 60 148 None 401 347 50 115 None 202 461 66 141 None 273 440 72 107 None 266 406 74 115 None
73460.jpg r_set 891 404 58 165 setting 946 506 97 179 None 938 350 55 130 None 774 381 51 125 None 809 320 58 92 None 628 396 32 154 None 519 370 51 100 None 512 406 41 116 None 493 475 72 130 None 199 361 79 105 None 127 436 72 168 None 70 413 66 137 None
60325.jpg r_set 98 375 69 119 None 2 516 38 119 None 358 378 46 122 None 357 396 46 153 None 363 436 54 147 None 953 395 49 122 None 849 436 46 156 None 797 348 66 116 None 764 508 75 187 None 646 399 88 147 None 586 398 94 108 digging
48175.jpg r-pass 908 471 61 119 None 867 388 86 91 digging 777 367 79 102 None 625 381 80 83 None 546 396 79 164 None 536 436 46 145 None 442 395 85 119 None 399 454 49 144 None 434 342 58 110 None 289 461 54 134 None 309 419 60 96 None 316 452 49 79 None
48255.jpg l-pass 997 384 54 124 None 889 333 71 133 None 882 471 67 149 None 659 417 58 141 None 634 518 82 182 None 638 494 47 169 None 109 394 76 139 None 312 392 68 134 None 444 394 56 100 digging 445 499 103 160 None 381 442 65 148 None 436 462 86 149 None
48230.jpg r_spike 957 434 74 67 None 904 476 79 142 None 889 338 53 128 None 616 420 77 212 spiking 666 412 58 137 None 639 455 56 161 None 538 410 70 182 blocking 548 412 46 163 blocking 468 380 53 126 None 301 474 75 124 None 294 397 56 116 None 137 424 58 121 None
58425.jpg l-pass 1040 365 44 153 None 975 396 44 119 None 877 361 63 131 None 808 328 75 141 None 767 392 35 161 None 752 347 48 161 None 619 323 62 119 None 564 330 80 134 None 313 272 60 165 setting 447 421 72 131 None 411 421 75 153 None 132 339 48 128 None
26090.jpg l-spike 575 323 65 213 blocking 654 309 79 127 None 1028 388 61 106 None 981 449 85 122 None 492 364 40 123 None 450 330 52 99 None 369 357 63 120 None 285 378 82 156 None 165 421 74 122 None 285 401 77 108 None 871 340 74 100 None
26025.jpg l-pass 1178 423 43 121 None 994 457 43 117 None 870 394 43 113 None 828 378 39 123 None 788 387 39 127 None 666 436 54 125 None 497 407 45 129 None 372 392 43 99 None 323 433 41 123 None 525 402 52 76 digging 160 469 43 142 None
86550.jpg r_set 1062 452 58 158 None 992 404 85 130 None 933 498 99 147 None 955 393 55 111 None 823 373 71 128 None 747 384 55 153 setting 549 379 37 131 None 547 418 38 141 None 519 446 32 162 None 335 401 46 100 None 89 444 54 128 None 199 480 66 131 digging
76150.jpg r-pass 944 429 43 98 digging 888 445 74 113 digging 890 490 54 141 None 733 350 39 105 None 707 452 56 129 None 540 422 54 101 None 456 406 37 101 blocking 447 455 33 135 None 395 464 35 125 None 199 445 43 141 None 288 420 52 98 None
48485.jpg l_set 1187 494 90 143 None 1164 393 62 156 None 1053 338 49 143 None 763 360 64 137 None 745 431 58 162 None 737 391 52 105 None 249 450 78 174 None 248 371 49 147 None 371 366 62 178 setting 427 351 43 131 None 419 329 58 113 None 332 492 98 176 None
73355.jpg r-pass 908 475 42 134 None 901 399 44 91 None 866 432 47 74 digging 786 389 53 99 None 728 366 57 85 None 616 414 44 92 None 265 425 50 114 None 382 415 34 87 None 535 424 33 107 None 502 406 34 93 None 498 443 35 101 None 56 454 74 130 None
60580.jpg r_spike 973 384 56 120 None 908 430 54 152 None 849 339 71 124 None 792 330 45 126 None 749 401 88 167 None 741 365 39 137 None 662 359 60 197 blocking 529 364 92 109 digging 338 483 107 126 None 330 379 90 107 digging 200 396 58 128 None
73385.jpg r_set 732 402 60 144 setting 925 387 48 105 None 869 449 41 113 None 857 516 64 147 None 786 364 54 81 None 684 363 32 147 setting 534 477 59 120 None 555 431 44 117 None 563 399 44 121 None 337 408 50 87 None 245 474 74 138 None 200 458 59 115 None
76200.jpg l-pass 966 444 88 145 None 935 407 66 131 None 854 430 52 134 None 798 340 51 105 None 797 464 57 173 None 763 409 57 142 None 631 379 49 156 blocking 566 478 92 133 None 581 385 72 91 None 374 402 77 91 digging 234 471 52 144 digging 208 430 46 116 digging
60755.jpg r_set 1046 401 82 151 None 1021 348 91 136 None 787 461 85 192 None 803 294 79 108 None 696 337 66 131 None 623 305 57 162 setting 499 330 46 114 None 499 351 52 127 None 498 395 65 165 None 5 371 51 130 None 213 337 102 110 None 183 435 80 150 None
26145.jpg r_set 931 430 56 139 None 903 378 47 131 None 832 326 62 112 None 686 337 56 120 digging 815 502 86 169 None 593 387 60 150 None 452 438 45 150 None 478 386 45 141 None 486 352 35 122 None 220 361 47 111 None 149 452 101 154 None 2 399 35 134 None
76230.jpg l_set 1071 457 62 160 None 942 395 56 132 None 1070 416 70 132 None 777 435 37 154 None 791 415 49 144 None 774 361 39 116 None 650 402 63 144 None 549 447 65 172 setting 527 345 46 112 None 354 474 70 56 None 242 413 49 123 None 187 457 86 154 None
48315.jpg l-spike 1040 399 63 128 None 969 506 91 137 None 880 357 54 127 None 634 376 89 99 None 572 387 72 218 blocking 462 337 44 128 None 431 419 68 153 None 350 423 97 187 None 242 455 51 144 None 338 395 38 123 None
86675.jpg r_spike 1034 371 66 131 None 1026 424 60 133 None 849 460 79 153 None 901 378 54 139 None 887 416 60 114 None 800 258 61 154 spiking 684 283 46 158 blocking 650 393 49 147 None 547 438 58 151 None 180 419 80 125 None 347 351 68 105 None 346 441 61 114 None
86655.jpg r_set 967 418 54 156 None 862 491 98 166 None 930 390 39 119 None 829 382 84 111 None 775 323 45 176 setting 834 344 47 111 None 563 356 49 129 None 564 404 47 127 None 546 426 41 172 None 254 438 56 143 None 261 366 49 98 None 83 415 66 135 None
48660.jpg r_winpoint 1030 378 72 172 None 1010 354 73 176 None 878 396 83 186 None 802 375 110 156 None 903 347 45 151 None 670 312 41 152 None 601 327 68 155 None 567 506 110 123 None 287 342 62 145 None 208 403 87 172 None 137 367 67 176 None
36975.jpg l_winpoint 959 407 47 106 None 903 356 51 116 None 871 426 68 158 None 736 430 43 153 None 710 344 33 121 None 616 329 41 127 None 471 413 57 149 None 447 381 41 140 None 417 369 68 127 None 351 406 55 135 None 355 373 61 138 None 246 411 85 130 None
42330.jpg r_winpoint 1068 368 74 150 None 977 356 78 138 None 933 376 71 139 None 884 396 54 158 None 860 368 54 153 None 847 340 45 138 None 703 319 46 132 None 639 332 65 122 None 607 412 48 161 None 404 439 52 160 None 309 533 90 74 None 376 340 60 141 None
49425.jpg l_winpoint 975 376 55 162 None 818 433 59 156 None 843 337 42 150 None 654 409 85 166 None 633 395 60 152 None 674 358 37 139 None 412 365 81 203 None 434 382 89 153 None 432 358 51 161 None 278 395 71 155 None 306 384 59 146 None 251 379 50 156 None
31980.jpg l_winpoint 1029 354 49 147 None 949 481 62 77 None 895 358 40 129 None 756 323 44 137 None 694 400 75 153 None 628 367 73 152 None 417 377 66 152 None 366 384 68 161 None 340 380 61 164 None 383 371 89 151 None 307 385 50 143 None 238 389 83 150 None
51105.jpg l_winpoint 1003 390 58 141 None 912 445 61 157 None 823 388 59 150 None 734 442 74 162 None 705 404 83 151 None 733 384 37 139 None 486 422 36 154 None 453 471 46 145 None 398 470 72 165 None 366 443 34 154 None 313 431 62 137 None 425 407 64 143 None
31290.jpg l_winpoint 918 394 66 137 None 802 358 71 115 None 746 440 48 157 None 697 488 84 62 None 614 330 62 128 None 593 392 60 147 None 469 398 40 145 None 434 350 63 123 None 360 397 40 138 None 337 358 72 126 None 296 391 50 150 None 207 395 77 122 None
36330.jpg r_winpoint 890 402 79 145 None 908 373 65 146 None 839 354 51 142 None 789 410 84 162 None 753 393 77 163 None 810 392 46 133 None 574 371 82 143 None 448 405 114 175 None 521 349 51 138 None 338 412 55 154 None 354 372 55 134 None 230 375 77 147 None
46095.jpg l_winpoint 328 393 72 135 None 289 375 44 135 None 291 347 30 130 None 419 409 49 156 None 422 365 63 135 None 456 329 53 128 None 597 407 47 161 None 532 373 71 138 None 577 348 67 120 None 742 437 77 130 None 805 368 61 89 None 915 354 47 139 None
