48075.jpg r_winpoint 372 442 86 130 None 712 426 73 124 None 338 346 45 159 None 467 280 42 131 None 694 277 67 128 None 744 359 48 128 None 1088 333 53 149 None 994 355 84 180 None 874 409 97 176 None 897 291 58 149 None 877 352 88 159 None 982 330 60 151 None
45210.jpg r_winpoint 197 371 47 55 None 285 392 40 114 None 384 438 37 150 None 352 306 44 113 None 521 322 60 116 None 582 361 49 125 None 1034 381 55 128 None 1090 360 51 133 None 1037 353 50 119 None 905 382 57 128 None 901 330 44 120 None 931 368 46 123 None
35925.jpg l_winpoint 832 368 58 148 None 871 330 56 142 None 885 306 35 144 None 754 298 51 142 None 684 271 60 142 None 684 253 38 144 None 374 344 64 171 None 320 351 113 167 None 333 323 61 157 None 247 344 105 145 None 217 345 55 162 None 126 312 55 139 None
52335.jpg r_winpoint 310 334 57 135 None 473 318 40 118 None 336 429 67 128 None 597 337 58 141 None 650 409 80 141 None 703 375 43 157 None 813 407 76 152 None 823 322 62 132 None 825 290 76 128 None 900 347 61 182 None 996 401 44 144 None 1077 349 64 148 None
30150.jpg r_winpoint 900 338 77 175 None 789 349 70 131 None 836 439 79 172 None 652 345 61 147 None 506 483 88 184 None 534 441 41 183 None 389 421 49 177 None 374 409 48 176 None 394 316 50 136 None 269 395 49 158 None 173 347 47 143 None 81 382 59 177 None
38640.jpg r_winpoint 823 361 60 164 None 848 354 59 151 None 817 354 47 133 None 775 362 59 154 None 735 359 88 151 None 734 343 87 151 None 477 322 86 157 None 422 305 47 140 None 438 376 49 159 None 404 384 38 161 None 363 453 56 118 None 155 309 54 156 None
34770.jpg r_winpoint 1174 336 80 158 None 1088 351 93 163 None 1036 289 54 169 None 991 276 49 175 None 983 358 72 161 None 930 333 53 158 None 714 288 56 160 None 658 282 75 140 None 522 392 90 163 None 445 284 53 131 None 290 487 98 103 None 258 342 57 157 None
42390.jpg r_winpoint 287 461 80 137 None 292 393 53 137 None 390 349 79 115 None 567 323 48 132 None 692 457 67 165 None 715 422 49 178 None 826 444 85 164 None 822 394 94 147 None 854 348 66 133 None 975 431 78 161 None 1053 387 64 168 None 983 394 54 150 None
36915.jpg r_winpoint 1002 390 72 151 None 917 390 67 135 None 899 435 49 152 None 822 463 48 166 None 774 403 68 149 None 781 344 70 142 None 506 348 72 128 None 353 329 66 120 None 208 501 76 120 None 196 368 81 147 None 582 461 54 157 None 638 431 51 168 None
44535.jpg r_winpoint 1016 355 68 174 None 908 323 63 175 None 883 482 64 96 None 735 377 55 186 None 691 358 66 160 None 660 342 84 148 None 498 491 82 78 None 520 324 50 147 None 535 313 61 136 None 313 424 79 154 None 147 357 61 174 None 301 337 90 162 None
43440.jpg l_winpoint 1110 376 76 154 None 1038 309 55 154 None 968 377 52 123 None 906 299 62 154 None 876 407 61 173 None 838 354 58 170 None 718 307 76 141 None 644 291 86 134 None 535 367 82 187 None 424 404 64 166 None 354 350 69 164 None 424 303 48 127 None
45885.jpg r_winpoint 816 349 80 151 None 821 356 69 144 None 870 354 40 137 None 836 340 49 134 None 800 330 62 158 None 805 346 45 145 None 418 390 90 163 None 467 379 67 155 None 479 366 39 155 None 391 286 56 137 None 306 375 38 142 None 220 330 65 155 None
60734.jpg r-pass 225 348 64 116 None 277 315 65 124 None 274 378 74 132 None 348 424 60 153 None 352 384 53 164 None 382 254 40 129 None 467 259 31 136 None 516 324 96 122 None 715 303 54 130 None 610 440 104 108 digging 745 436 98 101 None 892 378 99 138 None
9361.jpg r-pass 23 326 63 135 None 124 379 90 162 None 140 286 45 148 None 284 303 48 135 None 835 373 91 161 None 622 318 62 139 None 502 291 42 137 None 673 348 168 59 None 894 349 70 120 None 407 314 45 158 None 397 273 52 147 None
44230.jpg r_set 214 423 79 147 None 104 364 66 131 None 210 352 41 130 None 546 421 51 142 None 547 381 46 120 None 567 349 35 114 None 1043 495 102 150 None 941 383 54 130 None 747 373 63 116 None 819 344 96 106 None 998 355 54 117 None 1043 368 43 179 setting
54580.jpg l-pass 194 392 60 110 None 355 300 49 92 None 299 393 72 80 None 356 456 67 145 None 347 404 60 105 None 568 384 54 112 None 1136 314 70 113 None 989 346 42 121 None 896 394 42 119 None 756 333 32 110 None 704 369 40 132 None 714 348 32 112 None
8317.jpg l-spike 60 334 60 139 None 271 324 46 120 None 302 337 61 141 None 419 249 38 142 None 652 354 86 105 None 481 297 48 150 None 523 364 60 175 blocking 534 328 54 165 blocking 346 399 111 161 None 983 468 71 147 digging 855 324 85 113 digging 1012 354 72 133 None
44510.jpg l-pass 497 481 93 92 None 143 369 54 160 None 331 436 68 139 None 294 389 66 106 None 507 346 65 115 None 558 354 50 127 None 894 440 59 140 None 960 351 51 141 None 1122 376 47 159 None 675 411 96 155 None 636 351 31 146 None 651 338 37 141 None
44280.jpg r_spike 994 391 71 113 digging 949 459 57 120 None 850 389 60 196 spiking 1171 485 71 130 None 1192 428 74 121 None 813 418 57 117 None 295 372 67 130 None 447 329 69 100 None 565 328 81 109 None 480 405 85 141 None 746 360 33 204 blocking
18861.jpg r_set 1080 342 48 205 digging 1055 296 70 123 None 748 368 67 149 None 688 342 61 138 None 888 295 54 135 None 1067 547 88 172 None 255 334 109 132 None 498 314 50 142 None 489 385 52 154 None 486 457 59 170 None 45 456 80 170 None 3 378 48 159 None
25944.jpg r-pass 873 434 100 113 None 887 359 55 136 None 816 309 66 125 None 672 403 83 148 None 547 348 60 142 None 493 296 83 125 None 293 297 51 133 None 197 385 61 147 None 216 329 41 111 None 103 330 52 134 None 44 424 51 151 None 368 350 88 131 None
54655.jpg r-pass 800 438 106 123 None 638 408 123 142 digging 909 365 77 140 None 867 293 58 117 None 146 348 83 140 None 196 328 64 119 None 282 420 96 147 None 350 343 83 126 None 398 270 43 128 None 459 247 54 172 blocking 260 379 73 130 None
13336.jpg r_spike 1038 381 92 102 digging 802 457 81 106 None 883 379 81 198 spiking 931 428 60 87 None 957 460 57 130 None 388 335 52 100 None 550 357 53 113 None 403 445 73 140 None 719 400 45 202 blocking 226 418 51 120 None 710 368 71 205 blocking
53531.jpg r_spike 1053 470 87 165 None 1116 420 80 135 None 1091 383 55 99 None 928 297 99 125 spiking 862 406 53 134 None 916 385 47 129 None 713 336 52 142 blocking 558 421 84 112 None 393 325 70 90 None 294 452 70 104 None 282 379 61 105 None
58721.jpg l_set 1205 368 72 148 None 1071 307 58 126 None 1048 443 57 140 None 750 387 47 148 None 763 352 48 136 None 772 306 42 127 None 638 312 39 137 None 574 373 75 98 None 451 263 47 142 setting 472 271 46 107 None 413 385 56 136 None 314 321 54 132 None
24380.jpg l_set 940 421 66 133 None 1024 359 49 117 None 948 319 44 87 None 644 380 70 119 None 637 331 79 130 None 654 295 49 116 None 570 294 47 163 setting 422 374 53 120 None 438 243 44 99 None 230 391 81 128 None 228 319 54 119 None 102 401 66 92 None
58601.jpg r_set 975 359 84 140 None 853 427 70 133 None 761 282 65 112 None 628 416 44 161 digging 719 496 107 175 None 683 313 85 123 None 421 424 60 161 None 439 368 54 154 None 468 337 28 151 None 237 321 51 135 None 166 364 70 142 None 81 396 50 161 None
58566.jpg r-pass 996 455 54 150 None 998 354 74 154 None 869 324 74 121 None 670 302 76 156 setting 514 424 47 170 blocking 517 424 62 150 None 434 317 47 133 None 408 393 86 145 None 354 445 54 158 None 300 403 62 154 None 319 356 68 105 None 107 361 52 121 None
35779.jpg l_set 1179 306 44 150 None 969 341 91 102 None 913 472 117 142 None 653 409 60 145 None 634 351 66 159 None 643 299 54 133 None 440 346 63 175 setting 438 328 107 152 None 364 246 55 118 None 294 318 43 130 None 82 345 99 145 None 145 473 133 176 None
55454.jpg r-pass 884 340 63 137 None 814 425 81 132 digging 819 303 52 118 None 534 413 97 122 None 482 305 47 157 blocking 496 308 63 114 None 281 425 72 165 None 374 343 48 121 None 384 260 45 126 None 278 322 61 113 None 233 402 59 120 None 141 379 50 129 None
35439.jpg r-pass 873 444 98 114 None 883 312 72 123 None 598 429 99 157 None 586 308 67 158 None 1017 371 92 127 None 113 345 55 159 None 254 392 70 140 None 223 317 76 155 None 399 419 54 180 None 419 376 46 142 None 531 298 52 157 None
44490.jpg l-spike 1135 387 62 157 None 970 355 61 123 None 896 441 81 140 None 652 421 55 148 None 615 294 52 187 blocking 623 288 56 146 blocking 534 404 52 148 None 555 294 48 153 spiking 445 320 90 128 None 314 410 48 162 None 268 331 41 149 None 105 374 78 151 None
13456.jpg l-spike 1108 422 73 139 None 904 335 84 107 digging 886 488 107 126 None 712 414 62 133 None 581 256 37 173 blocking 441 367 60 107 None 432 254 71 133 spiking 308 406 48 143 None 306 347 47 118 None 389 444 65 161 None 225 320 86 118 None
59675.jpg r_spike 1014 385 83 136 None 1046 348 51 83 None 903 301 68 157 spiking 829 425 94 142 None 811 381 60 140 None 858 288 70 107 None 306 426 62 123 None 274 351 60 111 None 421 312 56 96 None 694 309 51 195 blocking 713 299 41 189 blocking
9156.jpg l_set 939 307 47 97 digging 626 368 65 124 None 632 330 50 99 None 647 313 50 97 None 429 351 50 175 setting 392 246 45 105 None 201 381 43 131 None 196 312 69 111 None 81 325 74 133 None 947 429 92 137 None 471 305 66 153 None 1073 345 61 130 digging
13406.jpg l_set 286 358 51 147 None 419 374 62 115 digging 477 507 84 158 None 687 379 55 131 None 458 417 56 162 None 514 287 71 100 None 1186 453 87 156 None 869 418 54 155 None 861 370 40 145 None 871 353 49 98 None 1200 345 73 120 None
55594.jpg l-pass 131 381 58 137 None 139 488 92 151 None 186 317 79 117 digging 253 338 79 132 None 409 395 75 145 None 536 424 58 160 None 581 362 37 148 None 622 334 57 131 None 804 423 46 142 None 848 357 57 132 None 822 327 53 100 None 305 290 43 112 None
9231.jpg l-pass 940 320 61 132 None 816 407 87 142 None 758 266 66 120 None 536 342 55 155 None 519 292 49 139 None 526 270 43 127 None 394 314 68 157 None 440 268 55 144 None 338 251 58 141 digging 248 362 58 166 None 108 342 80 133 None 75 283 54 138 None
24425.jpg r-pass 945 423 74 178 None 889 332 75 125 digging 865 323 82 106 None 678 315 68 127 None 578 402 57 131 None 556 443 120 151 None 430 475 75 173 None 469 287 43 134 None 412 342 57 131 None 381 408 65 130 None 297 324 44 150 None 151 337 57 125 None
18706.jpg r_set 1070 335 44 182 setting 1019 513 102 162 None 979 372 66 111 None 812 387 54 134 None 689 348 46 116 None 630 373 66 125 None 462 366 54 170 None 454 442 48 144 None 186 330 57 105 None 38 387 75 127 None 63 467 71 141 None
18756.jpg r_spike 203 473 74 149 digging 203 405 61 128 digging 471 350 53 117 None 717 387 49 197 blocking 707 352 56 183 blocking 783 472 75 105 None 883 430 88 152 spiking 918 409 63 121 None 963 423 94 157 None 1023 396 60 111 digging
3656.jpg r_spike 1061 429 128 144 None 936 395 54 130 None 926 286 37 106 None 932 348 59 89 None 885 476 64 142 None 801 365 116 138 spiking 694 329 46 67 None 452 327 77 89 None 341 440 62 132 None 245 367 57 127 None 692 333 51 128 blocking 691 416 43 161 None
62018.jpg r_spike 1007 394 64 145 None 897 427 67 158 None 727 414 131 164 None 731 399 52 180 None 774 342 69 150 None 785 290 61 135 None 450 318 92 112 digging 177 484 77 126 digging 221 382 103 103 None 651 384 79 196 blocking 651 345 72 183 blocking 621 377 49 133 None
8097.jpg r_set 659 267 43 178 setting 763 349 58 147 None 1012 288 98 137 None 1022 347 90 150 None 908 408 88 160 None 900 489 133 170 None 558 314 64 176 None 532 420 66 162 None 313 299 50 117 None 172 424 62 158 None 56 332 62 137 None
24645.jpg l-pass 773 338 97 148 None 1004 393 79 152 None 910 415 64 182 None 907 345 71 139 None 983 323 58 112 None 578 361 97 148 None 409 302 50 120 None 143 428 114 97 None 708 257 43 137 None 793 263 107 118 None 301 384 74 127 digging
53856.jpg r_set 791 249 37 149 setting 760 350 74 143 None 1026 336 90 127 None 975 303 48 124 None 982 405 46 119 None 956 454 100 163 None 585 337 53 160 None 563 404 70 148 None 331 314 64 113 None 183 424 89 141 None 184 345 57 144 None
53476.jpg r_set 1161 449 81 157 None 1020 525 78 151 digging 983 360 44 121 None 946 320 40 101 None 712 427 43 150 None 603 362 59 124 None 471 348 34 128 None 459 423 41 145 None 196 319 45 106 None 6 385 57 116 None 60 439 75 135 None
54710.jpg l-spike 926 375 65 152 None 851 344 71 125 None 810 441 64 139 None 743 469 70 169 None 563 376 115 117 None 558 317 77 128 None 168 308 56 139 None 366 296 56 128 None 226 370 69 121 None 234 436 90 132 None 412 381 79 204 None 453 377 62 144 None
25924.jpg l-spike 304 233 80 139 spiking 419 365 77 114 None 211 342 65 118 None 79 433 56 161 None 124 399 71 131 None 157 320 58 122 None 543 263 47 116 blocking 549 334 50 120 None 897 432 80 124 None 688 410 84 133 None 880 320 62 103 None 978 376 86 122 None
58676.jpg l-pass 1106 337 63 142 None 1071 312 41 130 None 998 417 55 142 None 869 308 49 133 None 806 359 55 148 None 773 407 49 156 None 671 295 51 108 None 701 310 54 128 None 392 335 92 97 None 371 414 75 148 None 299 365 96 111 None 543 411 55 117 None
60689.jpg l_set 628 302 58 114 None 614 400 58 155 None 620 353 56 84 None 1018 363 60 126 None 920 314 47 102 None 883 434 67 127 None 391 352 81 134 None 360 270 49 102 None 206 478 93 169 None 528 329 58 161 setting 253 363 44 110 None 197 382 64 131 None
53736.jpg l_set 249 392 61 156 setting 598 317 38 123 None 575 376 44 133 None 547 442 55 161 None 1060 373 58 154 None 826 339 77 103 None 883 454 52 142 None 449 366 41 145 None 292 481 74 175 None 170 493 89 150 None 247 280 58 103 None 88 368 74 144 None
59590.jpg r-pass 756 405 76 125 digging 919 346 52 90 None 957 371 55 111 None 945 448 60 97 None 626 331 73 107 None 713 448 45 153 None 493 341 35 124 None 520 357 38 119 None 504 393 54 134 None 196 339 61 105 None 283 383 43 113 None 163 378 58 102 None
44450.jpg l-pass 499 403 82 97 None 597 401 57 154 None 596 417 60 161 None 696 347 105 117 None 440 344 77 130 None 450 438 88 130 None 261 454 74 173 None 121 288 51 141 None 112 391 65 148 None 975 366 97 114 None 1144 417 68 144 None 1003 463 71 151 None
13286.jpg r_set 52 400 63 114 None 94 453 57 131 None 245 348 49 99 None 1030 485 74 147 None 888 364 55 101 None 763 384 60 111 None 630 363 49 111 None 1045 377 38 170 setting 1027 370 74 114 None 466 429 37 137 None 463 400 43 114 None 480 368 29 128 None
53886.jpg r_spike 1160 377 57 141 None 1098 353 63 113 None 957 297 61 110 None 894 423 91 97 digging 936 410 127 182 spiking 752 414 65 179 None 696 353 66 102 None 501 322 75 96 None 349 367 97 110 None 297 445 63 119 None 1063 427 79 134 None
62013.jpg r_spike 737 413 49 159 None 805 284 44 136 None 1017 390 54 142 digging 927 429 55 153 None 755 345 75 148 None 771 416 80 172 None 636 367 51 151 None 653 341 77 235 blocking 452 319 96 108 digging 223 380 103 105 None 179 481 86 127 None
18981.jpg l_set 578 370 55 137 None 553 356 65 198 setting 722 328 55 97 None 700 369 72 156 None 721 429 57 148 None 1047 358 65 103 None 982 491 116 141 None 408 284 65 110 None 369 506 92 168 None 212 363 60 141 None 165 420 74 167 None
24610.jpg r_set 127 347 65 141 None 345 290 66 120 None 246 408 105 145 None 830 229 35 184 setting 605 388 43 165 None 601 342 44 139 None 745 362 63 141 None 630 264 43 141 None 957 501 100 187 None 1070 408 69 165 None 1085 346 89 139 None 873 231 77 131 None
24480.jpg r_set 865 247 67 112 None 743 368 81 136 None 918 494 136 184 None 1043 389 81 177 None 1008 320 90 135 None 734 229 43 163 setting 623 256 43 158 None 594 348 53 151 None 560 402 47 173 None 357 290 53 127 None 286 396 99 135 None 135 345 75 143 None
62088.jpg r_set 248 454 94 129 None 175 358 56 131 None 400 292 56 114 None 583 402 56 152 None 634 423 52 152 None 659 331 43 137 None 1117 371 111 133 None 1015 426 58 158 None 857 480 80 190 None 767 384 56 165 None 932 293 73 97 None 842 342 50 203 setting
35549.jpg l-pass 716 299 56 91 None 707 346 69 101 None 706 396 82 158 None 622 410 80 153 None 406 262 58 111 None 391 318 92 145 None 277 325 43 122 None 277 461 77 185 None 247 391 95 147 digging 1025 327 67 123 None 1010 438 79 164 None 1238 371 41 116 None
55439.jpg l-spike 990 347 50 143 None 870 443 86 137 None 575 427 60 131 None 582 300 39 79 None 564 332 54 101 blocking 219 387 47 146 None 268 314 56 128 None 344 373 62 137 None 408 285 45 133 spiking 910 313 54 101 None 292 463 71 165 None
35669.jpg r-pass 144 390 62 165 None 150 315 50 137 None 376 391 62 186 None 417 314 37 158 None 427 275 41 154 None 745 360 97 56 None 932 281 39 135 digging 845 374 54 141 None 614 252 69 150 None 739 480 118 193 None 489 429 84 186 None 3 355 24 178 None
8157.jpg l-spike 762 303 41 102 None 631 306 72 220 spiking 887 416 51 145 None 828 324 51 136 None 742 389 41 153 None 1108 365 91 154 None 1014 317 61 125 None 624 425 60 150 None 574 377 72 133 digging 403 324 58 120 None 426 397 80 147 None 208 353 49 154 None
13361.jpg l-pass 536 332 71 119 None 225 427 66 136 None 451 407 52 192 setting 389 350 66 103 None 759 465 49 150 None 742 434 60 151 None 1001 451 66 134 None 973 401 65 119 None 1106 377 79 116 None 842 471 61 165 None 861 411 60 154 None
60924.jpg l_set 228 503 111 181 None 348 327 60 167 setting 297 409 57 125 None 434 289 48 134 None 479 262 51 117 None 602 338 54 147 None 749 408 55 164 None 752 365 52 142 None 770 306 46 125 None 1067 446 52 156 None 1071 303 58 122 None 1092 371 88 130 None
7917.jpg l-pass 302 240 44 126 digging 570 221 52 119 None 536 258 66 136 None 238 277 52 127 None 271 362 50 131 None 644 348 74 148 None 790 295 63 115 None 777 317 50 147 None 801 348 50 145 None 1215 345 64 177 None 1083 316 62 132 None
62038.jpg r-pass 205 442 91 137 None 293 367 59 123 None 482 317 55 116 None 570 385 72 133 None 586 444 59 151 None 633 453 47 175 None 821 475 83 113 None 714 432 47 182 None 808 353 79 127 None 746 321 85 125 None 995 395 67 144 None 748 437 50 106 digging
60844.jpg r_spike 1023 273 87 181 spiking 1098 413 80 149 None 968 314 41 137 None 870 398 105 157 None 835 384 56 153 None 686 302 57 167 None 669 334 39 148 None 678 366 47 143 None 362 297 62 110 None 161 390 61 125 None 215 433 82 140 None
55639.jpg l_set 177 510 76 172 None 232 404 54 134 None 212 311 54 116 None 329 283 52 99 None 370 326 57 167 setting 860 448 54 138 None 914 356 64 130 None 882 331 48 102 None 554 440 52 157 None 567 382 49 106 None 567 325 56 120 None
18766.jpg l-pass 489 341 83 148 digging 693 356 91 242 blocking 1014 385 92 120 None 923 429 69 93 None 973 464 51 133 None 806 463 59 91 None 840 474 110 161 None 205 405 73 126 digging 199 479 54 146 None
35479.jpg r-pass 1039 339 110 136 None 844 349 57 125 None 758 312 57 119 None 654 341 58 161 None 748 490 173 61 None 676 540 187 71 None 531 331 43 173 None 504 412 60 162 None 410 302 83 148 None 238 343 57 116 None 227 425 85 164 None 103 345 57 168 None
26104.jpg l-spike 104 380 60 165 None 346 397 60 137 None 339 328 70 118 None 481 396 58 159 None 444 263 67 171 spiking 542 408 53 126 None 617 282 56 183 blocking 732 424 94 148 None 1040 444 75 150 None 1015 361 59 112 None 910 341 53 103 None
24625.jpg r_spike 941 470 90 188 None 1033 397 60 134 None 977 349 52 117 None 886 296 67 132 None 149 366 76 129 None 297 399 83 160 None 609 387 67 150 None 685 260 34 92 None 661 316 40 102 None 821 217 80 134 spiking 347 296 61 110 None 744 291 97 174 None
58411.jpg r_set 279 330 51 89 None 155 441 60 111 None 111 383 60 107 None 637 406 72 127 None 803 490 82 155 None 798 360 78 111 None 877 349 40 102 None 659 312 46 146 setting 495 414 44 124 None 506 376 44 127 None 517 347 35 110 None 1044 335 68 104 None
35409.jpg l_set 533 307 84 130 None 573 345 70 138 setting 673 307 60 136 None 688 397 60 126 None 980 343 70 96 None 912 432 68 137 None 237 359 125 85 None 241 393 65 133 None 263 473 123 163 None 135 323 73 120 None 1138 367 69 132 digging
7967.jpg l_set 353 358 62 184 setting 423 221 39 118 None 513 314 65 141 None 279 295 67 130 None 163 290 89 127 None 167 361 47 133 None 728 305 55 104 None 722 317 40 139 None 717 352 57 143 None 1054 294 59 116 None 1045 423 82 146 None 1241 339 34 148 None
59765.jpg l_set 512 321 54 141 None 393 336 44 184 setting 280 353 99 133 None 324 488 93 172 None 356 319 42 129 None 446 291 57 97 None 960 442 70 145 None 1057 372 60 132 None 966 322 54 102 None 647 437 56 136 None 660 379 49 105 None 664 298 49 115 None
8287.jpg l_set 261 475 96 161 None 1155 348 62 146 None 978 308 64 118 None 684 412 54 137 None 671 335 54 129 None 679 303 48 77 None 465 306 47 176 setting 506 278 71 165 None 415 249 56 105 None 283 289 71 99 None 126 282 67 111 None 1004 440 74 154 None
54610.jpg l_set 1006 354 49 130 None 900 434 68 125 None 655 314 54 127 None 649 347 54 127 None 635 421 57 147 None 546 354 58 151 setting 459 364 51 110 None 407 278 40 96 None 244 377 89 52 None 293 479 102 148 None 203 369 58 139 None 1016 312 40 110 None
24555.jpg r-pass 192 335 45 161 None 289 396 56 146 None 333 300 48 116 None 621 399 60 163 None 621 263 50 133 None 653 300 47 129 None 811 432 47 167 digging 794 351 60 126 None 854 314 64 122 None 795 283 75 133 None 1040 440 77 158 None 1059 345 69 139 None
55524.jpg r-pass 519 399 79 196 digging 972 420 63 116 None 900 354 66 152 None 796 329 52 137 None 628 322 58 112 None 602 412 60 144 None 467 411 39 96 None 450 384 57 221 blocking 438 322 47 139 None 231 332 67 124 None 125 448 121 131 None 61 372 65 122 None
72167.jpg l-pass 316 319 54 106 digging 354 375 57 137 None 576 402 58 111 None 309 465 91 151 None 254 342 51 92 digging 195 379 61 123 None 742 335 34 131 None 689 336 52 151 None 710 374 51 144 None 1083 309 82 114 None 1006 364 40 134 None 897 394 43 127 None
8177.jpg r-pass 1106 394 128 120 None 1071 325 55 116 digging 945 425 128 156 None 836 332 70 127 None 762 321 49 131 None 743 395 64 155 None 626 335 41 131 None 569 374 68 172 None 563 440 77 158 None 426 311 44 128 None 448 385 51 154 None 192 344 72 147 None
60719.jpg l-spike 919 376 67 130 None 780 299 71 121 None 815 413 92 125 None 600 393 66 146 None 482 325 83 140 None 507 216 34 142 blocking 397 196 49 155 spiking 258 312 45 105 None 256 359 50 114 None 333 434 68 167 None 360 368 45 98 None 385 393 61 151 None
3736.jpg r_set 183 355 55 149 None 307 454 102 139 None 439 303 60 114 None 988 518 86 182 None 652 424 46 161 None 655 372 53 125 None 680 288 49 121 None 837 382 53 184 setting 944 294 49 182 setting 1066 413 81 175 None 1077 351 77 135 None 959 277 56 102 None
58456.jpg l-pass 419 319 54 105 None 252 434 93 120 None 260 363 68 132 digging 569 422 79 126 None 708 318 40 142 None 683 349 48 138 None 764 324 37 128 None 747 382 47 145 None 739 426 64 153 None 900 367 48 137 None 985 401 43 134 None 1091 370 57 134 None
35494.jpg r-pass 66 351 85 158 None 176 444 92 160 None 226 330 54 116 None 434 311 72 133 None 507 398 74 169 None 536 338 58 158 None 723 496 152 92 None 728 469 148 84 None 641 376 113 131 digging 1044 322 65 151 None 801 348 68 133 None 774 291 64 133 None
61913.jpg l-pass 237 425 54 154 None 267 378 54 141 digging 265 309 60 122 None 434 426 82 153 None 436 239 40 123 None 516 329 60 142 None 1054 434 61 145 None 1057 340 66 137 None 747 419 86 156 None 786 326 66 119 None 740 366 72 137 None
18931.jpg l-pass 160 436 122 133 digging 252 347 71 128 None 494 441 115 149 None 581 333 86 130 None 753 433 37 146 None 759 399 47 130 None 1090 463 65 142 None 1007 388 71 137 None 840 396 46 148 None 860 366 43 144 None 873 339 42 134 None
8127.jpg r_spike 761 415 83 200 setting 873 426 62 147 None 1040 392 70 121 None 997 311 58 137 None 808 255 44 121 None 767 322 79 140 None 377 300 62 111 None 188 330 56 142 None 201 431 114 154 None 645 333 49 95 None 668 345 60 217 blocking
35634.jpg r-pass 919 444 67 163 None 930 327 84 149 None 763 277 77 154 None 581 340 79 135 None 446 459 74 151 None 459 410 56 151 None 366 433 56 172 None 343 349 60 144 None 371 305 60 154 None 380 254 44 144 None 161 344 58 146 None 41 391 58 182 None
35374.jpg l-pass 1176 311 49 135 None 996 340 63 90 None 910 444 74 114 None 708 368 49 140 None 707 340 35 133 None 720 312 39 102 None 595 368 55 118 None 480 298 81 105 None 303 351 79 65 digging 376 410 56 142 None 220 383 76 119 None 253 311 42 128 None
24500.jpg r_spike 1077 394 82 152 None 935 340 88 120 None 837 293 47 133 None 833 198 80 143 spiking 724 200 41 180 blocking 207 361 71 139 None 374 389 90 137 None 702 315 37 154 None 646 393 60 167 None 801 286 57 165 None 949 463 79 175 None 394 294 68 114 None
59635.jpg r_set 1012 370 45 129 None 949 326 48 104 None 842 455 51 158 None 854 350 31 114 None 768 375 51 118 None 585 392 60 122 None 597 360 31 138 None 607 341 34 115 None 359 302 48 102 None 278 421 54 121 None 253 361 39 116 None 702 264 29 147 setting
61948.jpg r-pass 1023 349 84 142 None 843 484 87 179 None 914 431 52 137 None 776 382 58 178 setting 781 298 64 134 None 564 322 52 143 None 441 416 57 159 None 461 354 63 153 None 439 294 49 142 None 229 303 57 131 None 154 368 82 132 None 92 438 80 148 None
25809.jpg l-pass 326 302 43 101 digging 587 402 75 109 None 523 280 47 116 None 527 339 43 112 None 302 405 60 129 None 273 355 50 90 None 701 323 90 99 None 723 352 50 146 None 961 349 39 114 None 1093 357 30 133 None 1166 370 62 135 None
35589.jpg l_set 421 252 60 117 None 343 320 48 137 None 225 371 102 155 None 517 303 77 180 setting 579 314 60 191 setting 679 303 61 107 None 677 354 61 106 None 688 422 59 141 None 1003 346 119 96 None 950 476 95 139 None 1170 383 106 127 None 309 509 90 189 None
55549.jpg r-pass 584 341 122 117 digging 755 349 94 123 digging 909 360 49 134 None 923 423 75 137 None 611 410 89 142 None 535 458 66 175 None 445 345 43 117 None 459 385 46 144 None 425 456 75 175 None 269 340 69 130 None 212 439 58 134 None 70 384 49 137 None
3786.jpg r-pass 1197 393 68 137 None 1062 331 72 130 None 1046 407 58 167 None 881 432 83 184 None 869 380 57 144 None 869 315 80 133 digging 711 417 88 179 None 753 402 43 187 None 635 332 102 134 None 470 420 66 159 None 432 293 75 120 None 256 325 68 159 None
18816.jpg r-pass 904 255 66 204 setting 1041 369 76 117 None 890 397 76 150 None 932 436 94 160 None 943 494 54 153 None 745 348 66 134 None 575 372 55 108 None 567 409 50 157 None 578 456 49 170 None 343 342 99 130 None 70 389 66 136 None 143 446 66 157 None
53551.jpg l-pass 1120 422 58 131 None 1101 392 43 97 None 1008 454 65 161 None 992 395 41 99 None 859 377 58 94 None 855 419 88 120 None 345 446 75 107 digging 333 370 43 111 None 443 329 48 90 digging 601 419 69 112 None 767 327 47 160 blocking 800 329 33 135 None
59790.jpg l-spike 959 356 76 133 None 915 458 119 147 None 818 321 72 112 None 611 319 51 123 None 538 352 46 175 blocking 513 362 67 200 blocking 334 375 65 128 None 228 429 77 119 None 318 356 79 114 None 422 340 63 126 None 450 272 53 135 None 363 375 70 198 spiking
18911.jpg r_spike 1163 438 92 153 None 983 410 68 117 None 851 353 92 201 None 817 403 69 124 None 879 343 65 121 None 740 356 28 219 blocking 729 338 55 186 blocking 592 338 74 130 None 450 440 64 163 None 301 341 84 110 None 147 422 68 144 None
24395.jpg l-spike 922 441 65 135 None 948 370 104 109 None 920 327 42 91 None 588 351 44 195 blocking 611 357 35 133 None 627 311 58 83 None 423 359 79 146 spiking 521 340 60 130 None 436 251 70 118 None 279 394 81 133 None 313 330 56 119 None 76 363 63 121 None
44295.jpg l-pass 1176 447 57 175 None 1211 429 64 124 None 943 441 62 143 None 987 365 73 137 None 823 405 52 149 None 799 501 60 141 None 742 422 49 176 None 507 398 62 141 None 558 323 79 119 digging 428 330 92 109 None 304 370 88 122 None
55664.jpg l-spike 937 477 86 122 None 950 373 69 122 None 842 337 88 106 digging 634 342 52 96 None 542 363 49 223 blocking 484 335 52 139 None 454 273 51 119 None 374 411 69 178 spiking 328 457 57 125 digging 333 418 49 136 None 318 338 69 119 None 561 360 44 184 blocking
44430.jpg l-spike 1252 406 23 130 None 1084 379 63 118 None 822 361 65 126 None 703 364 70 182 blocking 693 352 48 186 blocking 612 389 56 130 None 474 362 79 177 None 481 334 74 133 None 292 437 51 156 None 183 376 93 154 None 160 271 51 123 None 1139 492 67 149 None
26044.jpg l-pass 576 482 102 102 None 417 499 160 77 None 423 330 54 111 None 592 309 79 140 None 703 369 58 147 None 1094 429 68 164 None 814 417 60 170 None 1001 361 85 142 None 966 338 62 130 None 840 383 70 147 None 837 309 60 132 None 296 372 70 145 digging
8217.jpg r_spike 1035 382 150 87 None 872 480 108 184 None 833 323 69 134 None 972 395 81 174 None 1072 293 111 133 None 330 387 56 165 None 424 306 51 115 None 231 340 75 147 None 603 415 68 169 None 613 345 65 152 None 658 300 39 127 None 729 253 70 171 None
58516.jpg l_set 1101 468 60 144 None 1092 327 50 121 None 758 454 63 144 None 772 384 54 106 None 775 314 53 112 None 621 336 46 141 None 513 284 72 103 None 423 293 56 128 None 355 342 72 105 None 316 300 37 155 setting
44370.jpg l-pass 1246 407 30 134 None 941 502 61 170 None 962 424 37 146 None 955 370 48 130 None 793 425 52 159 None 620 369 67 142 None 474 508 65 164 None 423 432 77 152 None 350 382 56 155 None 408 244 48 151 digging
55384.jpg l-pass 1191 312 88 121 None 1085 347 64 133 None 925 387 60 133 None 795 336 47 135 None 723 369 41 148 None 717 345 54 139 None 589 391 54 129 None 382 277 52 117 None 395 447 54 162 None 309 347 54 141 digging 222 388 58 125 digging 340 410 74 145 None
35739.jpg l-pass 1146 289 63 87 None 1011 305 59 131 None 982 425 74 168 None 679 392 42 164 None 660 357 36 161 None 664 295 38 119 None 298 428 77 173 digging 496 450 97 168 None 388 321 76 153 None 391 249 48 113 None 262 322 45 126 None 30 360 73 161 None
35614.jpg l-spike 1034 504 106 157 None 1103 371 70 142 None 880 362 96 95 None 638 340 77 110 None 571 357 50 215 blocking 594 358 49 175 None 401 385 91 217 spiking 506 370 59 140 None 533 330 37 140 None 446 250 57 142 None 296 354 52 127 None 213 386 65 163 None
53796.jpg r-pass 938 350 71 136 digging 849 436 85 125 None 680 319 70 121 None 561 374 81 127 None 493 295 73 159 blocking 237 399 71 129 None 241 333 50 98 None 321 410 100 147 None 155 350 43 132 None 383 376 73 113 None 415 320 54 116 None
61788.jpg l-pass 1206 334 65 132 None 944 409 40 126 None 959 298 34 120 None 681 393 56 141 None 703 343 50 108 None 749 326 35 120 None 568 365 45 120 None 481 298 52 111 None 330 445 50 147 None 352 294 54 107 None 245 390 60 113 None 273 342 47 77 digging
3686.jpg r-pass 993 427 91 154 digging 1004 345 75 128 None 800 497 105 158 None 868 412 79 156 None 843 320 82 122 None 724 381 55 153 None 739 417 41 164 None 598 335 89 99 None 450 326 69 105 None 389 487 75 105 None 248 384 83 150 None 980 392 75 117 None
26004.jpg r_spike 1137 395 117 139 None 930 351 65 131 None 838 479 78 140 None 818 308 74 148 None 738 326 79 134 spiking 849 281 49 96 None 596 423 41 156 None 625 322 49 194 blocking 625 298 54 131 None 344 311 54 107 None 198 455 87 134 None 153 377 63 137 None
53776.jpg l-spike 380 267 69 117 spiking 413 390 71 103 None 265 338 55 114 None 185 391 44 144 None 182 424 106 144 None 307 440 65 159 None 500 315 66 144 None 580 396 65 117 None 795 319 75 97 digging 1011 372 52 144 None 902 455 85 137 None
25879.jpg l-pass 228 412 63 144 digging 263 425 55 142 None 589 326 44 121 None 539 256 38 103 None 287 305 70 119 None 349 334 35 112 None 761 312 47 91 None 772 340 31 123 None 786 399 47 131 None 1086 323 61 100 None 1045 439 83 143 None 1226 369 52 123 None
8312.jpg l-spike 1030 358 77 127 None 870 323 76 112 digging 998 471 57 145 digging 641 339 64 112 None 544 367 60 182 blocking 555 360 59 160 blocking 503 297 38 130 None 421 245 39 136 None 340 377 101 185 spiking 316 341 68 140 None 281 317 49 113 None 73 325 55 133 None
59710.jpg l-pass 343 336 51 139 digging 455 295 71 119 None 468 401 99 131 None 751 339 57 89 None 763 386 65 116 None 711 359 52 113 None 929 352 44 133 None 839 374 54 141 None 824 412 52 148 None 1085 375 79 141 None 1043 312 68 119 None 1098 371 61 120 None
9326.jpg l-spike 1086 378 69 144 None 903 293 88 110 digging 884 433 109 128 digging 635 364 90 122 None 539 259 48 157 blocking 543 229 46 153 blocking 436 317 62 139 None 375 172 41 177 spiking 275 272 46 122 None 177 297 64 142 None 100 370 94 138 None 67 337 59 107 None
60864.jpg l-pass 396 287 60 131 None 222 376 68 138 None 715 386 54 173 None 752 309 56 151 None 647 316 64 155 None 1082 418 61 142 None 1164 235 53 125 None 984 373 75 134 None 983 329 60 120 None 860 402 86 157 None 319 427 68 140 digging 858 384 54 170 None
53616.jpg l_set 392 280 38 153 setting 576 354 42 142 None 513 284 45 111 None 192 376 92 115 None 308 424 53 134 None 329 508 69 180 None 785 348 34 119 None 754 361 46 134 None 718 443 61 157 None 942 328 57 111 None 1066 440 54 138 None 1232 380 45 134 None
61983.jpg r_set 655 290 49 179 setting 828 278 68 97 None 716 418 92 147 None 1070 369 97 147 None 969 414 72 147 None 878 527 120 192 None 593 317 40 141 None 577 367 43 156 None 556 426 60 147 None 354 320 85 103 None 165 463 92 130 None 88 391 69 131 None
62118.jpg r_spike 1034 392 58 134 None 913 418 51 168 None 894 341 69 119 None 807 235 72 148 spiking 816 459 75 184 None 747 376 54 156 None 688 222 48 181 blocking 641 308 54 173 blocking 551 417 68 151 None 268 438 61 130 None 136 407 65 125 None 323 302 72 100 None
58646.jpg r_spike 809 234 57 154 spiking 946 299 51 114 None 974 338 71 140 None 910 419 53 137 None 780 373 75 133 None 758 460 65 141 None 623 266 42 175 blocking 598 291 63 175 blocking 408 418 89 128 None 270 311 54 106 None 187 466 85 117 None 116 383 60 120 None
60659.jpg l-pass 292 396 92 61 None 567 373 61 130 None 442 308 60 113 None 354 301 58 96 None 213 401 57 97 None 269 463 54 172 None 743 322 34 127 None 699 340 54 141 None 687 396 54 148 None 974 303 40 131 None 958 428 46 122 None 1240 343 37 127 None
9191.jpg l-spike 958 353 56 138 None 816 413 94 130 digging 812 288 79 111 digging 541 358 64 113 None 489 212 37 174 blocking 234 403 53 160 None 99 305 71 134 None 163 359 53 124 None 309 304 54 121 None 400 343 60 138 None 362 212 47 119 spiking
8332.jpg l-pass 976 443 66 165 None 993 359 66 137 None 823 314 116 130 None 642 361 82 97 None 528 402 54 161 None 511 466 57 150 None 425 281 48 133 None 439 316 72 141 None 407 452 71 150 None 238 411 88 77 None 241 344 82 114 None 39 374 83 145 None
9291.jpg l_set 202 297 56 192 setting 283 246 60 123 None 406 226 41 117 None 417 279 50 148 None 77 309 84 139 None 966 290 72 111 digging 953 422 92 158 None 630 304 62 172 None 642 356 56 148 None 1201 347 58 150 None
53656.jpg l-spike 448 437 79 88 None 377 396 101 176 spiking 348 322 48 116 None 290 459 75 130 None 243 371 69 100 None 201 421 80 120 None 547 367 66 223 blocking 559 343 60 199 blocking 852 343 83 111 None 1057 380 82 141 None 996 483 106 140 None
59805.jpg l-pass 906 360 80 131 None 833 449 42 142 None 743 326 88 107 None 601 340 65 111 None 501 394 46 126 None 486 433 34 157 None 356 455 57 149 None 390 341 38 142 None 419 294 49 126 None 254 367 99 130 setting 249 356 99 115 None 159 434 57 126 None
54640.jpg l-spike 960 353 71 140 None 888 286 52 117 None 860 424 69 136 None 611 413 84 125 None 515 255 47 164 blocking 527 239 35 167 blocking 418 223 50 134 spiking 417 351 65 104 None 386 391 94 113 None 323 441 52 137 None 209 365 65 132 None 176 319 90 116 None
3646.jpg r_set 197 356 51 130 None 280 444 72 125 None 437 319 43 103 None 939 465 85 151 None 1113 430 99 137 None 948 342 46 114 None 908 276 48 94 None 634 426 37 145 None 655 315 40 89 None 629 398 44 130 None 803 384 51 165 None 843 324 61 165 setting
8007.jpg l-spike 869 313 84 105 digging 872 442 94 128 digging 624 381 58 126 None 427 373 75 154 None 336 354 52 124 None 348 224 69 129 spiking 199 298 56 137 None 526 241 58 193 blocking 1004 395 77 128 None 30 472 89 173 None 130 370 72 128 None
8237.jpg l-pass 377 231 65 196 setting 593 280 74 109 None 569 334 93 133 None 375 362 65 165 None 224 324 63 128 None 717 298 35 144 None 750 297 56 107 None 1020 367 84 105 None 954 299 77 128 None 861 415 84 123 None 804 453 93 179 None 523 428 90 147 None
3596.jpg r-pass 161 422 59 138 None 264 338 36 105 None 578 360 54 110 None 717 425 97 142 None 812 261 48 110 None 922 332 57 105 None 947 409 55 135 digging 961 384 54 120 None 430 391 57 132 None 467 368 37 140 None 475 334 44 119 None
19001.jpg l-spike 981 339 79 106 None 893 490 113 130 None 632 468 67 149 None 489 412 75 155 None 495 356 69 149 None 442 289 54 134 None 309 354 63 148 None 223 414 99 149 None 394 479 97 170 None 1154 412 79 141 None 634 348 79 172 None 646 307 43 149 None
55424.jpg l_set 452 310 62 162 setting 385 262 59 106 None 415 357 47 101 None 214 335 58 126 None 261 398 52 119 None 252 485 85 164 None 649 298 54 118 None 641 356 54 132 None 621 425 54 154 None 991 314 52 104 None 1069 358 57 139 None 891 439 66 140 None
25994.jpg r_set 1128 388 102 147 None 763 269 46 162 setting 905 333 55 139 None 868 488 87 167 None 677 353 65 161 None 290 304 57 114 None 126 453 82 142 None 76 361 67 131 None 515 401 51 164 None 543 352 64 146 None 553 290 45 136 None 814 247 77 135 None
58376.jpg r-pass 876 397 55 128 None 894 355 37 111 digging 857 337 44 97 None 684 474 82 154 None 685 404 57 127 None 538 329 54 110 None 419 417 58 123 None 441 365 38 122 None 431 346 35 102 None 192 392 52 110 None 136 340 66 119 None 36 396 60 102 None
9201.jpg l-spike 955 351 60 127 None 807 409 92 128 None 801 284 68 113 None 524 348 64 125 None 467 232 56 156 blocking 196 398 66 162 None 314 311 49 122 None 102 316 58 115 None 154 359 62 116 None 374 259 56 141 None 383 342 51 137 None
35824.jpg r-pass 1060 377 117 180 None 977 352 102 102 None 675 384 90 155 None 585 250 98 182 setting 556 239 37 199 None 243 327 50 155 None 345 322 55 127 None 333 434 63 175 None 379 434 125 172 None 456 350 89 155 None 455 282 59 137 None 873 444 96 157 None
8027.jpg r-pass 813 398 92 156 digging 899 357 60 146 None 791 283 67 120 None 526 355 64 139 None 56 353 47 131 None 133 300 54 118 None 243 355 58 122 None 354 348 52 143 None 329 286 43 129 None 425 257 72 154 None
58546.jpg l-spike 776 341 60 126 None 1000 345 92 116 digging 1172 373 80 154 None 1111 489 99 143 None 653 376 56 203 blocking 445 401 54 171 spiking 539 300 54 133 None 562 400 80 135 None 392 344 84 99 None 219 368 94 99 None
53686.jpg l-pass 1010 365 53 155 None 864 337 61 113 None 832 476 57 134 None 528 427 62 168 None 544 421 40 155 None 546 399 56 142 None 281 493 93 104 digging 293 336 94 126 None 150 403 63 143 None 195 370 77 119 None 402 411 77 125 None 446 407 61 142 None
35809.jpg l-spike 860 467 107 145 None 636 415 71 164 None 969 344 96 107 None 1107 381 68 164 None 578 238 74 208 blocking 420 201 63 170 spiking 513 330 63 178 None 240 320 60 167 None 311 316 63 137 None 384 431 71 192 None 342 429 65 161 None
9116.jpg l-pass 251 272 50 101 digging 202 294 52 118 None 213 370 77 116 None 555 362 73 139 None 468 280 65 122 None 518 243 69 109 None 1119 361 50 129 None 1084 348 52 122 None 972 319 56 133 None 727 349 41 131 None 695 319 52 128 None 724 306 39 97 None
35419.jpg l-spike 123 330 58 137 None 206 316 129 131 None 254 401 86 137 None 295 461 114 171 None 520 376 73 135 None 543 258 71 141 spiking 647 406 56 148 None 648 298 56 165 blocking 651 293 43 128 None 654 291 33 152 blocking 876 440 92 135 None 940 341 73 96 None
