41235.jpg r_spike 768 473 49 139 None 797 427 42 116 None 825 399 28 95 None 705 316 49 130 spiking 679 390 32 121 None 652 350 42 100 None 583 366 42 156 blocking 595 313 44 175 blocking 497 455 84 137 None 305 384 65 91 None 260 447 69 123 None 252 413 42 112 None
38335.jpg l-spike 1061 484 68 133 None 1033 410 61 99 None 907 379 58 102 None 668 379 72 105 None 633 410 48 125 None 592 383 52 195 blocking 434 394 83 192 spiking 384 330 65 117 None 206 461 110 127 None 219 431 61 120 None 230 362 43 131 None
65565.jpg r_set 897 405 57 124 None 811 487 88 161 None 657 302 50 115 None 702 328 56 131 setting 525 365 38 148 None 383 430 34 138 None 414 389 36 141 None 379 352 46 116 None 174 381 62 93 None 31 446 63 133 None 1001 351 81 55 None
55270.jpg l_set 1027 496 62 133 None 987 432 58 111 None 964 363 58 131 None 646 477 60 129 None 656 406 49 123 None 660 382 41 105 None 506 396 56 119 None 393 415 45 148 setting 355 406 43 96 None 285 357 47 88 None 196 415 56 123 None 218 499 111 148 None
54670.jpg r_set 1059 378 71 148 None 978 332 61 137 None 887 326 38 158 digging 692 418 55 156 None 646 410 52 148 None 500 452 63 150 None 520 410 54 150 None 530 373 54 125 None 228 386 54 86 None 128 460 91 145 None 0 394 96 139 None 942 518 108 178 None
65205.jpg r_spike 782 298 44 130 spiking 865 376 55 123 None 951 410 62 114 None 816 446 65 133 None 774 463 58 167 None 705 408 46 144 None 637 297 46 193 blocking 402 466 107 109 None 283 389 62 79 None 270 471 58 93 None 161 437 63 91 digging
54625.jpg r-pass 896 345 65 116 None 851 412 55 122 None 772 428 48 131 None 545 418 94 111 None 502 451 48 151 None 529 443 37 156 None 99 398 55 137 None 129 451 58 139 None 314 438 38 106 None 376 446 43 142 None 423 415 52 130 None 417 375 55 111 None
55420.jpg l-spike 936 356 48 124 None 891 426 58 131 None 767 322 48 135 digging 642 388 50 139 None 554 261 56 154 blocking 549 253 39 156 blocking 461 338 60 120 None 445 249 71 144 spiking 337 357 48 103 None 268 398 47 133 None 381 426 50 143 None 222 370 45 124 None
55300.jpg l-spike 919 474 58 128 digging 833 421 73 99 digging 846 364 67 109 digging 606 392 64 90 None 505 387 58 182 blocking 529 378 47 160 blocking 462 386 54 111 None 381 436 101 139 spiking 402 433 45 103 None 368 354 41 103 None 294 416 69 124 None 232 439 56 129 None
55460.jpg r-pass 82 432 80 142 None 172 351 56 115 None 353 421 48 144 None 366 355 45 138 None 364 326 48 119 None 494 330 42 121 None 539 315 54 130 digging 534 393 82 107 None 644 398 62 156 None 733 409 54 149 None 880 360 96 138 None
29415.jpg r_spike 1126 449 85 170 None 779 362 54 148 None 837 341 120 235 spiking 906 366 80 131 None 778 362 55 148 None 632 355 49 240 blocking 629 319 52 241 blocking 532 380 75 122 None 296 336 57 125 None 142 426 72 170 None 55 368 88 141 None
75995.jpg l-spike 894 499 71 122 None 921 401 47 120 None 791 369 96 109 None 585 382 43 103 None 515 397 65 201 blocking 435 416 47 135 None 345 403 58 171 spiking 348 464 48 109 None 265 389 50 109 None 194 410 45 122 None 370 356 45 109 None
19855.jpg l-pass 299 441 54 103 None 428 365 31 107 None 492 461 62 148 None 549 476 82 147 None 676 440 50 125 None 777 397 35 145 blocking 815 434 37 113 None 835 409 43 115 None 986 461 39 103 None 342 501 80 96 digging 1188 437 58 117 None 1161 377 58 98 None
57550.jpg r_set 1079 414 65 154 None 1013 399 47 143 None 975 499 103 133 None 852 384 52 109 None 742 399 58 135 setting 620 415 45 139 None 396 462 58 129 None 425 435 39 133 None 423 407 50 114 None 58 492 58 131 None 128 382 64 107 None 1 420 56 129 None
29570.jpg r_set 1013 357 77 122 None 973 412 72 151 None 889 418 49 111 digging 813 495 79 182 None 766 333 60 127 None 668 405 68 161 None 352 417 63 168 None 425 369 51 170 None 425 336 48 144 None 160 324 52 141 None 35 416 71 192 None
57745.jpg r_set 115 472 68 147 None 240 353 63 122 None 452 447 63 145 None 455 413 52 141 None 501 381 48 134 None 603 390 54 153 None 845 369 49 123 None 1003 355 48 130 None 890 516 110 153 None 892 426 49 133 None 642 311 41 150 setting
41300.jpg l_set 1141 427 61 128 None 1073 497 95 130 None 1028 375 43 125 None 740 443 61 140 None 749 375 39 131 None 764 362 54 121 None 623 408 48 158 None 573 329 49 167 setting 469 343 74 105 None 351 367 45 121 None 225 401 66 146 None 142 454 98 165 None
55380.jpg l_set 973 445 56 139 None 1012 367 54 133 None 989 314 43 139 None 631 405 50 160 None 656 369 37 139 None 644 341 41 120 None 552 371 41 141 None 427 414 50 92 digging 347 324 48 90 None 289 499 77 154 None 194 452 71 152 None 87 391 84 129 None
38365.jpg r-pass 914 445 81 142 None 844 382 65 114 None 765 396 60 107 digging 660 425 67 144 None 553 484 116 140 None 660 352 55 102 None 391 474 58 170 None 410 348 42 125 None 273 415 77 133 None 58 445 70 151 None 90 381 67 140 None
65430.jpg l-pass 1097 385 69 139 None 991 430 52 120 None 996 389 44 112 None 852 430 53 149 None 802 365 68 129 None 826 338 34 125 None 753 357 40 102 None 745 330 53 124 None 619 407 68 103 None 377 495 127 88 digging 410 361 40 85 None 249 433 70 97 None
29510.jpg l-spike 1072 381 63 119 None 1107 467 83 127 digging 894 339 79 111 None 592 342 58 131 None 535 333 62 212 blocking 231 331 77 226 spiking 443 382 67 160 None 428 337 52 111 None 64 342 69 145 None 130 399 60 166 None 251 406 78 133 None
65100.jpg l-spike 946 496 91 131 None 942 412 91 103 digging 824 389 74 100 None 627 369 66 119 None 590 390 48 201 blocking 601 369 37 172 blocking 438 418 69 162 spiking 464 408 34 117 None 473 353 40 106 None 374 420 44 122 None 329 393 46 117 None 252 477 52 111 None
38410.jpg r_set 1027 539 109 167 None 937 431 62 158 None 867 384 30 158 setting 874 370 43 122 None 816 335 56 96 None 751 439 65 144 None 474 454 62 150 None 503 417 52 118 None 508 352 62 124 None 236 367 47 99 None 161 463 62 158 None 33 386 71 144 None
65415.jpg r_spike 977 393 79 128 None 919 422 65 119 None 927 397 57 105 None 838 447 65 147 None 760 373 48 131 None 811 256 34 161 spiking 565 422 52 114 None 688 287 48 162 blocking 338 367 49 80 None 217 407 60 91 None 302 456 82 113 None
41210.jpg r_set 872 537 79 131 None 817 448 60 127 None 842 403 48 92 digging 698 390 52 75 None 649 401 35 100 None 563 366 38 130 setting 437 463 46 117 None 457 431 40 127 None 464 391 43 99 None 265 400 48 92 None 91 417 48 125 None 10 434 77 127 None
75970.jpg l_set 530 381 41 131 setting 477 421 86 120 None 362 358 57 91 None 306 446 27 106 None 262 485 123 136 None 250 405 69 102 None 714 374 30 110 None 702 403 49 97 None 696 448 57 134 None 944 376 49 115 None 981 490 61 120 None 1146 412 57 144 None
29715.jpg l-spike 271 367 79 167 spiking 260 388 49 130 None 418 327 41 114 None 453 381 75 133 None 615 374 38 123 None 563 346 44 154 blocking 571 372 40 175 blocking 193 340 46 127 None 886 349 72 102 digging 1032 388 58 103 digging 1065 467 72 103 digging 78 454 54 162 None
65130.jpg r-pass 911 458 87 133 digging 537 431 61 162 None 667 335 55 119 None 651 383 57 110 None 573 465 85 149 None 914 395 49 133 None 420 422 52 127 None 387 371 34 129 None 333 440 48 115 None 228 431 53 130 None 120 426 58 112 None 386 465 55 145 None
54595.jpg l-spike 826 349 97 108 digging 931 414 79 103 digging 1000 482 110 137 None 614 365 48 110 None 559 389 41 216 blocking 558 387 38 172 blocking 460 389 69 123 None 375 410 48 103 None 324 378 51 189 spiking 307 328 51 102 None 138 434 69 128 None 103 422 68 134 None
41175.jpg r-pass 946 478 44 102 None 909 451 49 75 None 869 510 41 119 None 836 430 43 79 digging 731 479 46 113 None 610 445 46 108 None 515 460 30 116 None 475 456 40 116 None 526 418 26 106 None 374 419 34 94 None 269 440 35 120 None 66 434 66 106 None
65605.jpg r_spike 837 432 90 142 None 865 358 68 104 None 1079 311 52 119 None 702 382 97 167 spiking 639 404 75 142 None 688 312 52 127 None 537 349 82 210 blocking 295 364 82 112 None 189 399 68 82 digging 25 426 67 90 None 33 485 76 133 None
76165.jpg l_set 1079 390 70 132 None 955 471 60 132 None 928 335 75 130 None 715 342 42 129 None 669 433 50 161 None 673 381 49 105 None 571 369 50 157 setting 554 339 50 146 setting 398 461 73 144 None 408 390 45 102 None 358 318 63 105 None 198 397 82 133 None
65175.jpg r_set 983 459 78 138 None 944 381 74 137 None 812 333 78 120 None 684 363 50 155 setting 645 409 71 175 None 466 462 49 128 None 502 437 43 138 None 481 376 53 135 None 255 392 57 86 None 132 473 67 120 None 66 422 56 126 None 873 512 139 161 None
57795.jpg l-pass 1112 445 70 160 None 898 334 51 113 None 883 490 64 138 None 772 451 54 164 None 834 429 73 136 None 688 456 64 170 spiking 502 392 53 106 None 318 483 102 128 None 319 423 85 123 None 372 394 53 102 None 702 461 56 140 None
65075.jpg l_set 1156 414 58 131 None 997 380 56 116 None 983 479 75 132 None 738 467 58 143 None 753 361 48 143 None 731 387 62 154 None 597 362 48 137 setting 274 426 74 121 None 411 377 47 116 None 383 476 129 157 None 29 477 92 115 None 438 335 54 103 None
29350.jpg r-pass 963 430 87 128 None 867 472 60 149 None 871 430 64 77 None 831 344 55 109 None 708 410 55 142 None 522 388 49 125 None 197 373 58 145 None 69 382 54 134 None 423 408 48 135 None 412 348 47 147 None 435 360 39 151 None
65385.jpg r_set 1008 379 71 139 None 926 423 58 145 None 855 474 88 159 None 843 318 91 113 None 719 360 86 167 None 758 298 46 170 setting 516 435 63 145 None 551 392 51 139 None 546 361 46 127 None 264 370 61 92 None 180 438 61 131 None 59 405 57 119 None
19990.jpg r_spike 765 419 53 96 None 745 381 68 117 None 657 455 51 155 None 621 393 73 160 None 691 383 41 126 None 654 285 58 138 spiking 182 426 66 117 None 229 437 83 132 None 277 365 73 94 None 516 434 66 159 None 545 391 47 147 None 555 288 45 157 blocking
41340.jpg r-pass 987 498 59 96 digging 1027 399 59 110 None 923 351 77 107 None 615 358 71 115 None 526 382 80 143 blocking 524 343 27 168 blocking 394 320 38 127 None 370 391 69 138 None 343 425 55 162 None 252 402 67 119 None 206 415 62 149 None 250 349 50 105 None
20095.jpg l-spike 1025 474 65 120 digging 1037 407 70 110 digging 865 359 75 104 digging 682 397 67 118 digging 557 381 49 172 blocking 540 357 65 175 blocking 417 383 71 178 spiking 458 409 70 136 None 268 442 66 143 None 430 333 49 121 None 173 373 67 121 None 191 408 65 127 None
55295.jpg l-spike 966 489 106 127 None 858 435 66 89 digging 853 365 83 114 digging 612 385 66 92 None 538 397 51 185 blocking 550 387 37 173 blocking 482 391 43 108 None 377 432 61 134 spiking 416 438 46 106 None 361 354 44 94 None 301 409 55 123 None 239 451 61 119 None
29610.jpg r_spike 611 390 68 151 None 686 351 68 115 None 703 377 124 172 spiking 935 416 79 134 None 882 361 62 138 None 895 322 91 128 None 516 320 49 259 blocking 509 324 51 232 blocking 405 356 70 128 None 145 334 64 126 None 12 422 68 170 None
29385.jpg r_set 983 531 137 178 None 878 415 97 165 None 876 396 73 111 None 804 327 50 135 None 682 360 71 141 None 573 397 75 188 setting 351 445 69 182 None 379 396 60 173 None 376 364 47 161 None 85 331 84 141 None
65350.jpg r-pass 952 377 75 144 None 773 421 47 138 None 592 368 74 169 setting 569 361 57 137 None 631 361 44 123 None 609 332 36 113 None 370 440 51 138 None 331 378 63 102 None 174 417 70 140 None 3 390 60 130 None 446 390 50 148 None 459 357 46 127 None
54715.jpg r_spike 1143 349 58 141 None 972 376 50 92 None 952 448 75 143 digging 870 405 73 141 None 775 369 62 167 None 770 414 39 99 None 663 363 60 188 blocking 665 353 65 175 blocking 467 371 65 103 digging 351 381 56 86 digging 310 478 60 120 None 164 416 56 133 digging
76105.jpg r_spike 965 395 43 136 None 839 305 57 152 setting 903 394 53 110 None 941 361 42 132 None 785 420 49 149 None 746 378 49 140 None 629 363 43 119 None 606 355 55 108 None 482 415 52 119 None 262 445 100 132 None 283 377 47 85 None 184 384 42 135 None
57685.jpg l-spike 991 373 41 129 None 795 458 77 133 None 684 377 52 103 None 597 432 60 129 None 507 302 45 167 blocking 361 466 54 137 None 390 428 56 116 None 361 403 45 124 None 372 317 60 114 spiking 313 359 39 122 None 217 434 45 124 None
65260.jpg l_set 1123 356 60 156 None 1020 407 52 152 None 833 416 48 161 None 859 362 41 156 None 848 338 47 152 None 586 361 54 137 None 528 324 62 118 None 437 376 45 109 None 297 481 54 156 digging 266 446 82 156 None 210 447 90 71 None
19970.jpg r_set 895 388 76 106 None 812 423 42 116 None 783 483 80 147 None 726 346 57 89 None 622 436 65 119 None 595 344 51 144 setting 469 432 32 153 None 489 404 43 143 None 474 363 36 110 None 265 376 51 96 None 168 440 48 131 None 95 427 54 124 None
57825.jpg l-pass 1061 386 51 161 digging 965 472 97 148 None 866 351 38 127 None 805 410 61 154 None 763 455 58 170 None 667 477 60 151 digging 603 563 66 114 None 434 477 65 159 None 429 403 51 136 None 423 393 61 137 None 475 375 44 127 None 1241 386 37 175 None
57610.jpg l-pass 1119 391 75 116 None 1047 426 49 156 None 952 356 60 119 None 790 456 57 133 None 704 409 44 131 None 654 438 35 145 None 616 452 29 139 None 605 435 38 136 None 407 480 79 120 digging 390 361 51 106 None 303 384 48 105 None 222 414 68 122 None
65035.jpg l-pass 1206 379 53 121 None 973 451 56 119 None 971 400 44 116 None 844 366 35 128 None 804 406 46 121 None 793 378 32 116 None 713 443 39 125 None 528 400 58 118 None 412 366 44 109 None 326 413 56 91 None 279 471 46 95 digging 179 428 60 107 None
75930.jpg l-pass 254 494 55 85 digging 218 476 60 80 digging 249 413 41 98 None 414 385 30 89 None 489 400 41 102 None 593 442 54 107 None 740 421 37 113 None 714 412 31 110 None 703 408 43 150 blocking 902 382 27 111 None 875 465 51 110 None 1185 427 74 117 None
57705.jpg r-pass 921 406 117 80 None 765 422 69 117 None 619 426 55 128 None 631 367 57 102 None 491 363 52 120 None 480 351 32 117 None 435 374 29 127 None 397 442 38 134 None 390 409 24 123 None 334 372 55 96 None 250 390 57 122 None 195 428 41 123 None
29435.jpg l-pass 1029 408 51 147 None 999 362 63 127 None 970 428 55 153 None 821 438 61 154 None 822 370 61 144 None 731 426 48 179 None 702 407 61 184 None 576 431 106 91 digging 429 341 48 141 None 218 418 89 162 None 137 386 68 141 None
54525.jpg l-pass 1046 414 36 133 None 889 454 49 123 None 807 429 49 130 None 760 409 35 117 None 720 413 35 131 None 540 450 80 109 None 423 495 64 123 None 374 366 31 90 None 332 411 54 93 None 258 506 68 99 digging 176 460 76 125 None
76055.jpg r_set 996 336 58 121 None 941 387 70 130 None 851 522 85 164 None 711 440 46 142 None 732 451 44 118 None 448 459 69 130 None 476 414 28 135 None 458 388 55 103 None 272 396 51 89 None 165 444 44 132 None 53 400 56 127 None 839 407 69 150 digging
41440.jpg r_spike 933 391 58 120 None 764 375 61 117 None 743 287 57 114 spiking 689 375 52 120 None 700 423 65 102 None 711 454 74 154 None 584 279 55 172 blocking 533 377 49 113 None 471 420 63 128 None 209 432 69 137 None 192 355 57 110 None 0 408 43 153 None
76125.jpg l-pass 1043 369 39 134 None 994 422 48 105 None 998 392 56 123 None 820 338 54 120 None 798 407 42 152 None 794 376 37 125 None 530 444 69 137 None 566 415 67 130 setting 575 363 44 112 None 532 338 34 111 None 361 378 59 104 None 243 397 62 131 None
19935.jpg r-pass 922 412 45 111 None 882 389 52 102 digging 807 450 80 137 None 699 406 70 123 None 705 348 36 119 None 497 384 43 121 None 386 433 37 156 None 419 390 34 143 None 359 375 56 130 None 271 409 55 119 None 190 368 46 105 None 43 458 53 143 None
41245.jpg l-pass 836 429 62 118 None 859 397 37 91 None 742 452 71 133 None 733 397 56 112 None 725 379 45 104 None 710 333 36 104 None 310 442 93 130 digging 522 450 98 110 None 288 403 51 132 None 323 389 63 80 None 603 370 68 124 None 655 342 38 143 blocking
55340.jpg l-pass 931 341 52 115 None 856 396 43 131 None 694 446 54 119 None 567 463 68 150 None 554 415 49 107 None 501 425 60 176 None 383 523 68 99 None 392 408 66 127 None 402 389 74 109 None 313 436 49 101 None 194 490 82 109 digging 85 412 82 137 None
41485.jpg l-pass 1189 350 84 130 None 1133 444 60 135 None 932 442 56 149 None 942 349 79 111 None 919 362 46 133 None 653 396 74 151 None 698 355 42 149 None 731 307 39 130 None 418 349 58 107 None 371 416 60 170 None 268 358 56 156 digging
29680.jpg l_set 1220 479 57 119 None 1194 347 43 120 None 846 433 72 140 None 865 379 43 130 None 837 327 49 132 None 711 360 55 169 None 484 395 51 197 setting 521 305 54 108 None 430 327 62 130 None 223 375 66 136 None 110 431 100 164 None
65465.jpg l-pass 1160 373 52 150 None 1095 444 73 143 None 1031 363 65 126 None 787 397 37 152 None 790 355 33 150 None 799 335 32 150 None 691 370 37 143 None 559 386 43 82 digging 571 329 84 118 None 581 364 47 122 digging 155 437 92 158 None 462 579 82 84 None
38315.jpg l_set 1135 438 56 111 None 1113 500 65 146 None 1008 394 47 107 None 733 476 43 116 None 724 409 43 126 None 711 392 35 118 None 394 462 86 139 None 415 382 88 154 setting 319 359 48 96 None 225 465 64 129 None 191 398 92 139 None 68 412 60 124 None
57780.jpg r_spike 1177 400 60 167 None 1048 444 84 150 None 895 462 107 146 digging 828 327 43 114 None 726 384 87 215 spiking 726 419 127 175 None 639 385 56 197 blocking 465 380 50 99 None 266 372 88 114 None 214 498 73 135 None 79 418 118 141 None
38270.jpg l-pass 989 433 41 102 None 892 422 38 102 None 739 440 40 104 None 705 428 40 103 None 706 409 38 110 None 624 417 38 106 None 504 412 56 80 None 389 405 44 95 digging 341 469 54 86 None 328 418 38 86 None 189 431 44 123 None 1058 439 68 110 None
57650.jpg l_set 361 371 79 168 setting 691 361 67 114 None 591 390 43 135 None 573 430 48 155 None 839 348 48 113 None 987 386 37 154 None 886 472 57 138 None 461 487 59 77 None 348 507 60 157 None 239 466 54 147 None 208 341 63 81 None 209 377 48 133 None
55225.jpg l-pass 1022 424 32 136 None 873 457 50 127 None 747 433 51 130 None 700 411 35 127 None 740 414 30 112 None 471 447 81 106 None 389 495 66 118 None 342 424 59 84 None 359 374 32 92 None 238 487 49 107 digging 190 467 46 112 digging
55440.jpg r-pass 578 412 45 107 digging 548 417 107 64 None 716 406 56 135 None 817 354 52 126 None 466 319 39 122 None 505 308 35 131 None 398 310 45 105 None 383 344 58 118 None 351 415 48 135 None 270 356 41 105 None 180 407 43 131 None 95 381 56 131 None
19880.jpg l-pass 1237 431 40 136 None 1064 366 60 118 None 1065 498 77 114 None 790 453 50 137 None 770 399 47 143 blocking 774 383 39 124 None 615 499 111 75 None 492 431 62 150 None 388 486 64 182 None 283 462 65 152 None 266 428 64 105 None 430 353 35 101 None
41395.jpg r_set 1009 435 75 117 digging 936 485 91 136 None 858 390 54 127 None 714 319 44 105 None 771 520 69 170 None 618 396 58 136 None 406 365 38 145 None 397 417 41 154 None 314 425 60 147 None 99 363 68 110 None 63 435 49 161 None 13 382 58 156 None
65315.jpg l-spike 478 302 43 113 spiking 506 377 35 133 None 617 410 46 131 None 437 412 58 89 None 340 412 48 114 None 244 458 51 128 None 579 300 41 179 blocking 815 367 89 106 None 977 392 60 108 None 926 462 75 113 None 156 392 48 108 None
76180.jpg l-spike 898 481 111 134 None 947 388 62 115 None 854 348 51 126 None 622 357 62 108 None 566 364 57 225 blocking 586 392 43 110 None 524 347 34 125 None 474 430 37 105 None 425 379 55 204 spiking 406 325 58 107 None 285 395 58 135 None 399 403 72 101 None
76010.jpg r-pass 791 469 111 106 None 787 396 60 100 None 834 359 44 105 None 499 422 83 142 digging 561 402 66 85 None 468 441 38 142 blocking 384 418 60 125 None 382 361 34 120 None 350 468 46 137 None 332 453 30 117 None 178 389 54 106 None 137 436 61 116 None
41450.jpg l-pass 304 361 54 112 digging 527 417 92 116 None 587 371 62 118 None 661 287 62 163 blocking 289 448 96 129 digging 56 427 58 150 digging 983 402 50 118 None 837 382 69 97 digging 778 352 80 97 None 776 419 52 107 None 733 452 80 137 None 742 381 65 120 None
41530.jpg l-spike 1110 386 61 113 None 1089 477 65 116 digging 958 455 66 130 digging 978 349 44 113 None 627 295 35 158 blocking 636 280 32 164 blocking 515 372 55 141 None 469 256 63 175 spiking 416 388 72 117 digging 271 407 83 139 None 314 359 49 117 None 16 360 61 153 None
41325.jpg l-spike 1098 420 75 111 None 1080 511 86 120 digging 991 371 92 107 None 659 362 47 107 None 616 350 48 184 blocking 616 344 30 178 blocking 457 439 54 158 None 441 333 54 118 None 383 362 60 118 None 324 345 65 154 spiking 229 431 84 156 None 274 385 64 126 None
65220.jpg l-pass 991 417 52 117 None 911 382 47 111 digging 851 460 56 154 None 768 454 62 156 None 747 395 66 129 None 784 355 47 127 None 696 351 43 137 None 657 369 58 117 None 400 456 92 139 None 293 456 64 131 None 313 392 54 86 None 194 425 68 111 digging
20010.jpg l_set 826 406 39 106 None 790 372 66 85 None 770 372 46 117 None 727 439 36 148 None 716 398 51 130 None 709 344 41 99 None 611 326 50 157 setting 654 343 38 109 None 482 438 99 146 None 495 419 48 99 None 444 357 42 101 None 334 405 61 117 None
54570.jpg l_set 1105 485 82 146 None 1074 409 62 126 None 1024 344 54 133 None 718 464 50 152 None 729 392 50 137 None 726 358 24 116 None 497 383 80 120 None 400 385 58 158 setting 387 397 41 92 None 283 334 67 90 None 217 407 47 124 None 188 490 133 150 None
29530.jpg r-pass 967 383 86 119 None 881 449 58 115 None 760 346 72 123 None 580 399 45 123 digging 478 432 49 158 None 468 415 58 162 None 298 426 88 166 None 361 396 68 156 None 366 332 50 143 None 172 398 54 135 None 3 418 80 168 None
29625.jpg l-pass 967 387 75 143 digging 963 451 57 123 None 874 321 81 127 None 810 365 88 112 None 772 479 69 97 None 730 408 64 134 digging 649 397 39 192 blocking 655 356 36 214 blocking 529 357 95 139 None 236 335 107 123 None 144 416 60 176 None 72 376 64 154 digging
20055.jpg l_set 1144 473 65 132 None 1218 395 60 120 None 1000 348 57 115 None 748 432 60 137 None 737 387 55 139 None 739 353 46 128 None 646 360 47 142 None 450 343 42 147 setting 351 367 47 112 None 468 313 54 100 None 224 395 66 140 None 249 460 108 162 None
38490.jpg r_winpoint 244 414 53 154 None 409 426 85 140 None 723 366 56 125 None 702 354 64 117 None 613 426 50 135 None 495 406 61 40 None 942 398 49 125 None 972 432 39 136 None 1080 407 53 141 None 1017 420 59 132 None 991 393 52 128 None 1037 396 43 121 None
31500.jpg r_winpoint 1065 454 71 162 None 1032 388 48 141 None 963 412 81 139 None 918 437 63 129 None 878 383 49 131 None 840 394 71 137 None 664 420 58 170 None 596 403 66 163 None 487 359 73 134 None 355 434 63 151 None 311 372 67 127 None 378 368 88 123 None
37665.jpg r_winpoint 876 450 63 134 None 947 364 46 153 None 866 364 52 131 None 748 446 57 164 None 720 412 46 172 None 774 389 41 141 None 366 393 83 153 None 273 448 106 186 None 183 426 88 164 None 196 386 61 98 None 297 364 48 116 None 282 422 60 156 None
30945.jpg l_winpoint 902 363 44 137 None 782 332 52 118 None 820 466 71 125 None 748 505 86 96 None 456 373 47 139 None 436 346 46 122 None 278 394 52 150 None 330 351 42 134 None 99 406 44 126 None 149 436 43 151 None 171 363 45 133 None
36450.jpg l_winpoint 965 345 45 149 None 882 455 91 69 None 803 335 46 138 None 664 368 100 168 None 690 470 70 190 None 487 532 75 135 None 377 391 65 174 None 338 389 97 178 None 293 401 80 167 None 151 392 102 162 None 232 367 105 160 None 343 354 85 165 None
51435.jpg r_winpoint 1067 416 116 134 None 989 397 66 130 None 925 435 89 169 None 842 448 50 160 None 851 389 64 159 None 864 361 38 143 None 677 465 62 165 None 541 455 80 159 None 543 362 61 113 None 410 440 39 137 None 305 446 86 53 None 308 400 65 79 None
41580.jpg l_winpoint 1041 387 49 140 None 918 336 41 129 None 787 391 58 142 None 666 509 52 151 None 700 336 37 120 None 443 362 60 145 None 396 375 54 139 None 430 329 36 135 None 307 372 89 147 None 253 353 79 152 None 344 364 61 114 None 898 486 61 141 None
39150.jpg l_winpoint 822 390 106 166 None 874 399 87 103 None 777 314 68 137 None 532 358 59 147 None 495 418 92 167 None 463 377 47 159 None 228 379 89 181 None 151 398 95 178 None 144 353 77 161 None 62 404 98 168 None 56 392 94 153 None 0 389 65 167 None
44940.jpg l_winpoint 1152 497 108 138 None 904 416 100 109 None 704 474 67 79 None 662 367 44 138 None 585 459 79 134 None 602 430 83 128 None 426 389 49 159 None 422 380 100 151 None 333 427 92 146 None 277 365 75 146 None 234 409 76 166 None 156 386 57 151 None
35820.jpg r_winpoint 1028 348 80 165 None 934 389 89 145 None 978 333 46 137 None 843 358 61 169 None 846 333 90 161 None 804 320 70 152 None 475 343 93 172 None 370 411 68 219 None 334 450 53 93 None 191 390 108 131 None 298 299 60 173 None 379 276 50 149 None
