39095.jpg l_set 1220 366 54 135 None 918 412 41 156 None 905 371 45 127 None 902 309 50 154 blocking 755 335 43 133 None 498 352 90 127 None 421 425 47 129 None 276 456 84 164 None 259 443 94 52 None 786 373 51 127 None
66325.jpg r-pass 929 487 62 159 None 939 408 55 144 None 864 378 52 126 None 810 315 54 135 None 659 438 99 141 digging 457 397 65 131 None 340 431 50 167 None 368 400 32 159 None 364 370 35 122 None 55 450 66 155 None 41 375 59 129 None
32280.jpg r_spike 1098 387 60 148 None 914 336 58 123 digging 856 429 41 139 None 735 366 94 164 spiking 782 370 68 137 None 633 338 49 217 blocking 390 326 60 103 digging 78 432 82 141 digging
66380.jpg l-pass 1145 408 48 137 None 954 381 48 151 None 857 410 48 121 None 913 332 57 140 None 913 427 55 133 None 878 491 74 160 None 708 359 78 127 None 788 417 44 146 None 745 475 78 156 None 404 462 57 151 None 401 410 96 72 digging 335 405 54 130 None
39060.jpg l-pass 1192 384 84 127 None 1120 404 56 156 None 1056 382 50 141 None 840 426 54 162 None 800 401 66 160 blocking 782 358 58 154 None 679 448 68 133 None 461 352 109 123 None 206 452 70 141 None 45 415 64 159 None 262 424 50 121 None 287 382 56 89 digging
66365.jpg r_spike 998 385 43 128 None 887 404 97 160 None 851 334 75 120 None 726 316 69 158 spiking 720 379 62 156 setting 833 532 86 122 None 556 463 92 152 None 629 317 43 203 blocking 599 357 45 135 None 219 488 77 133 None 170 407 62 139 None 217 393 73 86 digging
66475.jpg r-pass 1022 454 56 92 None 791 438 117 148 None 767 329 50 127 None 626 479 105 133 None 461 331 58 139 None 439 313 39 154 blocking 368 372 41 158 None 255 478 60 162 None 343 332 39 150 None 271 373 37 117 None 288 420 88 137 None
77330.jpg l-pass 463 429 64 148 digging 563 464 62 160 None 562 258 49 121 None 531 354 52 152 None 316 377 49 150 None 811 443 58 137 None 927 428 50 150 None 915 383 47 154 None 899 344 70 143 None
77145.jpg l_set 1124 464 55 147 None 1099 352 60 130 None 779 422 46 142 None 776 367 37 147 None 784 335 42 130 None 651 426 67 146 None 503 285 53 189 setting 535 275 42 109 None 291 366 53 151 None 287 445 79 105 None 313 464 72 163 None
77185.jpg l-spike 583 243 62 168 blocking 1190 443 58 147 None 953 474 92 139 None 755 454 98 139 None 789 347 54 115 None 492 221 66 166 spiking 384 442 86 133 None 455 351 50 147 None 420 400 43 127 None 319 338 58 133 None 200 383 43 135 None
77960.jpg r_set 1065 433 70 94 None 885 387 98 141 None 901 520 113 145 None 794 303 101 129 None 750 317 56 160 None 705 282 50 182 setting 476 439 76 156 None 520 345 56 176 blocking 534 343 29 145 None 158 349 41 129 None 106 479 76 135 None 80 415 56 129 None
52640.jpg l_set 1046 387 71 156 None 1003 460 54 151 None 916 364 55 134 None 637 362 40 141 None 623 418 44 164 None 634 464 38 153 None 479 370 74 179 setting 518 481 58 145 None 324 384 55 142 None 245 317 72 113 None 239 466 75 158 None 17 407 77 150 None
77360.jpg l_set 1124 464 79 141 digging 1155 413 96 133 digging 1070 370 86 122 None 739 344 72 134 None 738 387 55 145 None 741 440 66 141 None 605 345 57 185 setting 538 362 65 139 None 521 266 85 110 None 285 378 110 145 None 364 503 102 153 None 253 416 43 151 None
66425.jpg l_set 995 463 97 168 None 1073 371 98 126 None 805 457 63 137 None 808 404 49 154 None 815 353 56 144 None 733 368 48 140 None 645 396 53 210 setting 546 316 91 119 None 482 525 90 179 None 344 395 100 112 None 233 398 63 154 None
39185.jpg r_set 1121 430 96 117 None 834 330 48 178 setting 745 422 78 145 None 666 354 41 150 None 819 304 72 99 None 815 567 74 92 None 549 426 74 143 None 575 378 48 145 None 561 358 37 139 None 270 426 74 156 None 265 360 60 115 None 64 406 47 143 None
39135.jpg l-spike 1120 394 64 137 None 980 352 52 123 None 916 434 62 162 None 582 249 74 205 blocking 452 243 70 158 spiking 538 372 35 131 None 478 387 54 143 None 314 446 82 152 None 340 387 50 123 None 1 408 47 127 None
77290.jpg r_spike 865 361 75 160 setting 869 462 106 126 None 615 321 64 126 None 582 454 77 156 None 501 377 65 142 None 176 437 54 152 None 100 374 62 151 None 123 329 46 146 None 948 372 89 71 None 25 473 66 156 None
35775.jpg r_spike 1014 401 51 135 None 837 442 60 140 None 786 345 88 135 None 666 345 93 184 spiking 594 354 42 207 blocking 585 340 58 194 blocking 296 441 63 151 None 267 367 69 127 digging
36070.jpg r_spike 1224 466 52 128 None 832 404 67 131 None 778 393 50 143 None 682 426 50 135 None 732 399 64 180 spiking 715 336 77 146 None 622 382 43 205 blocking 577 395 67 126 None 270 387 77 126 None 129 460 86 129 None 214 481 77 152 digging
70170.jpg r-pass 702 461 103 160 None 760 407 60 158 None 792 373 80 131 None 603 407 56 147 None 761 337 60 156 setting 440 345 52 137 None 333 461 43 156 None 328 375 29 154 None 74 376 70 141 None 2 453 99 168 None
32345.jpg r_spike 792 489 102 142 None 956 416 47 146 None 964 298 93 124 None 899 373 60 140 None 684 322 102 156 spiking 668 327 60 162 None 305 342 60 118 None 146 418 61 145 digging 18 373 67 148 None 555 351 37 110 None 534 440 53 133 None 548 403 51 134 None
77255.jpg r-pass 1032 378 64 147 None 978 436 62 139 None 936 467 70 162 None 843 362 64 164 None 808 367 162 68 None 816 281 54 117 None 1 452 76 152 None 422 421 39 150 None 412 371 49 121 None 395 333 50 145 None 11 359 35 107 None
29630.jpg r-pass 679 309 58 121 digging 999 317 50 140 None 953 400 62 145 None 912 368 54 146 None 863 402 48 146 None 600 368 64 149 None 18 471 72 149 None 118 340 82 135 None 403 352 40 116 None 415 366 30 156 None 398 396 44 167 None
36045.jpg r_set 1097 485 62 144 None 897 415 97 121 None 748 331 103 116 None 767 481 82 137 None 632 417 62 148 None 543 385 62 165 setting 3 422 47 144 None 58 467 69 158 digging 119 398 84 118 None 417 467 67 141 None 447 417 50 152 None 443 380 54 126 None
70060.jpg l_set 1197 365 69 142 None 860 370 65 125 None 846 396 61 144 None 839 435 71 153 None 701 379 79 117 None 550 364 57 185 setting 490 311 54 113 None 378 401 74 142 None 205 460 106 136 None 392 357 60 120 None
52615.jpg l_set 998 402 54 145 None 942 438 58 147 None 888 365 78 135 None 687 450 47 152 None 640 378 41 176 None 656 368 52 139 None 531 408 56 182 setting 469 402 66 143 None 437 471 80 150 None 338 406 45 129 None 331 314 56 123 None 87 414 74 149 None
40070.jpg l-pass 1119 383 44 137 None 1005 456 96 159 None 968 412 60 154 None 1062 413 58 125 None 948 344 55 116 None 713 458 79 133 None 545 462 79 147 None 479 349 65 119 None 395 419 55 142 digging 859 325 63 145 None 865 303 71 161 blocking
40030.jpg r_set 865 387 43 127 None 797 419 84 119 None 663 345 78 119 None 537 305 49 164 setting 498 445 72 135 None 1 404 50 107 None 361 375 49 109 None 354 417 56 148 None 329 463 78 156 None 671 503 85 154 None
52455.jpg l-pass 1045 406 48 133 None 1000 382 41 148 None 956 388 48 161 None 846 423 63 144 None 608 356 63 137 None 216 492 68 156 None 453 367 44 108 None 369 472 49 123 None 401 442 72 79 digging
70135.jpg l-pass 1124 405 61 152 None 1015 419 44 169 None 933 333 81 137 None 736 417 74 148 None 658 353 68 134 None 647 319 86 134 None 515 348 46 152 None 328 476 123 142 None 430 382 72 89 None 490 417 111 43 None 221 387 88 131 None 359 432 100 111 digging
70095.jpg l-spike 1003 432 76 132 None 940 464 74 140 None 593 433 98 126 None 518 278 42 193 blocking 412 289 67 125 None 330 370 67 118 None 441 369 42 140 None 271 470 93 156 None 130 424 55 140 None 106 399 41 133 None 891 359 80 108 digging
32195.jpg r-pass 1058 294 44 142 None 943 450 49 161 None 867 394 81 137 None 843 366 58 125 None 644 485 100 105 None 526 445 56 79 digging 76 366 58 130 None 360 418 56 158 None 389 396 39 156 None 375 368 37 116 None
70090.jpg l-spike 997 464 93 144 digging 1057 426 81 126 digging 952 359 72 112 digging 623 421 79 130 None 571 251 46 238 blocking 479 359 60 140 None 453 249 55 156 spiking 386 370 51 139 None 310 471 74 154 None 183 429 56 149 None 165 404 49 125 None
36145.jpg r_set 887 376 39 134 None 825 439 74 114 None 735 318 82 97 None 720 525 124 145 None 698 413 58 131 None 664 329 50 177 setting 409 383 58 113 None 401 427 71 138 None 388 470 72 145 None 7 470 88 159 None 31 391 68 107 None
39275.jpg l-pass 1187 371 72 143 None 946 418 64 164 None 947 379 62 152 None 955 364 46 143 None 835 363 56 146 None 663 315 57 133 None 359 449 81 160 None 394 389 47 133 None 343 407 62 144 None 588 305 89 139 setting
40200.jpg l-pass 1226 382 51 137 None 1076 349 37 137 None 1031 448 58 137 None 760 389 74 151 None 761 317 51 111 None 709 340 53 151 None 557 365 60 134 None 193 401 54 138 None 427 435 48 142 None 424 422 68 120 digging 454 342 54 151 None 482 329 60 126 None
36100.jpg r-pass 966 443 62 128 digging 856 387 81 149 digging 665 500 74 158 None 707 320 62 142 None 690 424 53 133 None 696 385 53 135 None 529 477 48 168 None 495 382 46 135 None 447 492 62 161 None 192 381 56 137 None 144 454 46 170 None 54 418 46 151 None
40055.jpg r_spike 1049 408 47 141 None 723 222 43 197 spiking 784 373 72 139 None 772 418 60 117 None 723 453 68 166 None 696 428 60 146 None 595 294 41 193 blocking 499 464 78 152 None 245 488 99 133 None 195 366 53 119 None 90 453 82 121 None 597 241 65 206 blocking
36170.jpg r_spike 1068 413 60 139 None 922 388 79 134 None 832 474 60 142 None 775 413 74 156 None 730 406 115 197 spiking 749 342 76 117 None 619 403 49 215 blocking 543 375 72 124 None 216 383 82 119 None 123 442 85 110 None 189 480 84 151 digging
40260.jpg l-spike 1012 489 80 143 None 1014 392 80 114 None 832 382 90 118 None 611 350 90 126 digging 581 373 48 212 blocking 406 401 65 176 spiking 487 438 79 150 None 372 418 67 122 None 492 339 71 148 None 476 309 54 137 None 118 398 94 120 None
52580.jpg r-pass 950 378 37 158 None 893 410 35 137 None 815 464 80 150 None 857 359 47 133 None 671 392 92 150 None 642 366 74 117 digging 563 396 50 137 None 547 363 45 133 None 268 354 43 121 None 248 445 51 155 None 17 404 78 149 None
35860.jpg r_spike 1059 460 55 144 None 946 370 66 141 None 843 446 51 142 None 760 421 102 139 None 753 345 74 120 None 648 364 55 198 blocking 633 371 63 229 blocking 222 364 89 106 None 65 430 72 119 None 289 461 116 141 None 752 415 111 164 spiking
66355.jpg r_set 913 534 105 147 None 936 413 142 139 None 966 364 74 130 None 876 333 63 111 None 704 368 58 184 None 659 330 52 175 setting 507 449 75 145 None 563 418 55 130 None 547 356 38 127 None 154 495 89 130 digging 160 396 74 96 None 98 416 69 133 None
52490.jpg r-pass 1127 419 58 148 None 1045 385 75 118 None 1057 498 82 124 None 842 410 41 156 None 777 379 52 186 setting 781 376 56 112 None 629 399 69 133 None 564 398 58 139 None 387 334 65 120 None 291 476 65 141 None 181 484 48 163 None 73 439 105 92 None
35780.jpg r_spike 1049 412 60 130 None 845 438 46 151 None 814 345 63 140 None 698 356 67 146 spiking 721 396 58 135 None 628 340 53 188 blocking 616 332 58 170 blocking 360 439 65 147 None 323 367 65 130 None
35675.jpg r-pass 867 464 71 145 None 857 416 41 108 None 750 364 86 120 digging 673 334 61 128 None 622 311 61 136 None 456 392 75 127 None 346 396 29 159 None 327 432 35 154 None 245 398 58 161 None 23 451 50 162 None
39220.jpg r_spike 1057 464 61 181 None 787 240 51 182 spiking 925 430 65 131 None 947 388 69 136 None 823 458 65 176 None 806 381 74 122 None 691 261 58 154 blocking 702 274 49 175 blocking 654 421 74 127 None 350 471 82 150 digging 253 364 54 117 None 72 446 65 134 None
32305.jpg r-pass 973 438 92 97 None 905 329 64 145 None 767 443 61 133 None 707 387 57 158 None 696 359 50 131 None 629 443 55 130 None 578 438 30 141 None 543 431 54 162 None 494 453 81 160 None 329 327 65 117 None 76 406 82 174 None
39150.jpg r-pass 715 492 143 99 None 1057 399 56 139 None 879 365 78 109 None 543 356 70 123 None 513 316 37 160 blocking 543 322 33 129 None 355 458 84 125 None 433 373 52 145 None 395 385 41 145 None 299 365 43 137 None 366 336 52 111 None
40160.jpg r-pass 1108 430 79 126 None 834 357 63 107 digging 721 488 90 134 None 457 291 46 178 blocking 313 443 87 145 None 361 385 63 120 None 349 353 43 117 None 323 278 63 128 None 171 368 43 126 None 72 426 60 128 None 464 326 85 141 None
29810.jpg l-spike 990 348 107 131 None 922 491 75 133 None 634 292 58 192 blocking 640 282 39 188 blocking 457 271 88 126 spiking 507 409 65 165 None 509 410 75 124 None 369 413 86 122 None 320 364 75 124 None 233 322 56 129 None
40110.jpg l_set 1223 455 54 155 None 1192 382 39 151 None 1079 348 63 145 None 817 416 49 144 None 828 367 35 161 None 839 348 53 152 None 623 371 71 124 digging 605 333 78 117 None 598 309 75 95 None 425 461 79 168 None 357 357 74 113 None 267 407 106 130 None
52535.jpg r_set 970 322 65 137 None 887 429 41 148 None 809 392 60 150 None 715 300 52 117 None 719 505 71 153 None 690 385 49 172 digging 419 378 49 126 None 428 402 49 156 None 405 457 63 145 None 163 388 46 134 None 33 460 49 164 None
29775.jpg l_set 1232 333 44 160 None 826 342 39 128 None 823 381 47 133 None 808 433 68 146 None 436 378 54 197 setting 490 466 62 172 None 515 398 51 141 None 374 312 79 107 None 2 329 60 124 None 44 319 69 89 None
77190.jpg l-spike 1156 450 66 151 None 936 475 82 137 None 738 350 57 119 None 756 467 113 128 None 560 241 89 178 blocking 465 255 71 151 None 433 356 55 148 None 399 433 55 141 None 380 398 49 114 None 341 339 49 120 None 186 382 58 131 None
32240.jpg r_set 902 495 64 168 None 1017 286 74 131 None 1009 371 43 162 None 848 356 49 172 setting 650 371 52 164 None 560 368 39 148 None 3 410 33 169 None 31 327 99 117 None 438 365 49 95 None 443 383 51 149 None 420 434 79 137 None
40240.jpg l_set 1180 407 61 131 None 1116 464 43 145 None 1012 379 57 130 None 764 323 52 144 None 730 398 49 137 None 752 433 52 150 None 646 323 57 193 setting 609 361 49 131 None 490 317 57 113 None 371 489 96 147 None 289 404 130 131 None 268 370 54 133 None
39235.jpg l-pass 1189 447 69 175 None 902 452 86 168 None 1042 387 54 133 None 990 429 91 139 None 908 370 79 145 None 818 385 40 102 None 767 305 48 148 blocking 775 348 48 122 blocking 715 421 89 133 None 327 331 85 154 spiking 163 466 77 123 None 428 464 75 153 None
70115.jpg l-pass 1017 419 54 146 None 944 430 54 158 None 890 328 73 141 None 608 412 82 156 None 544 351 90 112 None 536 320 54 128 None 430 362 50 146 None 270 463 103 161 None 137 413 96 148 None 96 398 48 129 None 309 390 124 103 None 445 378 62 88 None
29675.jpg r_spike 1025 375 43 134 None 812 358 53 131 None 683 382 82 114 None 763 401 57 131 None 814 222 44 176 spiking 576 261 50 186 blocking 146 466 95 130 None 205 347 74 114 None
35790.jpg r-pass 1091 444 61 128 None 826 460 55 136 None 828 364 65 134 digging 721 404 69 156 None 657 382 54 178 blocking 615 337 75 204 blocking 426 449 57 142 None 368 378 69 130 None 746 393 85 141 digging
36015.jpg r-pass 1012 375 70 137 None 822 421 68 201 setting 874 479 62 123 None 819 324 58 131 None 679 448 98 164 None 495 387 45 147 None 87 341 43 145 None 88 397 78 127 None 410 380 36 147 None 406 413 43 156 None 391 450 53 163 None
70020.jpg l-pass 1043 410 52 147 None 1012 368 49 143 None 1000 393 49 156 None 879 410 82 140 None 644 365 68 148 None 462 383 56 124 None 438 407 56 149 None 195 438 75 172 None 527 376 63 94 None
77910.jpg r-pass 839 461 48 142 None 846 407 46 117 None 829 381 49 127 digging 623 333 83 131 None 550 314 63 130 None 369 379 79 128 None 275 407 49 168 None 262 378 41 145 None 219 421 51 167 None 3 446 26 158 None
32175.jpg r-pass 574 480 82 153 None 818 471 60 131 digging 812 440 79 112 None 780 379 65 109 None 969 328 54 131 None 395 373 74 126 None 22 427 52 150 None 208 406 49 150 None 262 423 49 159 None 237 441 49 156 None
70205.jpg r_set 887 340 100 113 None 837 401 108 125 None 818 506 69 141 None 753 424 65 153 None 636 367 71 122 None 581 305 60 176 setting 464 382 55 106 None 476 395 44 148 None 448 464 66 151 None 73 469 92 141 None 132 353 58 111 None 3 393 69 156 None
77980.jpg r_spike 1142 399 47 133 None 874 350 77 141 None 820 393 69 129 None 796 480 71 143 None 766 333 82 129 None 776 242 58 158 spiking 632 320 47 163 None 644 252 35 190 blocking 515 438 54 141 None 249 357 48 118 None 240 476 80 129 None 167 422 80 137 None
35875.jpg l-pass 1084 470 54 150 None 939 399 77 131 None 844 457 54 146 None 778 342 79 137 None 795 487 69 139 None 793 427 73 141 None 686 434 39 201 blocking 626 431 62 175 None 430 452 62 165 None 263 371 126 107 None 56 442 69 131 None
35975.jpg l-pass 1240 376 38 145 None 1206 419 49 148 None 997 336 49 128 None 995 461 57 164 None 972 429 82 156 None 891 375 63 137 None 279 356 76 137 digging 521 367 57 139 None 625 350 49 120 None 682 275 63 96 None 691 441 63 156 None 704 409 41 156 None
32335.jpg r_set 955 316 120 116 None 908 382 89 116 None 856 427 66 147 None 622 288 44 184 setting 670 384 58 139 None 755 502 114 136 None 55 427 80 145 None 268 347 63 119 digging 440 441 71 148 None 479 423 40 141 None 476 381 54 128 None
77205.jpg r-pass 1057 435 57 161 None 823 483 75 102 digging 702 454 54 141 digging 609 350 80 127 None 513 299 51 136 None 523 331 92 108 None 107 373 41 133 None 285 395 46 131 None 374 423 74 147 None 411 357 48 153 None 350 347 52 123 None 394 280 44 122 None
77985.jpg r_spike 1173 390 48 142 None 942 342 59 145 None 761 277 67 131 None 786 344 63 118 None 862 398 49 124 None 828 461 60 152 None 662 246 76 207 blocking 487 440 90 135 None 289 361 47 108 None 254 464 90 131 None 208 429 57 126 None
77115.jpg l-pass 1127 419 52 143 None 859 336 37 109 None 842 407 58 139 None 835 364 39 143 None 1096 345 58 137 None 517 354 96 131 None 577 289 63 137 None 653 452 65 137 None 310 359 56 128 None 307 459 123 99 None 324 449 67 127 None
32285.jpg r_spike 1124 387 66 147 None 919 347 82 133 digging 874 426 43 152 None 735 402 86 121 None 815 375 64 135 None 788 409 56 135 None 665 350 60 184 blocking 656 340 88 192 blocking 411 323 88 109 digging 138 432 68 141 digging 0 370 74 129 None
40150.jpg l-spike 1043 344 55 130 None 922 492 83 142 None 648 271 69 176 blocking 543 378 80 125 None 481 435 51 153 None 368 350 38 133 None 281 415 54 123 None 575 288 44 108 None 519 255 66 161 spiking
66455.jpg l-spike 933 463 117 139 None 952 351 71 113 None 729 471 61 137 None 608 247 65 182 blocking 612 351 43 147 None 482 261 92 145 spiking 439 443 77 122 None 533 388 60 142 None 420 385 72 100 None 110 376 58 142 None 501 536 75 150 None
35825.jpg r_set 1028 322 77 137 None 956 407 53 149 None 777 401 53 161 digging 741 334 48 93 None 628 450 58 163 None 584 366 58 153 None 487 397 37 155 None 475 368 35 133 None 452 427 44 161 None 181 347 63 145 None 168 435 86 158 None
35730.jpg r-pass 692 275 53 142 digging 648 412 61 137 None 658 347 60 141 None 581 471 84 160 None 496 271 58 126 None 396 366 55 156 None 103 449 78 146 None 131 396 43 158 None 136 359 39 153 None
34440.jpg r_winpoint 973 402 90 153 None 1012 383 55 150 None 875 371 91 137 None 782 395 44 158 None 759 369 41 155 None 772 332 54 129 None 591 334 55 137 None 612 310 46 139 None 508 366 61 146 None 460 415 54 159 None 482 397 49 147 None 80 392 52 132 None
43485.jpg l_winpoint 263 369 69 146 None 276 401 104 166 None 296 346 127 159 None 331 388 41 149 None 377 372 64 141 None 380 381 59 148 None 756 291 74 136 None 796 376 52 157 None 867 394 41 160 None 1111 582 67 129 None 1183 396 54 145 None 1190 349 47 146 None
49890.jpg r_winpoint 1084 353 72 188 None 1035 340 68 169 None 954 428 80 151 None 857 393 74 186 None 901 355 59 160 None 796 362 97 135 None 627 408 67 150 None 558 365 62 142 None 513 453 45 159 None 443 367 64 152 None 406 412 60 155 None 345 459 52 150 None
31170.jpg l_winpoint 987 378 69 156 None 957 350 65 147 None 880 421 126 65 None 839 467 54 85 None 848 292 50 144 None 724 322 44 133 None 480 352 79 172 None 501 353 63 137 None 478 353 70 158 None 417 367 69 145 None 432 335 70 141 None 444 369 66 136 None
45045.jpg l_winpoint 360 404 57 156 None 694 376 74 147 None 571 379 134 160 None 649 387 62 136 None 573 364 49 146 None 604 340 46 129 None 1031 309 65 128 None 1144 375 60 159 None 1157 430 81 157 None
42630.jpg r_winpoint 1017 417 82 177 None 921 406 75 183 None 881 344 50 165 None 722 376 69 155 None 674 356 51 148 None 707 347 43 134 None 479 370 72 139 None 444 420 58 162 None 441 354 50 143 None 348 407 42 150 None 304 386 38 138 None 340 367 54 138 None
33735.jpg r_winpoint 924 424 71 142 None 914 368 50 172 None 798 371 109 157 None 782 494 70 177 None 747 389 60 157 None 768 370 56 146 None 532 417 56 160 None 445 348 59 141 None 431 357 41 132 None 336 430 59 150 None 283 411 77 156 None 119 421 51 147 None
33045.jpg l_winpoint 1029 374 66 142 None 1009 309 50 144 None 857 322 48 141 None 665 357 48 145 None 638 302 60 139 None 558 298 49 142 None 440 327 40 133 None 382 338 80 145 None 334 322 48 137 None 261 395 107 163 None 307 367 51 158 None 137 321 61 126 None
40320.jpg l_winpoint 657 467 29 153 None 626 372 53 148 None 472 367 73 137 None 459 313 47 144 None 331 459 92 165 None 236 435 76 167 None 41 409 77 154 None 0 415 59 161 None
36225.jpg l_winpoint 959 450 53 142 None 923 391 51 148 None 842 321 44 146 None 801 489 70 168 None 759 414 47 161 None 667 499 39 165 None 414 538 58 175 None 432 517 58 157 None 342 470 86 169 None 402 370 61 152 None 243 362 114 154 None 45 419 82 154 None
47760.jpg l_winpoint 1151 395 82 53 None 886 331 49 139 None 592 484 197 84 None 668 336 53 146 None 627 320 55 147 None 672 290 45 144 None 426 351 55 148 None 383 372 72 154 None 362 345 64 139 None 259 340 43 143 None 162 426 79 145 None 168 345 60 144 None
46935.jpg r_winpoint 1178 370 65 189 None 1184 358 47 163 None 1163 326 70 146 None 971 335 54 135 None 805 337 45 143 None 786 372 45 153 None 746 432 44 149 None 475 380 61 154 None 372 627 151 53 None
38490.jpg r_winpoint 723 378 74 143 None 645 436 86 162 None 572 366 85 142 None 355 431 82 169 None 334 403 78 155 None 377 315 68 167 None 233 387 46 135 None 189 416 85 164 None 145 344 61 146 None 28 429 87 189 None 16 367 72 149 None 1 417 39 157 None
44430.jpg r_winpoint 697 409 55 150 None 633 457 79 144 None 628 395 55 138 None 595 363 72 148 None 525 390 76 158 None 397 357 73 154 None 154 424 61 154 None 97 436 64 170 None 80 402 80 143 None
30450.jpg r_winpoint 916 340 91 156 None 839 361 53 143 None 740 404 99 169 None 643 361 52 155 None 690 337 54 148 None 665 309 53 146 None 546 309 42 134 None 491 295 39 141 None 395 412 57 170 None 198 435 68 162 None 102 311 56 139 None 8 390 95 151 None
48525.jpg r_winpoint 639 447 85 156 None 660 416 81 141 None 649 368 77 160 None 508 459 60 174 None 529 351 51 100 None 350 418 101 128 None 93 480 59 172 None 115 432 59 161 None 139 409 55 146 None
32385.jpg r_winpoint 542 356 75 118 None 656 376 92 131 None 725 405 76 104 None 972 401 65 160 None 958 324 68 141 None 913 299 61 132 None 1112 395 77 164 None 1201 414 77 160 None 1219 352 59 162 None
