38735.jpg l_set 1040 315 42 114 None 917 288 37 97 None 917 383 48 105 None 678 365 40 112 None 677 323 41 100 None 679 288 43 97 None 615 329 33 115 None 521 302 38 135 setting 451 238 57 82 None 377 346 32 109 None 329 328 73 96 None 416 431 62 128 None
19230.jpg l-spike 938 432 55 91 None 971 310 60 109 None 868 289 58 90 None 672 302 67 86 None 579 334 51 174 blocking 499 321 48 114 None 487 261 37 102 None 451 400 84 97 None 378 373 63 140 spiking 345 354 46 100 None 368 334 63 88 None
31245.jpg r-pass 1037 262 37 92 None 1018 424 50 127 None 960 347 35 114 None 856 299 43 91 digging 838 364 44 118 None 635 331 46 95 None 575 374 33 113 None 573 338 33 118 None 582 306 37 111 None 379 393 53 114 None 386 314 44 82 None 243 334 44 116 None
12995.jpg r_set 797 463 98 125 None 834 344 77 84 None 878 342 37 39 None 869 288 51 72 None 663 391 51 112 None 633 288 37 126 setting 565 402 37 104 None 558 345 42 116 None 569 296 27 125 blocking 385 321 79 77 None 336 413 51 125 None 214 354 37 112 None
19725.jpg l-pass 1179 358 62 120 None 1058 364 47 122 None 1032 271 59 117 None 788 326 35 121 None 807 280 34 112 None 762 292 25 132 None 662 383 57 112 None 526 311 37 98 None 496 223 40 103 None 426 296 45 108 None 389 412 62 102 digging 357 362 48 88 None
12780.jpg l-pass 1055 349 37 116 None 982 425 51 98 None 964 301 44 104 None 741 360 35 119 None 721 341 46 114 None 727 304 35 88 None 683 396 37 109 None 478 372 28 121 setting 455 351 53 104 None 308 361 49 109 None 427 270 44 86 None 202 431 44 133 None
44995.jpg r_spike 1044 417 60 132 None 899 324 38 95 None 786 308 32 76 None 744 401 48 124 None 663 313 57 98 None 739 215 29 122 spiking 629 241 35 126 blocking 623 231 34 116 blocking 457 371 64 112 digging 363 285 61 77 None 312 395 62 90 None 200 349 37 109 None
12635.jpg l-spike 835 387 46 92 None 838 358 69 86 digging 798 324 66 80 None 581 283 37 100 None 536 349 55 114 None 541 337 38 105 None 482 332 35 122 None 459 279 51 88 None 368 373 55 150 spiking 405 379 66 102 None 398 330 55 117 None 243 362 52 103 None
19135.jpg r_spike 909 346 44 126 None 893 327 46 92 None 809 270 39 115 setting 754 413 53 131 None 691 341 53 125 None 691 304 44 115 None 511 385 77 119 None 587 301 42 104 None 599 283 34 105 None 341 402 75 108 None 356 297 41 98 None 197 338 69 109 None
19095.jpg r_set 1040 365 45 118 None 954 288 56 96 None 879 374 50 129 None 718 327 67 156 setting 721 394 50 107 None 761 338 43 84 None 654 375 43 160 None 635 370 47 133 None 530 294 69 105 None 473 321 33 99 None 416 413 45 105 None 234 321 47 109 None
31545.jpg l-spike 1051 450 65 102 None 1042 334 60 86 digging 943 297 70 93 None 690 338 56 109 None 635 335 44 182 blocking 631 332 39 165 blocking 493 380 83 118 None 423 381 56 160 spiking 414 354 35 114 None 455 272 42 116 None 268 311 56 119 None 185 389 79 114 None
38695.jpg l-pass 1004 303 47 118 None 908 364 42 106 None 886 252 46 105 None 799 362 82 112 None 757 326 60 114 None 744 296 32 94 None 697 328 36 108 blocking 675 363 41 110 None 515 260 47 104 None 354 384 82 110 None 381 307 75 83 None 263 358 82 74 digging
18980.jpg r-pass 1112 334 55 101 None 1041 310 58 155 setting 927 344 43 129 None 881 287 77 91 None 825 351 50 130 None 797 419 38 102 None 745 354 51 170 blocking 673 306 75 116 None 524 294 68 84 None 354 408 60 128 None 348 309 43 114 None
31455.jpg r_spike 910 424 50 107 None 858 358 50 124 None 880 268 56 101 None 806 333 54 128 None 767 366 71 158 spiking 759 405 54 124 None 688 359 33 173 blocking 671 323 52 169 blocking 582 296 92 96 None 480 301 80 97 None 312 426 80 135 None 278 356 50 109 None
24280.jpg l_set 1051 316 35 115 None 998 400 60 105 None 962 284 41 99 None 726 384 41 135 None 694 326 47 123 None 701 295 37 94 None 593 243 52 143 None 518 264 33 141 setting 436 290 43 111 None 392 418 82 145 None 315 363 76 113 None 516 251 52 64 None
38675.jpg r_spike 962 311 46 109 None 899 372 85 99 None 839 302 53 155 spiking 716 342 43 109 None 704 293 47 99 None 811 235 42 82 None 645 304 54 148 blocking 553 265 60 89 None 387 288 47 92 None 296 409 46 107 None 200 328 47 99 None
38280.jpg l_set 942 383 49 95 None 908 285 32 93 None 657 346 49 116 None 655 295 42 126 blocking 676 279 35 93 None 551 303 58 126 setting 490 318 56 104 None 434 223 49 79 None 302 309 81 100 None 224 337 53 107 None 273 396 79 116 None 1032 303 51 109 None
44905.jpg r-pass 970 422 52 122 None 1013 400 63 82 digging 1015 344 43 73 None 981 290 35 91 None 801 356 79 107 None 786 270 51 89 None 613 342 34 120 None 624 312 40 119 blocking 632 287 21 102 None 430 300 40 74 None 359 386 49 95 None 289 326 46 97 None
24215.jpg r_spike 947 393 49 100 None 929 306 38 113 None 790 412 60 130 None 793 274 44 116 None 713 191 52 139 spiking 711 311 49 114 None 637 228 37 167 blocking 571 387 66 127 None 413 419 83 102 None 222 375 51 119 None 395 291 49 88 None
31510.jpg l_set 1053 401 46 123 None 1036 345 46 124 None 1005 280 51 110 None 800 377 43 134 None 774 334 35 124 None 788 302 33 117 None 709 349 36 135 None 482 375 60 144 setting 529 303 40 107 None 486 243 47 89 None 339 335 47 72 None 223 447 92 141 None
38475.jpg l-spike 934 409 51 97 None 973 309 38 103 None 860 312 61 82 digging 657 317 63 92 None 615 329 34 151 blocking 602 306 41 154 blocking 524 327 55 102 None 496 281 43 106 None 399 326 65 122 spiking 348 295 52 89 None 326 381 57 102 None 304 347 44 102 None
38425.jpg l-pass 998 393 34 116 None 959 322 56 112 None 781 276 38 102 None 716 404 49 132 None 697 363 33 120 None 685 313 29 124 None 590 341 53 125 None 493 271 59 96 None 412 287 51 94 digging 429 407 76 127 None 380 377 52 115 None 258 331 33 100 None
38340.jpg r-pass 217 336 48 99 None 389 334 49 99 None 496 362 38 119 None 516 295 41 100 None 437 277 51 88 None 527 252 27 92 None 571 252 43 102 None 691 327 60 86 None 809 275 55 91 None 910 390 43 125 digging 990 332 54 114 None
19790.jpg r-pass 961 321 48 111 None 867 391 58 105 None 838 284 68 105 None 667 402 74 110 None 593 318 55 108 digging 611 295 45 66 digging 507 245 70 112 None 534 309 39 126 None 487 305 42 104 None 506 349 38 120 None 472 405 74 138 None 277 343 41 113 None
12875.jpg l-pass 916 401 44 105 None 953 341 54 106 None 904 306 48 105 None 723 383 41 127 None 675 305 29 105 None 666 336 34 114 None 598 314 41 100 None 578 352 35 117 None 486 278 40 82 None 378 401 61 128 None 331 364 58 111 digging 284 396 82 54 None
12930.jpg l-spike 975 359 34 107 None 989 322 41 100 None 937 300 54 88 None 825 342 37 107 None 781 393 55 120 None 692 288 45 97 None 588 328 46 114 None 424 392 57 125 None 390 329 37 112 None 380 328 39 97 None 357 279 47 110 setting 204 357 63 88 None
12605.jpg l_set 1008 352 38 100 digging 914 427 61 93 None 894 302 34 93 None 675 362 37 108 None 666 336 37 103 None 670 296 43 76 None 596 318 40 141 setting 537 310 48 138 None 378 335 77 103 None 411 281 55 76 None 322 361 31 105 None 214 433 114 125 None
42650.jpg l_set 1000 364 65 109 None 927 311 45 110 None 890 268 45 100 None 677 386 56 117 None 671 312 47 114 None 664 279 45 95 None 593 293 36 114 None 493 241 52 77 None 454 280 42 83 None 343 281 60 132 setting 270 325 50 116 None 362 420 90 123 None
24160.jpg r-pass 160 344 57 123 None 308 375 37 119 None 274 284 35 110 None 547 374 27 134 None 537 335 24 123 None 503 313 51 111 None 607 294 58 105 None 789 340 68 131 None 857 346 110 52 None 807 252 44 97 None 968 353 44 102 None 980 397 64 130 None
31355.jpg l-spike 1048 382 34 120 None 906 330 51 113 None 935 295 43 96 None 767 382 32 127 None 772 352 50 111 None 743 304 26 114 None 655 334 43 113 None 597 312 38 108 None 544 389 71 76 None 428 278 32 103 setting 297 415 93 125 None 301 349 58 110 None
38765.jpg l-spike 967 347 48 116 None 828 286 51 83 None 786 392 58 99 None 615 357 54 112 None 563 233 37 141 blocking 566 221 37 107 blocking 509 322 37 110 None 447 395 57 121 None 413 369 41 98 None 458 313 59 97 None 476 208 59 113 spiking 311 340 36 107 None
18900.jpg r-pass 153 311 37 120 None 233 311 50 94 None 378 301 33 99 None 526 362 50 133 None 559 316 45 137 None 543 305 28 118 None 620 270 62 109 None 805 357 65 129 None 870 270 41 124 setting 934 364 45 120 None 1087 317 47 118 None 1060 263 35 103 None
19765.jpg l_set 1070 324 39 116 None 970 400 49 107 None 897 294 79 91 None 687 379 49 125 None 703 291 41 100 None 682 287 28 140 blocking 623 272 32 147 setting 549 267 63 144 None 493 227 53 88 None 392 304 70 107 None 358 421 70 126 None 322 347 35 116 None
38490.jpg r-pass 262 351 41 105 None 311 305 49 94 None 397 367 44 99 None 301 391 46 102 None 475 327 65 111 None 502 293 44 103 None 575 361 48 133 None 579 350 65 116 None 649 310 51 88 None 811 294 81 104 digging 910 315 55 105 None 868 398 51 106 None
31280.jpg r_set 269 333 47 101 None 344 407 52 122 None 344 315 80 79 None 572 395 41 109 None 562 353 39 109 None 575 294 35 73 blocking 620 260 41 116 setting 650 375 60 107 digging 820 444 133 118 None 855 359 109 86 None 913 328 41 92 None 882 281 41 75 None
42585.jpg r_set 336 406 86 91 None 215 314 32 116 None 338 294 65 85 None 549 361 41 122 None 561 312 51 110 None 572 251 29 131 blocking 650 232 41 131 setting 670 286 61 120 None 798 255 55 74 None 930 343 58 97 None 776 458 88 117 None 925 308 35 92 None
42595.jpg r_spike 332 399 61 98 None 215 334 44 113 None 347 293 61 84 None 562 373 42 121 None 582 281 32 133 blocking 587 259 20 117 blocking 642 263 81 110 spiking 665 273 44 109 None 737 255 55 79 None 818 341 65 101 None 726 444 61 92 None 930 312 39 96 None
31470.jpg l-pass 394 409 55 142 None 331 348 71 82 digging 537 303 71 92 None 602 291 52 96 None 741 400 38 158 None 718 396 52 117 None 792 431 55 134 None 821 377 37 133 None 823 331 69 130 None 877 363 66 141 None 934 278 46 102 None 967 422 55 110 None
44955.jpg r_set 1008 346 80 97 None 881 455 62 123 None 853 335 37 137 setting 877 332 47 88 None 858 258 48 85 None 666 345 42 122 None 560 373 32 127 None 559 333 47 107 None 569 287 33 95 None 389 297 57 75 None 223 313 43 107 None 275 395 50 105 None
24235.jpg l-pass 296 376 54 109 None 428 315 94 66 None 533 389 62 103 None 484 383 60 109 None 659 271 49 105 None 674 266 47 103 None 735 305 37 123 None 727 286 35 103 None 753 394 58 133 None 882 276 31 115 None 953 313 41 115 None 997 386 52 101 None
31295.jpg r_spike 956 341 38 103 None 776 276 42 89 None 784 331 44 111 None 726 432 77 112 None 662 297 38 99 None 672 279 59 157 spiking 337 404 63 129 None 366 312 58 79 None 278 348 43 92 None 607 404 37 116 None 607 293 43 128 blocking 601 301 29 103 blocking
19840.jpg r_set 70 341 57 105 None 209 393 80 128 None 245 274 41 113 None 482 370 52 142 None 495 325 34 114 None 489 285 41 102 None 591 263 44 100 None 630 302 41 133 None 795 218 41 125 setting 851 433 85 131 None 984 311 79 105 None 871 354 58 113 None
19200.jpg l_set 983 403 53 99 None 956 274 51 93 None 1093 311 44 119 None 681 363 45 118 None 683 322 43 114 None 690 280 40 84 None 487 297 39 131 setting 404 308 45 99 None 307 440 92 135 None 270 388 84 107 None 415 250 64 78 None 479 312 70 103 None
13780.jpg l-pass 228 413 28 133 None 362 391 32 98 None 341 339 47 106 None 569 300 47 91 None 704 343 33 84 None 1078 343 52 104 None 1007 378 53 105 None 793 340 56 100 None 776 335 44 111 None 801 313 41 105 None 1043 328 55 68 None 381 301 42 102 digging
12965.jpg r-pass 957 284 47 90 None 886 321 41 88 digging 834 329 48 79 digging 811 354 52 114 None 596 302 42 106 None 931 464 78 118 None 537 334 25 114 None 454 302 32 96 None 445 379 34 101 None 359 390 43 127 None 368 315 31 94 None 207 342 47 107 None
45095.jpg l-spike 291 369 55 91 None 370 344 60 106 digging 428 330 50 156 spiking 414 316 44 95 None 504 319 47 110 None 485 273 53 91 None 572 325 44 147 blocking 579 292 40 127 blocking 574 327 39 132 blocking 925 413 61 90 None 832 302 62 78 digging 958 305 55 93 None
42615.jpg l-pass 969 323 37 85 None 699 405 62 120 None 745 334 63 111 None 753 277 34 108 None 676 294 49 119 None 702 261 33 101 None 576 363 77 102 None 623 292 38 105 None 600 294 29 77 None 402 314 65 63 None 246 339 46 113 None 353 372 76 104 None
12645.jpg r-pass 825 388 62 80 None 818 364 77 87 digging 791 329 45 74 digging 567 367 47 109 None 545 340 39 114 None 594 294 49 86 None 466 329 25 120 None 401 434 89 131 None 233 362 44 107 None 388 384 44 105 None 390 335 34 116 None 448 287 52 100 None
38575.jpg r_spike 899 321 49 114 None 846 364 64 96 None 873 278 43 105 None 737 418 51 135 None 704 354 47 127 None 725 232 56 77 spiking 524 380 85 113 None 651 311 32 102 None 644 237 30 134 blocking 373 393 57 102 None 215 362 56 102 None 353 293 47 86 None
24195.jpg r_set 724 254 80 85 None 670 291 58 136 setting 681 240 42 118 setting 882 296 41 95 None 921 359 44 110 None 883 427 85 127 None 537 390 38 132 None 552 320 44 105 None 564 267 30 108 blocking 344 291 39 104 None 291 435 86 97 None 152 349 39 122 None
12555.jpg l-pass 982 419 43 117 None 1038 331 52 108 None 1094 325 35 91 None 779 337 46 114 None 726 338 43 102 None 764 310 27 97 None 655 353 38 88 None 496 306 52 92 None 338 316 46 100 digging 310 406 44 102 None 261 352 57 101 None 163 422 35 139 None
38630.jpg r_set 226 343 38 113 None 336 370 47 116 None 328 272 34 110 None 562 361 44 121 None 591 304 52 93 None 598 256 29 112 None 692 331 53 123 None 691 299 36 113 None 723 219 35 111 setting 844 409 62 130 None 883 349 42 115 None 978 318 77 97 None
12735.jpg r-pass 203 414 68 126 None 242 369 43 114 None 323 320 25 96 None 486 326 53 103 None 485 302 50 93 None 576 375 38 111 None 671 384 47 116 None 626 330 41 114 None 818 366 39 108 None 867 308 47 98 None 653 262 38 87 None 921 316 56 109 digging
19020.jpg r_set 963 294 45 137 setting 801 322 30 129 None 817 261 50 75 None 748 347 65 130 None 743 470 72 139 None 590 344 41 137 None 493 372 32 135 None 488 347 33 115 None 481 302 27 116 None 297 290 38 97 None 187 396 52 124 None 86 311 37 115 None
19065.jpg r_spike 993 375 41 99 None 811 380 43 120 digging 809 270 48 94 None 678 328 63 145 spiking 646 395 85 89 None 703 311 37 96 None 591 338 30 148 blocking 587 317 40 158 blocking 442 306 79 89 None 344 312 71 89 None 176 439 68 106 None 132 312 58 97 None
38580.jpg r_spike 928 317 44 114 None 896 354 42 102 None 873 276 37 107 None 761 398 56 132 None 727 346 58 112 None 731 227 35 114 spiking 679 259 35 137 blocking 674 223 37 139 blocking 525 378 74 109 None 399 388 60 91 None 257 354 44 104 None 380 287 39 95 None
13840.jpg l_set 211 439 79 119 None 349 385 40 98 None 380 342 49 105 None 401 277 68 84 None 562 347 40 109 None 463 419 47 145 setting 1076 417 40 108 None 1124 338 39 103 None 911 308 42 94 None 740 325 34 82 None 725 380 60 111 None 727 358 43 106 None
38545.jpg r_set 217 347 51 97 None 319 414 59 98 None 364 286 57 92 None 572 379 51 131 None 589 360 25 107 None 566 295 33 107 None 643 340 48 159 setting 788 459 67 116 None 786 383 36 111 None 787 256 67 92 None 935 278 50 102 None 973 318 62 103 None
12810.jpg l_set 213 444 104 125 None 347 344 97 104 None 439 275 72 77 None 447 386 29 109 None 556 348 42 115 None 600 310 40 135 setting 949 431 49 90 None 885 320 49 86 None 990 361 63 95 None 695 377 41 105 None 676 348 41 104 blocking 684 302 43 94 None
12830.jpg l-spike 297 423 70 140 None 378 377 32 113 None 445 278 58 133 spiking 481 275 44 102 None 475 376 50 103 None 518 352 40 105 None 605 397 49 128 None 592 295 29 123 blocking 600 297 49 93 None 831 319 51 88 None 859 409 40 93 None 887 362 45 95 digging
45065.jpg l_set 910 387 54 97 None 911 286 30 91 None 1048 317 45 106 None 681 372 34 94 None 675 326 29 77 None 676 304 30 71 None 618 291 29 102 None 511 289 35 83 None 433 288 30 125 setting 341 317 40 105 None 327 431 92 141 None 474 250 54 65 None
45020.jpg l-pass 252 335 38 105 None 453 373 43 111 None 630 279 39 85 None 652 281 34 96 None 727 361 44 114 None 707 307 32 110 None 696 290 33 97 None 835 318 36 90 None 934 319 59 102 None 988 367 52 114 None 436 358 62 87 None 507 310 56 56 None
31390.jpg r-pass 959 360 43 114 None 937 305 65 98 None 881 284 50 95 digging 857 350 67 114 None 763 410 60 132 None 650 280 37 111 None 529 364 52 105 None 589 330 27 122 None 587 293 41 107 None 297 414 41 134 None 313 346 46 109 None 338 283 32 82 None
13970.jpg l_set 272 344 83 107 None 349 384 40 117 None 407 379 51 127 None 376 287 66 79 None 477 322 50 142 None 523 327 42 148 setting 581 336 57 148 blocking 597 338 32 99 None 604 299 32 103 None 798 404 62 103 None 811 317 63 90 None 916 338 47 103 None
18945.jpg r_set 177 340 55 110 None 568 391 57 131 None 580 354 47 123 None 907 303 41 94 None 272 419 47 112 None 355 297 61 90 None 580 307 49 110 blocking 926 263 57 86 None 792 446 135 120 None 896 343 120 100 None 706 318 76 151 None 770 261 43 129 setting
38595.jpg r-pass 291 357 38 108 None 417 362 58 110 None 396 284 44 94 None 696 270 25 107 None 682 249 51 131 None 733 307 35 71 None 758 333 57 117 None 806 387 59 117 None 849 272 56 105 None 931 350 53 102 None 948 286 57 117 None 543 369 67 112 None
13930.jpg l-pass 240 368 47 92 None 395 312 47 82 None 512 348 51 111 None 423 354 52 98 None 602 397 47 123 None 593 348 39 109 None 796 308 60 88 None 910 317 33 103 None 863 399 35 111 None 641 383 74 109 None 451 446 62 104 None 382 412 77 107 digging
38310.jpg l-spike 227 337 51 97 None 428 374 72 127 None 414 318 46 72 None 436 277 65 88 None 523 293 49 99 None 487 192 58 117 spiking 578 242 44 128 None 587 201 35 127 blocking 636 331 43 106 None 836 283 57 82 None 874 382 60 94 None 973 321 41 117 None
42685.jpg l-spike 194 309 41 83 None 333 322 47 117 None 433 366 51 136 None 476 302 52 89 None 533 295 60 114 None 517 211 66 77 spiking 621 222 33 142 blocking 606 214 47 136 blocking 832 411 64 107 None 846 265 66 88 None 1063 335 63 121 None
31430.jpg r_set 361 314 80 88 None 575 400 38 116 None 565 358 46 103 None 562 315 49 99 None 669 270 44 148 setting 678 390 57 127 None 812 462 147 145 None 869 385 57 105 None 903 355 80 94 None 888 278 97 79 None 209 366 49 118 None 303 410 58 131 None
12845.jpg l-pass 820 392 47 110 None 864 348 30 109 None 842 315 37 87 None 623 402 54 135 None 594 294 39 100 None 549 344 32 102 None 493 389 44 73 None 502 362 48 62 None 462 291 46 90 None 393 397 65 110 None 336 422 75 120 None 336 396 49 81 None
31320.jpg l-pass 1008 360 36 110 None 735 404 49 136 None 740 336 58 110 None 702 342 26 121 None 708 292 41 109 None 770 289 47 96 None 655 348 29 114 None 612 401 74 90 None 578 373 79 49 None 413 384 68 119 None 414 321 47 82 None 312 347 42 113 None
19165.jpg l-pass 1018 330 72 120 None 922 350 40 110 None 842 290 61 102 None 710 375 48 129 None 703 330 40 127 None 702 294 33 109 None 511 258 36 102 None 489 306 45 107 None 431 377 57 106 None 471 380 64 131 digging 386 308 48 96 None 277 352 32 120 None
13895.jpg l-pass 915 406 42 109 None 912 320 63 93 None 779 316 53 97 None 543 403 48 114 None 576 394 46 112 None 474 381 49 116 None 443 370 55 109 digging 434 335 58 77 None 299 479 60 125 None 329 411 35 104 None 322 366 58 102 None
18965.jpg r_spike 1013 330 62 103 None 939 311 50 128 None 857 339 58 130 None 861 253 54 102 None 760 348 70 149 spiking 770 358 32 127 None 626 329 93 106 None 672 330 57 191 blocking 449 290 84 93 None 293 431 65 117 None 264 352 46 114 None
37200.jpg l_winpoint 937 307 40 119 None 836 267 39 109 None 882 364 52 135 None 649 266 39 106 None 616 294 49 128 None 652 354 46 135 None 314 286 46 112 None 462 263 63 112 None 367 325 46 107 None 451 315 51 123 None 366 356 95 150 None 464 344 33 127 None
34350.jpg r_winpoint 321 370 49 133 None 346 283 56 100 None 512 299 55 100 None 537 269 37 100 None 634 304 30 115 None 652 417 49 126 None 747 355 65 124 None 780 317 58 124 None 812 300 60 112 None 834 341 58 129 None 962 306 40 114 None 847 287 43 99 None
39510.jpg l_winpoint 429 295 35 119 None 446 320 63 111 None 516 314 73 112 None 508 294 33 85 None 558 296 29 109 None 543 277 33 86 None 923 387 48 122 None 819 372 38 105 None 718 298 44 114 None 682 271 43 91 None 834 306 32 103 None 920 303 26 103 None
45360.jpg r_winpoint 145 316 37 105 None 261 301 40 90 None 273 356 34 110 None 393 321 38 101 None 452 346 39 119 None 464 318 39 111 None 620 304 67 109 None 656 340 60 105 None 710 303 68 101 None 717 283 36 93 None 873 331 61 107 None 883 292 48 121 None
47670.jpg r_winpoint 230 365 50 123 None 485 407 61 70 None 611 417 47 61 None 537 267 39 99 None 641 321 32 100 None 652 380 39 125 None 904 300 58 95 None 985 355 34 108 None 959 317 40 107 None 770 324 91 114 None 770 305 36 117 None 787 288 37 102 None
40020.jpg l_winpoint 297 314 67 103 None 380 311 30 96 None 337 352 37 106 None 485 349 56 115 None 470 308 44 97 None 504 330 53 106 None 725 311 42 104 None 784 339 56 116 None 898 314 48 84 None 964 330 35 100 None 991 364 34 113 None 890 447 47 130 None
37815.jpg r_winpoint 404 280 50 105 None 481 337 42 119 None 490 260 33 86 None 646 247 62 106 None 678 326 67 123 None 725 257 34 110 None 884 319 51 133 None 874 321 76 116 None 918 350 67 117 None 962 337 40 121 None 927 304 69 122 None 1085 312 50 110 None
49905.jpg l_winpoint 301 304 36 118 None 330 328 70 135 None 336 303 50 103 None 384 291 47 114 None 416 311 53 109 None 411 325 49 112 None 570 254 37 108 None 631 244 38 102 None 679 321 48 124 None 812 328 49 107 None 906 319 59 107 None 797 247 56 93 None
46110.jpg r_winpoint 311 326 46 121 None 458 341 54 117 None 504 260 29 95 None 596 329 39 121 None 650 240 46 89 None 691 244 36 96 None 784 286 53 111 None 829 284 38 98 None 856 351 73 121 None 906 316 64 108 None 945 360 73 118 None 926 292 59 108 None
41925.jpg l_winpoint 296 322 52 113 None 288 296 58 94 None 377 333 48 110 None 443 319 100 137 None 482 312 45 110 None 430 295 55 105 None 592 249 54 109 None 592 250 36 97 None 703 314 57 103 None 770 289 67 81 None 795 337 39 108 None 967 321 57 119 None
46815.jpg l_winpoint 283 331 43 116 None 332 319 35 103 None 364 333 49 118 None 379 287 68 112 None 410 315 66 129 None 453 313 50 120 None 594 367 48 137 None 659 405 56 138 None 675 280 37 102 None 758 276 49 65 None 908 369 42 124 None 935 294 37 102 None
33000.jpg l_winpoint 306 323 40 87 None 372 319 46 128 None 405 272 69 119 None 455 323 62 119 None 466 306 48 106 None 596 368 35 119 None 736 275 43 102 None 893 393 59 92 None 877 256 39 101 None 896 286 57 107 None 614 420 48 139 None
31605.jpg l_winpoint 946 297 71 115 None 878 272 57 105 None 798 384 51 125 None 693 425 49 149 None 676 313 43 118 None 608 378 40 136 None 455 350 57 137 None 422 318 76 162 None 390 310 73 144 None 352 353 43 112 None 318 374 55 125 None 262 318 35 154 None
42735.jpg l_winpoint 312 330 55 108 None 366 283 41 135 None 468 297 53 141 None 446 256 35 119 None 515 282 39 111 None 497 257 61 109 None 772 362 46 114 None 763 256 39 107 None 658 282 42 99 None 677 257 43 105 None 692 238 28 93 None 1062 342 36 122 None
33570.jpg r_winpoint 289 376 60 88 None 437 326 51 126 None 513 319 38 122 None 554 369 102 63 None 645 323 33 113 None 667 358 31 118 None 767 363 53 123 None 821 343 59 115 None 775 322 34 117 None 799 315 36 109 None 827 283 46 86 None 912 327 70 104 None
38820.jpg l_winpoint 324 332 54 100 None 356 342 61 112 None 396 341 74 137 None 401 301 63 113 None 453 302 49 115 None 486 287 43 139 None 592 248 50 107 None 638 242 32 94 None 649 316 41 111 None 763 331 46 110 None 768 274 36 110 None 919 340 47 129 None
