9575.jpg r_spike 257 446 30 92 None 326 492 51 89 None 540 393 31 83 None 550 399 31 119 blocking 545 432 31 130 blocking 716 361 43 65 None 777 423 43 77 None 750 520 64 104 None 629 407 57 96 spiking 323 399 56 67 digging
39310.jpg r_set 207 405 39 112 None 321 352 49 84 None 343 457 39 114 None 545 337 25 100 None 551 404 35 91 blocking 549 430 28 126 None 680 340 39 114 setting 723 333 56 72 None 705 418 81 105 None 859 390 37 100 None 836 437 49 121 None 845 550 64 124 None
10645.jpg r-pass 482 383 61 56 digging 404 351 21 89 blocking 118 407 35 83 None 697 395 30 83 None 532 433 40 65 None 289 427 40 97 None 274 368 26 72 None 350 380 35 88 None 360 346 37 93 None 411 351 20 75 blocking 409 343 24 69 blocking
9685.jpg l-spike 374 315 54 105 spiking 212 417 39 90 None 253 446 37 94 None 430 404 39 80 None 325 391 39 73 None 492 347 28 96 blocking 493 335 33 96 blocking 405 446 39 103 None 812 407 33 62 None 675 365 37 73 None 726 472 58 86 None
39065.jpg l-pass 311 418 37 105 None 428 347 69 80 digging 326 363 52 79 None 466 416 43 105 None 611 408 50 101 None 718 347 35 80 None 709 409 43 105 None 1044 422 60 118 None 838 380 45 109 None 905 385 33 105 None 439 480 50 133 None 710 365 41 120 blocking
47435.jpg l-spike 253 379 37 102 None 401 348 32 85 None 349 357 65 106 spiking 334 448 43 89 None 428 467 41 117 None 525 347 32 113 blocking 530 382 32 111 blocking 527 446 38 108 None 819 420 37 82 None 802 481 38 91 None 689 373 48 65 None 491 500 40 120 None
39140.jpg r-pass 152 438 47 113 None 217 463 44 119 None 273 399 52 88 None 330 339 42 102 None 374 477 55 122 None 446 439 42 157 blocking 772 391 52 95 digging 360 382 64 87 None 558 366 63 72 None 649 367 74 79 None 811 473 56 112 None
31395.jpg r-pass 1 458 62 116 None 285 430 56 96 None 431 373 33 90 None 547 438 39 109 None 586 399 22 116 None 580 376 24 109 None 644 391 39 94 None 780 371 62 101 None 893 377 41 92 None 1066 396 33 99 None 966 460 56 86 None 915 497 65 90 digging
24945.jpg l-pass 865 417 41 90 digging 800 446 41 92 None 405 407 41 158 setting 496 393 56 103 None 685 453 37 96 None 706 443 49 80 None 677 377 37 98 None 674 359 39 92 None 310 437 43 98 None 307 399 64 84 None 612 429 31 125 blocking
24995.jpg l_set 383 433 47 103 digging 338 370 41 90 None 429 348 43 94 None 564 393 35 105 None 349 477 50 131 None 166 474 50 124 None 651 359 28 94 None 661 388 33 114 None 657 452 39 109 None 777 367 30 101 None 951 404 52 90 None 917 460 50 101 None
13110.jpg r-pass 479 343 46 113 blocking 682 477 51 80 None 616 489 72 88 None 419 430 61 85 None 429 483 48 116 None 367 410 29 74 None 237 469 46 97 None 169 452 37 92 None 695 390 41 69 digging 781 413 37 80 digging 413 363 63 94 None
21500.jpg l_set 240 511 55 125 None 282 425 54 82 None 426 373 43 79 None 589 396 52 125 setting 681 404 24 102 blocking 900 502 49 80 None 673 440 35 100 blocking 933 448 35 83 None 859 399 48 74 digging 381 424 41 92 None 572 377 55 86 spiking
9760.jpg r_set 184 425 29 99 None 440 370 35 89 None 484 412 22 96 None 485 446 33 112 None 658 456 33 102 None 273 480 42 96 None 564 382 37 90 None 873 447 54 88 None 768 413 42 81 digging 736 368 54 61 None 173 407 42 71 None
42885.jpg l-pass 350 416 35 95 None 509 377 32 72 None 886 446 35 77 None 716 439 27 84 None 680 446 35 98 None 642 445 55 95 None 887 382 50 74 None 800 437 37 89 None 572 430 78 64 digging 574 378 33 61 digging 725 370 32 78 None 835 416 47 49 None
21530.jpg r-pass 324 489 54 116 None 395 410 44 77 None 499 382 44 85 None 419 429 47 96 None 521 456 39 105 None 595 412 25 90 None 608 430 35 82 None 819 471 87 61 None 774 455 62 39 None 700 503 95 34 None 540 417 37 92 None
28775.jpg r_spike 374 401 44 99 None 546 385 41 89 None 446 477 62 99 None 566 460 57 117 None 993 404 27 93 None 941 446 41 107 None 828 405 43 97 None 876 491 51 105 None 816 325 52 96 spiking 735 317 24 133 blocking
28860.jpg l-spike 1045 417 39 84 None 998 452 39 102 None 951 378 39 84 None 794 362 51 81 None 706 414 28 93 blocking 703 367 32 119 blocking 615 368 49 90 None 582 344 30 93 None 518 337 49 111 spiking 485 401 35 104 None 404 449 39 105 None 617 502 46 142 None
40190.jpg r-pass 872 371 37 96 setting 649 343 34 83 None 775 433 48 116 None 436 343 27 97 None 420 384 29 111 None 428 413 34 122 None 301 378 34 110 None 235 429 32 111 None 485 340 57 91 None 519 356 54 83 None 494 373 40 92 None 296 355 44 93 None
24865.jpg l-spike 635 447 54 99 None 721 464 54 86 None 791 417 43 87 None 635 358 45 84 None 473 310 32 126 blocking 410 404 45 97 None 376 295 47 114 spiking 318 452 71 101 None 168 413 37 109 None 189 485 39 120 None 237 388 58 80 None
10940.jpg r_spike 886 392 26 87 None 855 427 32 93 None 802 484 48 98 None 760 438 60 40 None 718 404 34 92 None 757 313 32 87 spiking 379 416 41 86 None 475 450 63 76 None 578 447 61 91 None 456 351 43 60 digging 680 375 26 84 None 675 311 29 104 blocking
9825.jpg l-pass 1014 458 30 82 None 730 444 24 90 None 747 380 35 79 None 727 388 24 71 None 678 345 20 74 None 615 348 41 75 None 543 378 54 68 None 512 436 43 81 None 403 472 30 72 digging 417 397 28 68 None 317 432 43 75 None 835 401 33 88 None
40370.jpg r-pass 925 425 33 73 None 829 449 52 97 None 791 370 64 67 None 677 416 48 52 None 570 417 30 109 None 565 408 33 103 None 466 441 35 128 None 422 412 52 99 None 282 404 39 88 None 387 356 30 82 None 471 324 33 101 None 482 362 58 94 None
12780.jpg r_spike 802 424 29 89 None 705 409 25 69 None 683 448 43 69 None 650 406 40 117 spiking 610 407 38 108 blocking 427 413 43 77 None 366 447 34 91 None 449 489 57 97 None 847 497 38 89 None 699 507 41 94 None 588 474 35 105 None 580 407 28 89 None
28790.jpg l-pass 1003 445 40 106 None 1037 411 27 71 None 908 486 75 89 None 873 414 68 96 None 910 407 30 60 None 853 383 49 66 None 797 362 34 82 None 815 343 30 106 None 640 392 37 85 None 612 462 66 111 None 509 449 48 110 None 446 390 43 83 digging
40160.jpg l-spike 953 401 40 78 None 863 461 49 105 None 593 321 23 128 blocking 590 301 39 126 blocking 455 447 35 119 None 470 286 40 117 spiking 423 367 26 103 None 407 355 29 95 None 317 412 33 116 None 501 393 77 88 None 799 344 29 81 None
40380.jpg r-pass 941 430 54 84 digging 798 378 59 76 None 719 431 85 79 None 603 429 62 107 None 587 410 66 107 None 498 424 34 113 None 527 371 34 90 None 510 330 31 100 None 400 368 46 93 None 305 407 44 84 None 823 440 58 104 None 408 404 45 110 None
28810.jpg l-pass 1101 420 35 86 None 1053 452 55 105 None 963 388 32 96 None 929 354 29 89 None 897 478 51 106 digging 897 407 30 103 None 820 343 35 92 None 782 347 24 92 None 656 457 65 117 digging 641 378 38 91 None 533 442 44 105 None 450 389 60 89 None
9715.jpg r-pass 721 451 67 70 None 563 373 41 84 None 431 399 31 67 None 411 364 24 87 None 434 361 29 74 None 362 436 35 106 None 358 413 29 94 None 308 353 39 78 None 244 392 31 74 None 208 454 24 94 None 117 423 49 98 None 766 429 63 57 None
40045.jpg r_spike 899 422 38 111 None 868 363 27 88 None 769 283 48 111 spiking 831 479 52 114 None 761 487 69 48 None 728 426 40 116 None 685 299 35 131 blocking 569 445 68 111 None 479 352 43 91 None 446 465 74 94 None 317 389 40 92 None
10580.jpg l_set 925 395 26 91 None 884 459 37 80 None 648 422 35 103 blocking 659 388 21 77 None 650 359 21 66 None 507 391 32 88 None 373 412 42 100 setting 310 461 35 107 None 315 368 27 88 None 280 375 26 72 None 391 303 26 72 None 795 371 46 67 None
39265.jpg r-pass 846 467 62 131 None 898 425 39 103 None 877 368 48 86 None 748 474 54 96 None 755 359 62 97 setting 650 449 30 137 None 631 446 35 123 None 482 429 36 107 None 392 354 33 91 None 493 343 69 69 None 237 418 51 109 None 768 430 37 85 None
28635.jpg l-pass 957 413 33 85 None 887 448 46 95 None 831 385 25 88 None 710 474 39 103 digging 715 413 28 92 None 715 364 19 82 None 591 374 35 92 None 556 336 32 79 None 477 381 35 93 None 458 488 44 65 None 386 455 49 114 digging 386 492 65 117 None
10720.jpg r_spike 848 418 30 83 None 779 382 40 88 None 720 361 38 86 None 695 382 34 74 None 647 404 51 83 None 670 307 35 74 spiking 602 323 21 108 blocking 597 300 30 110 blocking 484 440 60 97 None 449 361 40 72 None 248 391 40 88 None 376 460 63 86 None
12725.jpg r_spike 907 455 30 88 None 847 415 38 89 None 756 378 51 69 None 696 417 52 99 spiking 674 419 57 105 setting 629 430 23 99 blocking 613 482 30 102 None 615 390 26 89 None 408 521 51 92 None 272 465 43 86 None 406 408 52 75 None 863 571 46 110 None
39100.jpg l_set 921 463 47 110 None 901 388 38 102 None 811 355 37 83 None 636 424 41 112 blocking 635 381 40 94 None 633 347 35 83 None 525 379 40 133 setting 515 350 44 116 None 379 312 60 77 None 309 360 43 82 None 277 417 53 103 None 301 524 87 131 None
21685.jpg l-spike 809 436 37 77 None 671 385 42 80 None 724 484 47 87 None 599 467 35 95 None 506 330 27 117 blocking 502 325 40 120 blocking 423 319 54 105 spiking 454 492 42 112 None 418 476 40 104 None 346 423 42 100 None 363 396 30 77 None 280 505 42 94 None
31435.jpg r_set 878 517 73 114 None 893 445 39 92 None 885 403 86 84 None 835 366 52 88 None 723 355 62 101 None 653 348 39 112 setting 549 478 41 116 None 557 390 30 107 None 548 366 33 94 None 337 359 48 80 None 259 472 56 114 None 258 429 54 82 None
28570.jpg r_spike 864 392 31 88 None 793 517 57 109 None 737 405 53 97 None 748 304 34 116 spiking 690 440 45 104 None 654 369 28 112 blocking 654 333 28 113 blocking 573 461 46 118 None 427 488 79 94 None 447 386 33 85 None 300 432 59 94 None 809 440 45 112 None
31565.jpg l-spike 238 461 94 108 None 253 401 31 116 None 256 390 64 90 None 346 363 58 87 None 425 297 70 91 spiking 456 399 45 105 None 550 336 31 105 blocking 547 326 26 95 blocking 736 352 64 71 None 700 439 42 109 None 803 465 55 85 None 885 410 42 85 digging
40525.jpg r-pass 849 437 48 111 None 645 360 61 86 None 654 332 32 86 None 547 506 52 111 None 536 467 63 123 None 808 368 34 105 setting 442 437 44 125 None 454 381 30 102 None 420 337 27 100 None 324 397 40 88 None 299 428 60 113 None 142 392 63 100 None
47380.jpg l-pass 1064 387 37 92 None 900 382 54 77 None 971 473 50 80 None 733 405 30 131 blocking 738 392 30 114 blocking 735 380 37 88 None 679 405 37 88 None 549 359 58 84 None 451 340 41 88 None 384 439 30 92 None 242 407 30 111 None 399 399 45 80 digging
25120.jpg l-pass 842 359 47 77 None 819 384 22 80 None 761 374 43 45 None 750 443 54 99 None 738 392 33 84 None 694 328 24 71 None 589 431 41 105 None 522 397 33 86 None 548 340 56 90 None 367 397 39 67 digging 337 450 33 114 None 317 397 58 90 None
40015.jpg r_set 867 480 88 119 None 906 427 49 105 None 832 381 46 84 None 639 406 39 135 None 613 372 49 118 setting 544 427 39 123 None 551 397 35 111 None 316 359 67 84 None 231 394 48 107 None 354 459 46 112 None 543 331 27 100 None 750 322 67 79 None
42955.jpg l-spike 847 414 35 82 None 740 375 39 70 digging 561 367 32 102 blocking 568 357 22 84 blocking 441 460 54 110 None 474 403 34 74 None 418 406 64 70 None 400 374 40 77 None 412 322 47 87 spiking 283 422 32 87 None 768 478 49 75 None
13065.jpg l_set 553 414 53 107 setting 536 431 38 87 None 437 342 42 72 None 393 424 39 84 None 287 442 66 91 None 292 544 68 116 None 644 444 37 115 blocking 642 404 33 105 blocking 647 383 25 79 None 794 396 46 67 None 890 435 31 91 None 878 497 37 84 None
10535.jpg l-pass 1083 423 34 98 None 811 378 42 67 None 893 453 42 70 None 698 371 34 90 None 672 423 30 98 None 679 375 23 95 blocking 490 459 70 98 None 485 397 48 77 None 427 323 35 77 None 376 355 39 84 None 349 448 35 91 digging 327 415 39 70 None
43825.jpg r_set 257 414 52 90 None 296 367 39 86 None 521 432 35 107 None 523 398 22 80 None 527 353 24 77 None 709 532 58 107 None 655 415 50 105 None 677 332 28 103 setting 771 344 52 67 None 850 396 50 92 None 783 440 33 90 None 345 451 39 94 None
31675.jpg r-pass 915 392 55 94 None 859 438 40 96 None 772 497 47 123 None 708 377 51 98 None 778 340 55 84 digging 550 353 34 95 None 495 385 42 110 None 499 363 32 112 None 438 423 35 103 None 389 448 56 109 None 258 362 47 83 None 150 401 51 114 None
47410.jpg l_set 958 427 35 85 None 879 485 44 85 None 830 405 33 66 None 663 446 33 116 blocking 660 398 31 95 blocking 666 379 27 62 None 518 435 49 108 None 344 460 60 96 None 272 402 58 97 None 313 390 36 89 None 441 327 41 75 None 591 390 44 124 setting
21755.jpg r_set 577 485 36 100 None 577 432 28 91 None 580 391 30 73 None 367 482 46 104 None 314 415 35 102 None 298 394 39 69 None 622 391 22 97 None 641 351 36 104 setting 710 358 45 64 None 888 430 73 82 None 887 477 42 88 None 870 571 64 117 None
9570.jpg r_set 1030 574 64 54 None 763 528 69 97 None 805 418 23 80 None 738 361 38 65 None 656 427 53 97 None 640 375 30 113 setting 543 458 23 107 None 556 441 21 80 None 539 395 23 84 None 343 394 41 61 None 299 486 38 90 None 256 438 33 98 None
21545.jpg r-pass 836 447 40 88 None 783 442 63 71 digging 719 490 87 40 None 639 414 35 94 None 631 423 70 61 None 677 439 29 94 None 568 464 29 100 None 585 421 26 97 None 566 389 27 89 None 373 465 40 112 None 440 430 33 100 None 429 404 46 75 None
14630.jpg l-spike 862 434 39 84 None 735 393 32 71 digging 768 493 49 91 None 524 357 35 114 blocking 435 359 46 81 spiking 463 420 37 91 setting 442 458 33 109 None 379 409 28 77 None 272 472 36 98 None 269 435 26 72 None
28545.jpg r_set 870 541 85 114 None 818 440 46 106 None 852 407 25 85 None 760 351 60 74 None 678 460 54 96 None 637 371 40 112 setting 551 446 35 117 None 554 417 22 106 None 554 367 30 103 None 368 467 43 102 None 318 387 51 85 None 241 428 43 99 None
43760.jpg l-spike 323 439 37 97 None 351 402 43 90 None 440 349 31 90 None 468 378 30 130 spiking 495 402 45 92 None 553 406 37 112 blocking 555 386 33 105 blocking 736 379 62 60 None 857 409 43 80 None 797 474 50 80 None 75 376 47 63 None 603 385 51 80 None
9530.jpg r-pass 851 493 53 75 digging 751 505 40 102 None 841 429 54 77 None 720 416 40 88 None 747 366 29 78 None 583 387 39 82 None 510 417 32 92 setting 486 404 26 96 None 458 416 25 100 None 371 415 23 82 None 243 416 29 98 None
10625.jpg l-spike 755 398 43 87 None 634 440 54 79 None 595 359 40 75 None 458 329 26 109 blocking 405 386 37 79 None 349 287 67 112 spiking 289 434 49 102 None 282 367 32 71 None 181 400 34 87 None
10825.jpg l-pass 862 445 30 83 None 824 371 24 83 None 696 343 28 75 None 677 364 26 74 None 640 386 46 83 None 450 420 29 94 None 515 374 32 89 None 311 422 26 108 digging 314 367 29 77 None 226 400 35 102 None 639 448 52 83 None 488 331 32 91 None
42920.jpg l_set 875 464 34 80 None 859 425 27 87 None 784 384 29 70 None 649 428 27 90 None 648 394 30 90 blocking 668 369 27 74 None 576 417 29 52 None 527 390 35 97 setting 473 344 34 64 None 411 373 22 75 None 307 413 34 84 None 472 477 52 110 None
10750.jpg l-pass 880 423 27 83 None 790 380 35 86 None 726 368 34 88 None 673 418 40 91 None 696 374 40 86 None 699 347 44 71 None 574 344 27 77 None 581 327 44 83 None 492 366 41 61 None 327 396 48 55 digging 437 437 49 100 None 403 433 40 89 None
45535.jpg l-spike 977 465 61 78 None 909 421 30 75 None 835 356 36 71 None 788 498 57 89 None 688 414 53 114 blocking 645 411 53 74 None 572 418 44 110 spiking 584 405 36 78 None 552 344 40 82 None 437 376 33 74 None 459 452 33 106 None 243 417 65 93 None
40275.jpg l-pass 963 367 34 91 None 879 397 34 103 None 838 440 46 108 None 809 344 35 96 None 775 360 35 96 None 736 344 23 96 None 327 400 32 110 None 451 434 75 105 None 541 362 35 91 None 593 396 69 120 digging 676 331 49 88 None 701 315 27 103 None
43715.jpg l-pass 854 456 29 88 None 798 373 29 77 None 862 400 25 102 None 628 445 35 91 None 634 404 26 74 None 631 359 23 74 None 559 394 29 91 None 466 433 44 93 None 440 446 65 54 None 351 373 49 74 digging 434 335 29 70 None 363 485 47 117 None
45555.jpg r-pass 306 404 55 105 None 465 446 32 108 None 519 343 46 74 None 464 381 38 80 None 584 391 34 100 None 546 455 39 108 None 662 414 49 71 None 636 452 35 91 None 734 499 94 88 None 864 444 69 96 None 872 423 38 63 digging 862 361 53 69 None
9930.jpg r-pass 893 415 51 76 None 847 468 31 78 None 764 390 42 71 None 719 462 32 101 None 684 421 30 95 None 669 415 29 70 digging 563 432 27 103 None 526 429 38 89 None 558 404 28 87 None 491 361 34 83 None 400 435 27 79 None 360 393 40 74 None
31710.jpg r_set 840 532 62 127 None 899 445 25 96 None 854 333 44 82 None 703 347 75 69 None 635 323 39 111 setting 581 451 36 116 None 602 341 19 131 blocking 366 348 48 77 None 317 403 57 102 None 355 453 54 117 None 923 398 43 88 None
40585.jpg r_spike 824 516 43 117 None 818 398 39 102 None 784 357 46 98 None 724 295 37 87 spiking 696 410 37 110 None 641 328 26 112 None 643 298 26 123 blocking 560 425 57 112 None 393 469 78 95 None 416 357 47 87 None 264 405 42 92 None 881 359 35 86 None
25035.jpg l-spike 872 412 37 88 None 797 477 57 88 None 714 361 52 80 None 676 446 46 97 None 547 326 32 125 blocking 544 319 29 110 blocking 479 402 40 94 None 451 304 49 119 spiking 361 380 40 88 None 341 428 38 102 None 288 465 32 116 None 204 402 52 105 None
47465.jpg r-pass 801 407 36 91 None 729 456 34 91 None 625 387 37 74 None 540 420 50 121 setting 502 427 57 101 None 499 387 54 92 None 420 511 48 118 None 336 495 63 113 None 426 417 54 92 None 416 369 33 93 None 316 418 35 90 None 225 410 34 106 None
24780.jpg l-pass 1154 373 63 84 None 1093 424 40 103 None 987 453 50 81 None 803 373 29 88 None 782 376 25 133 blocking 775 428 36 103 None 675 433 39 103 None 559 361 53 91 None 409 440 33 95 None 431 403 36 99 None 231 394 50 109 None 439 363 25 91 setting
10780.jpg l-pass 821 450 35 83 None 820 382 35 85 None 687 362 42 77 None 646 358 49 70 None 615 378 35 90 None 606 425 35 91 None 463 412 42 91 None 346 450 47 111 None 284 451 85 29 None 351 361 35 72 None 509 350 60 80 digging 444 313 34 83 None
12975.jpg r-pass 833 459 25 89 None 796 405 51 81 digging 645 480 51 95 None 620 442 43 89 None 485 379 25 87 None 431 485 59 110 None 454 471 33 89 None 454 425 35 86 None 302 457 44 102 None 252 412 25 81 None 900 326 38 58 None 946 333 24 62 None
40120.jpg l_set 1080 389 39 97 None 1008 443 49 116 None 912 352 27 101 None 762 422 43 109 None 761 376 38 118 None 765 331 24 94 None 657 347 46 101 None 575 288 36 81 None 458 331 46 88 None 408 360 41 104 None 407 404 56 106 digging 425 498 55 139 None
31645.jpg l-pass 943 457 39 100 None 956 408 39 91 None 833 361 48 84 None 717 445 42 105 None 661 395 53 100 None 651 355 35 91 None 559 341 30 95 None 518 439 70 105 digging 554 425 42 74 digging 420 400 48 95 None 336 355 49 81 None 313 391 42 119 None
40425.jpg l-pass 1019 411 28 95 None 891 431 39 105 None 708 433 53 107 None 756 453 67 70 None 779 397 44 67 None 671 368 30 98 None 591 324 30 103 None 471 422 50 116 None 520 383 39 107 None 508 369 50 99 None 442 359 60 70 digging 326 380 42 112 None
10890.jpg r-pass 876 517 53 106 None 932 390 33 86 None 770 403 43 76 digging 761 376 32 90 None 777 329 28 77 None 585 377 28 80 None 546 390 27 92 None 548 352 26 90 None 499 432 28 104 None 335 439 31 98 None 376 360 39 70 None 216 415 39 82 None
31490.jpg l-pass 1173 414 35 111 None 956 454 54 100 None 856 358 26 111 None 849 472 54 89 None 936 394 57 97 None 961 379 54 89 None 785 452 40 119 None 743 468 46 119 None 601 450 49 102 None 627 332 57 89 None 448 405 111 43 digging 360 425 46 125 None
28735.jpg r-pass 973 426 34 91 None 873 426 44 74 None 857 490 83 38 None 811 369 43 86 None 816 446 35 108 digging 921 566 72 111 None 626 460 44 119 None 649 429 24 105 None 649 386 21 88 None 469 470 49 102 None 438 391 30 88 None 370 410 44 103 None
40255.jpg r_spike 994 378 49 89 None 859 448 40 111 None 889 393 35 102 None 791 348 48 94 None 748 365 38 97 None 760 285 32 114 spiking 668 310 32 119 blocking 671 291 32 122 blocking 593 414 49 119 None 469 347 58 91 None 439 463 80 97 None 298 409 52 97 None
14390.jpg l_set 956 416 32 95 None 880 488 32 99 None 666 459 39 102 blocking 665 421 32 85 None 663 401 32 68 None 565 431 50 98 setting 551 426 32 75 None 344 549 67 117 None 327 452 64 89 None 453 357 44 67 None 265 420 63 35 None 810 404 39 67 None
42865.jpg r_spike 857 398 30 67 None 785 432 46 46 None 827 436 29 78 None 756 453 26 88 None 693 415 61 117 spiking 626 421 43 114 blocking 616 404 46 114 blocking 510 382 44 64 digging 435 390 53 67 None 489 454 39 86 None 313 436 43 75 None 677 362 22 64 None
14525.jpg r_spike 873 401 35 91 None 783 434 34 92 None 746 496 37 100 None 693 407 32 85 None 721 402 32 74 None 670 340 34 97 spiking 623 391 24 85 None 617 345 26 102 blocking 567 447 29 103 None 462 399 43 71 None 439 499 38 97 None 288 452 35 89 None
40695.jpg l-spike 418 438 48 120 None 397 295 43 108 spiking 196 462 58 117 None 230 385 34 106 None 883 393 35 86 None 844 428 44 100 None 763 343 43 82 digging 714 459 71 85 None 538 323 32 111 blocking 537 314 35 108 blocking 342 359 44 91 None 456 381 61 99 None
10915.jpg r_set 907 389 29 88 None 821 420 37 86 None 776 335 51 71 None 711 403 39 86 None 646 362 45 102 setting 577 436 25 108 None 599 393 25 90 None 593 350 25 84 None 411 456 39 94 None 420 359 37 71 None 281 407 37 90 None 869 529 57 108 None
31605.jpg l-spike 252 396 56 117 None 485 441 62 54 None 336 435 32 121 None 329 388 39 84 None 716 354 42 82 None 827 448 59 100 None 713 436 76 107 None 527 322 41 119 spiking 578 329 56 113 blocking 564 327 29 97 None 426 353 37 83 None
43610.jpg l_set 916 404 27 87 None 883 473 38 77 None 869 386 36 70 None 683 428 35 98 blocking 681 394 30 90 blocking 681 367 25 80 blocking 616 368 40 98 setting 595 352 41 97 None 480 335 45 62 None 378 437 52 84 None 353 518 69 112 None 336 404 38 82 None
9590.jpg l-pass 775 440 37 75 None 705 503 45 97 None 695 436 66 68 None 701 365 45 92 None 639 437 41 91 None 295 467 33 92 None 350 412 48 64 digging 403 478 46 86 None 552 385 49 75 None 598 443 21 97 None 589 420 46 92 None 1083 556 36 63 None
24885.jpg r-pass 700 419 86 85 None 657 456 40 85 None 564 442 39 96 None 519 425 53 48 digging 418 355 32 90 None 419 347 29 99 None 165 476 48 126 None 98 415 36 109 None 280 374 37 85 None 351 451 42 109 None 371 365 32 98 None 369 404 36 99 None
12880.jpg r-pass 143 456 39 87 None 333 483 42 104 None 366 425 27 92 None 404 379 39 92 None 433 440 57 84 None 431 492 57 112 None 493 445 31 139 blocking 605 407 57 57 digging 703 413 57 69 None 802 456 39 79 None 764 512 35 95 setting
12685.jpg r-pass 373 409 40 83 None 305 508 38 100 None 523 456 34 110 None 553 446 26 94 None 551 401 30 91 blocking 595 416 43 92 None 716 371 35 82 None 745 398 27 91 None 886 526 40 108 None 845 430 32 71 digging 855 459 29 77 None
13100.jpg l-spike 789 419 46 77 None 724 388 30 69 None 731 485 47 86 None 622 484 67 77 None 514 362 37 101 blocking 514 348 36 98 blocking 433 330 30 102 spiking 379 400 39 77 None 468 425 31 86 None 427 497 60 123 None 295 453 41 98 None 202 450 32 96 None
40455.jpg l_set 261 390 52 93 None 294 488 84 121 None 485 328 50 60 None 465 370 60 96 None 527 356 48 107 setting 545 315 35 87 None 638 361 36 101 blocking 642 432 45 103 None 706 397 36 103 None 772 356 50 89 None 826 426 41 107 None 964 401 37 84 None
43640.jpg l-spike 770 394 36 84 None 714 366 30 61 None 698 459 42 81 None 599 456 57 77 None 496 348 30 99 blocking 493 335 22 90 blocking 457 384 26 84 None 405 322 40 89 spiking 397 477 47 112 None 364 411 50 89 None 342 397 33 70 None 171 443 36 84 None
21625.jpg l-pass 965 401 40 94 None 942 487 37 88 None 842 406 38 80 None 733 434 27 120 blocking 739 386 32 127 blocking 748 379 27 80 None 677 454 43 100 None 528 424 30 116 setting 541 404 37 105 None 517 346 24 83 None 423 391 48 80 None 304 412 55 96 None
14585.jpg l_set 324 432 75 83 None 436 397 45 70 None 444 439 35 107 setting 499 355 37 70 None 541 457 37 115 None 584 417 28 92 None 678 447 31 102 None 667 420 34 102 blocking 668 377 20 83 None 807 395 32 75 None 873 472 43 100 None 955 421 34 90 None
24900.jpg r-pass 179 405 48 111 None 266 455 36 115 None 330 373 52 83 None 440 451 41 108 None 445 400 25 72 None 450 375 33 97 None 513 355 40 92 None 511 346 34 80 None 550 425 56 83 None 725 419 41 92 None 575 432 67 97 None 693 460 53 87 digging
25090.jpg r-pass 820 402 88 56 None 784 448 47 105 None 760 403 40 70 None 693 429 46 56 None 651 367 47 89 digging 659 330 39 84 None 528 430 36 102 None 542 393 30 100 None 566 349 22 98 None 418 359 28 84 None 308 444 43 114 None 269 382 28 110 None
12870.jpg l-spike 809 445 40 85 None 802 524 66 88 None 712 400 47 74 digging 594 407 57 61 digging 513 444 41 125 blocking 513 429 30 128 blocking 419 442 49 140 spiking 463 425 35 88 None 342 468 47 98 None 393 429 31 80 None 408 378 31 85 None 199 443 46 84 None
39200.jpg r_set 735 570 60 129 None 784 426 43 115 None 822 377 39 96 None 782 315 33 99 setting 566 317 33 76 None 546 421 41 115 None 418 436 27 129 None 407 406 27 107 None 409 358 19 90 None 160 480 54 117 None 79 419 41 113 None 94 364 56 76 None
40560.jpg r_set 866 366 40 79 None 816 411 47 106 None 746 319 62 74 None 666 427 78 97 None 648 322 44 112 setting 530 423 27 122 None 535 332 22 109 None 535 385 29 121 None 350 435 36 112 None 279 362 37 90 None 231 411 65 106 None 802 557 64 126 None
45595.jpg r_set 346 417 40 94 None 392 373 46 70 None 402 455 37 105 None 582 451 32 110 None 610 352 29 77 None 606 400 32 96 None 835 504 82 100 None 803 414 32 91 None 892 404 26 82 None 834 341 51 71 None 684 371 30 88 setting 669 436 35 102 None
9805.jpg r_spike 256 422 47 91 None 365 472 57 83 None 357 385 37 74 None 491 441 34 106 None 603 332 27 99 blocking 599 379 34 74 None 680 320 31 92 spiking 675 389 52 84 None 743 461 33 93 None 762 390 36 80 None 801 407 29 90 None 1114 475 41 83 None
14360.jpg l-pass 1017 399 49 94 None 935 476 29 99 None 834 425 46 91 None 725 461 34 96 None 723 422 34 83 blocking 739 408 34 79 None 638 458 44 91 None 480 524 46 117 None 473 470 52 100 None 464 374 32 83 None 392 432 46 57 digging 357 458 41 91 None
31465.jpg r_spike 318 416 47 109 None 392 370 68 75 None 444 459 73 107 None 644 335 47 87 None 692 406 30 119 blocking 697 427 24 136 blocking 758 333 37 81 None 795 438 66 109 spiking 839 367 39 75 None 846 402 51 87 None 879 441 54 96 None 967 373 53 90 None
9905.jpg l-spike 892 427 32 79 None 809 381 32 75 None 863 499 38 82 None 625 442 27 77 None 603 415 29 86 None 617 402 30 74 None 543 389 32 88 None 497 451 34 97 None 443 401 38 108 setting 424 351 21 77 None 380 402 27 85 None 308 393 30 77 None
12800.jpg l-pass 374 444 45 91 None 486 416 25 82 None 514 483 48 90 None 585 476 52 95 None 600 457 47 90 None 591 407 41 81 digging 670 439 32 100 None 704 409 43 71 None 698 437 47 81 None 713 493 46 98 None 831 424 31 86 None 860 493 31 85 None
10685.jpg r_set 843 400 55 79 None 673 428 40 87 None 579 429 47 42 None 636 325 40 70 None 590 335 30 100 setting 548 376 29 82 None 487 411 22 110 None 504 396 34 87 None 505 347 22 99 None 277 445 42 95 None 222 401 40 92 None 310 361 32 72 None
21585.jpg r_spike 847 379 59 108 setting 821 459 34 89 None 794 443 46 42 None 744 411 34 53 None 722 460 38 102 None 718 410 35 98 None 619 476 39 105 None 553 420 39 91 None 544 386 37 80 None 418 466 43 108 None 340 403 35 80 None 370 437 57 98 None
43685.jpg l-pass 833 393 39 87 None 760 366 28 72 None 764 449 27 82 None 602 455 62 97 None 571 365 17 72 None 478 439 55 95 None 499 418 45 70 None 442 347 27 82 None 360 457 97 40 None 399 464 45 112 None 404 391 27 55 digging 579 388 32 90 None
25150.jpg l_set 923 397 38 82 None 863 446 32 91 None 801 371 48 75 None 728 367 43 80 None 674 437 34 97 None 668 350 32 91 None 622 372 37 128 setting 507 427 58 102 None 455 336 52 69 None 369 387 68 75 None 248 475 65 102 None 277 400 54 97 None
28580.jpg r_spike 826 502 52 112 None 873 437 40 102 None 901 398 34 77 None 757 432 54 102 None 786 399 39 95 None 775 325 50 104 spiking 721 352 30 97 blocking 716 319 34 117 blocking 559 469 75 112 None 512 382 59 87 None 450 479 70 87 None 368 430 40 97 None
14490.jpg r_set 736 564 46 112 None 735 449 34 96 None 773 425 53 87 None 798 437 46 53 None 695 368 33 74 None 505 462 33 108 None 501 425 28 81 None 509 386 16 82 None 333 477 33 101 None 236 468 60 99 None 276 402 39 76 None 569 428 29 91 digging
14425.jpg l-spike 806 511 43 92 None 796 451 51 79 digging 679 405 43 77 digging 604 413 40 60 digging 494 461 49 113 blocking 495 441 38 122 blocking 406 461 46 123 spiking 452 421 27 69 None 393 378 34 88 None 268 408 37 74 None 315 474 32 102 None 317 483 52 43 None
13035.jpg l-pass 896 380 30 78 None 893 438 30 87 None 914 499 37 83 None 714 377 38 82 None 636 457 34 95 None 360 439 42 96 None 475 339 18 85 None 433 457 46 85 digging 480 416 46 83 None 303 531 31 123 None 688 461 32 97 None 686 401 26 125 blocking
9970.jpg r_set 884 414 30 78 None 855 451 26 83 None 808 518 71 104 None 773 377 46 72 None 683 437 65 91 None 655 375 30 103 setting 579 372 29 82 None 592 442 27 102 None 602 427 25 94 None 418 473 41 102 None 408 375 43 64 None 328 424 44 86 None
28510.jpg r-pass 819 511 48 90 digging 835 445 57 97 None 846 415 42 80 None 722 356 35 91 None 581 423 51 92 None 659 491 80 108 None 497 425 36 127 blocking 516 414 23 98 None 470 390 47 127 blocking 365 426 31 91 None 213 429 47 109 None 147 389 58 96 None
14440.jpg r-pass 778 492 33 103 None 749 446 68 76 digging 631 422 75 65 digging 566 413 65 58 None 468 533 40 96 None 463 500 37 102 None 423 498 32 103 None 402 426 30 82 None 362 393 32 88 None 294 491 37 102 None 275 479 31 51 None 278 421 43 75 None
9995.jpg r_spike 871 425 23 85 None 750 484 43 106 None 768 406 35 91 None 648 435 26 91 None 656 402 35 75 None 676 337 54 94 spiking 398 467 69 77 None 544 442 30 111 None 307 438 35 88 None 367 375 49 60 digging 614 378 26 103 blocking 615 341 18 96 blocking
42830.jpg r_set 804 509 50 85 None 801 408 22 54 None 663 392 30 80 setting 557 448 25 87 None 557 421 27 67 None 559 379 17 62 None 414 466 26 83 None 376 388 35 58 None 328 422 27 79 None 802 450 29 83 None 699 391 25 65 None 743 395 42 52 None
24825.jpg l_set 980 419 38 89 None 932 480 40 91 None 871 368 44 75 None 681 437 27 110 blocking 688 397 29 103 None 680 365 27 80 None 543 399 46 92 None 450 422 43 117 setting 398 342 30 85 None 245 406 48 105 None 308 457 40 117 None 157 457 44 89 None
25160.jpg r-pass 884 426 68 74 digging 811 393 55 65 digging 668 446 36 112 None 659 355 41 77 None 822 462 58 76 None 610 421 41 98 None 683 378 65 80 None 309 469 41 112 None 340 393 33 102 None 423 374 30 84 None 484 324 30 87 None 554 453 41 104 None
40320.jpg l_set 898 426 37 116 None 959 400 37 87 None 818 349 34 83 None 649 415 36 102 None 651 365 34 112 blocking 650 344 22 85 None 535 353 58 95 digging 495 332 38 119 setting 512 436 43 125 None 478 299 45 76 None 370 353 44 85 None 265 405 86 89 None
40490.jpg l-spike 881 466 43 112 None 915 427 53 87 None 783 357 50 87 None 557 409 49 148 blocking 571 397 33 132 blocking 385 429 62 107 None 474 359 44 92 None 454 327 35 92 None 282 346 35 93 None 450 428 30 135 spiking 431 419 67 53 None 663 367 64 69 None
31720.jpg r_spike 857 337 48 80 None 908 402 43 89 None 913 449 58 96 None 699 360 44 94 setting 838 512 58 123 None 733 296 57 106 spiking 414 352 61 71 None 421 448 86 102 None 640 445 40 105 None 368 398 48 108 None 665 348 30 122 blocking 662 307 29 122 blocking
39345.jpg r_spike 878 459 41 99 None 841 400 41 111 None 838 365 49 86 None 765 346 38 82 None 758 420 58 99 None 792 420 41 134 spiking 659 416 41 145 blocking 650 394 52 137 blocking 543 346 51 83 digging 415 356 54 80 None 284 406 54 97 None 449 447 65 108 digging
21450.jpg l-pass 1109 404 55 75 None 1024 465 45 94 None 965 491 44 75 None 759 458 25 99 None 766 405 22 127 setting 765 406 39 90 None 657 470 42 95 None 582 386 32 83 None 413 469 27 95 None 417 425 29 82 None 257 457 25 107 None 464 410 33 90 digging
21695.jpg r-pass 768 447 38 77 digging 663 478 57 74 digging 579 475 66 86 None 607 396 30 77 None 461 339 43 108 blocking 411 487 53 97 None 341 490 54 103 None 305 432 39 99 None 336 407 30 71 None 231 500 44 105 None 381 362 58 90 None
40230.jpg r_set 1001 395 44 91 None 885 418 61 99 None 712 435 41 111 None 655 391 82 100 None 687 305 34 110 setting 734 315 49 72 None 538 412 27 123 None 543 379 26 108 None 545 331 26 97 None 321 467 52 110 None 256 401 48 102 None 308 351 44 83 None
40655.jpg l_set 970 398 45 90 None 894 435 52 109 None 862 348 32 85 None 652 430 41 110 None 472 471 35 134 None 365 392 32 142 setting 258 385 73 98 None 334 345 72 89 None 512 347 45 95 None 479 304 40 76 None 651 382 35 72 None 657 335 22 46 None
39130.jpg l-spike 820 480 60 103 digging 798 387 46 91 None 684 356 61 82 digging 565 358 52 80 digging 462 409 60 135 blocking 482 392 29 122 blocking 364 430 49 141 spiking 182 432 41 112 None 290 376 33 94 None 423 371 36 85 None 271 444 39 109 None 346 325 39 98 None
14540.jpg l-pass 633 405 54 66 digging 649 374 23 84 None 590 431 56 86 None 557 423 33 56 None 483 477 68 88 None 321 449 35 94 None 677 387 19 68 None 696 413 54 80 digging 731 410 33 47 digging 723 480 62 82 None 819 438 45 98 None 900 402 35 92 None
12720.jpg r_set 865 573 77 121 None 898 451 39 84 None 861 412 29 90 None 764 375 44 69 None 660 410 35 105 setting 597 471 27 107 None 600 381 31 97 None 384 518 47 96 None 399 402 37 70 None 230 464 47 84 None 696 413 47 117 None 610 451 27 76 None
21655.jpg l_set 914 438 35 85 None 874 502 44 83 None 791 409 30 72 None 644 379 27 86 None 655 414 26 89 None 647 471 33 96 None 585 396 37 123 setting 526 461 43 89 digging 439 392 32 77 None 433 350 57 68 None 299 416 54 89 None 392 460 44 113 None
12835.jpg l_set 871 494 49 85 None 873 416 44 83 None 774 395 43 75 None 636 461 41 105 blocking 636 411 35 103 blocking 635 389 27 100 None 522 405 43 108 setting 500 427 32 77 None 484 368 44 71 None 401 514 54 125 None 404 397 34 74 None 319 434 63 89 None
40605.jpg l-pass 840 472 45 115 None 899 364 29 92 None 879 351 29 87 None 854 396 27 95 None 747 383 34 97 None 723 329 34 87 None 536 409 70 132 setting 497 363 37 87 None 412 450 70 105 None 298 399 40 102 None 657 327 46 91 None 688 323 30 97 None
9640.jpg l_set 917 485 43 85 None 885 432 29 79 None 752 385 31 79 None 631 443 23 92 None 626 412 29 97 None 619 378 21 79 None 529 402 21 83 None 404 356 38 65 None 343 377 32 71 None 290 456 49 86 None 274 401 31 111 setting 432 496 53 107 None
28705.jpg r-pass 922 465 49 53 None 846 437 57 53 None 773 395 30 85 None 852 493 61 92 None 743 517 72 99 None 715 463 46 103 None 555 474 53 126 None 591 429 29 107 None 586 379 30 99 None 472 456 30 99 None 384 395 37 89 None 282 432 50 110 None
28685.jpg l-spike 957 499 74 100 None 866 386 50 90 None 806 388 39 70 None 675 496 40 97 None 667 468 38 99 None 530 451 51 148 setting 603 412 39 100 None 576 363 29 97 None 485 441 29 100 None 396 398 43 90 None 299 457 32 117 None 990 447 42 80 None
9865.jpg l_set 860 408 35 76 None 852 455 23 76 None 753 374 27 72 None 613 439 21 99 None 603 362 16 80 None 623 399 18 92 None 450 329 38 88 setting 532 370 30 80 None 413 475 38 119 None 349 435 54 66 None 319 378 33 74 None 231 413 44 91 None
45635.jpg l-pass 1026 447 46 85 None 951 438 34 105 None 978 398 55 75 None 921 363 52 74 digging 894 431 63 89 None 861 485 37 90 None 813 432 40 96 blocking 789 424 38 106 None 680 360 62 69 digging 635 447 46 95 digging 601 387 49 63 digging 562 396 40 82 digging
40350.jpg l-spike 950 414 42 84 None 905 461 61 110 None 834 352 58 80 digging 646 362 39 79 None 607 380 29 133 blocking 598 353 40 121 blocking 524 365 64 96 None 476 310 40 100 None 443 332 51 93 None 412 356 49 137 spiking 315 371 51 97 None 456 438 62 120 None
31535.jpg l_set 1014 414 38 89 None 931 476 44 91 None 877 361 30 91 None 691 451 49 113 None 673 377 37 114 None 678 344 24 96 None 391 369 43 91 None 446 452 60 116 None 481 354 37 120 setting 252 475 66 120 None 247 400 75 103 None 415 310 46 82 None
46470.jpg r_winpoint 37 405 40 108 None 68 417 36 118 None 238 391 28 91 None 231 480 44 119 None 314 367 33 97 None 342 408 49 96 None 419 348 40 120 None 437 343 40 102 None 597 353 41 100 None 639 441 56 115 None 687 439 57 100 None 747 385 42 127 None
38505.jpg r_winpoint 868 384 40 105 None 960 470 34 109 None 797 455 42 120 None 745 398 32 112 None 813 371 35 97 None 756 353 67 110 None 329 403 39 116 None 566 323 51 97 None 622 438 42 132 None 451 434 47 119 None 618 376 42 100 None 397 441 88 29 None
30870.jpg l_winpoint 403 391 42 86 None 433 406 26 107 None 512 445 49 108 None 493 407 36 115 None 508 404 35 92 None 474 378 45 106 None 683 393 35 97 None 734 465 55 112 None 870 374 33 96 None 954 407 56 96 None 982 499 55 51 None 622 420 35 109 None
36345.jpg l_winpoint 1167 518 74 69 None 1126 409 47 106 None 983 344 43 94 None 884 428 60 122 None 797 400 43 119 None 774 377 34 104 None 697 346 44 108 None 658 341 34 96 None 621 388 50 106 None 589 406 43 108 None 544 382 35 109 None 527 346 46 87 None
33900.jpg r_winpoint 912 392 44 135 None 919 333 18 105 None 850 362 44 97 None 777 410 48 108 None 754 372 51 107 None 765 332 34 92 None 631 319 39 101 None 554 347 36 98 None 576 468 55 115 None 374 431 46 119 None 309 382 37 119 None 208 423 64 44 None
52470.jpg l_winpoint 484 412 37 116 None 432 414 48 114 None 397 413 37 114 None 400 387 35 125 None 418 357 26 99 None 432 342 49 99 None 643 350 31 114 None 716 342 41 104 None 786 361 61 92 None 788 454 55 126 None 899 530 58 62 None 984 383 49 114 None
36990.jpg r_winpoint 206 395 58 94 None 262 424 54 128 None 453 410 37 113 None 519 367 89 89 None 552 443 65 127 None 605 428 44 112 None 734 389 55 125 None 758 376 47 110 None 814 415 47 110 None 881 424 32 92 None 870 499 84 134 None 924 480 48 116 None
37875.jpg l_winpoint 938 453 49 62 None 898 442 42 98 None 946 355 43 96 None 862 381 50 100 None 830 522 26 122 None 655 483 40 123 None 421 427 78 112 None 406 434 76 109 None 406 419 29 119 None 429 426 29 98 None 450 424 34 107 None 447 404 44 114 None
40860.jpg l_winpoint 932 412 30 75 None 802 415 53 112 None 772 333 29 95 None 705 442 46 110 None 587 330 44 89 None 572 344 22 97 None 463 429 74 133 None 470 403 38 105 None 463 340 31 91 None 400 372 51 98 None 364 443 52 103 None 356 387 51 115 None
42990.jpg r_winpoint 808 392 50 103 None 748 423 36 98 None 696 374 42 80 None 566 376 36 78 None 554 344 38 94 None 487 435 42 101 None 454 458 45 40 None 409 396 43 85 None 392 388 47 74 None 346 344 38 79 None 282 399 24 96 None
33195.jpg l_winpoint 870 374 30 90 None 764 513 66 62 None 685 501 73 66 None 715 334 34 84 None 487 337 36 96 None 493 319 32 110 None 410 327 30 91 None 398 369 34 116 None 337 359 40 92 None 338 439 54 101 None 229 427 46 151 None 243 383 44 110 None
47790.jpg r_winpoint 897 424 35 93 None 828 372 34 110 None 799 378 41 107 None 706 355 36 92 None 692 407 35 99 None 684 368 31 97 None 595 374 29 98 None 607 354 26 99 None 547 408 88 21 None 496 407 24 100 None 413 369 38 101 None 334 424 38 113 None
45675.jpg r_winpoint 417 382 29 107 None 785 395 36 93 None 827 473 92 109 None 970 405 46 101 None 823 365 47 91 None 917 433 45 96 None 907 423 39 68 None 563 339 27 89 None 656 483 37 110 None 494 386 44 78 None 556 485 33 123 None 513 448 80 97 None
43890.jpg l_winpoint 757 456 32 98 None 828 429 35 80 None 834 394 28 88 None 847 360 24 79 None 728 384 35 92 None 688 387 30 91 None 611 350 42 89 None 586 364 40 80 None 527 413 44 103 None 419 362 46 73 None 391 430 26 103 None 318 373 32 118 None
32460.jpg l_winpoint 880 388 34 102 None 781 435 71 42 None 838 470 41 116 None 732 454 47 110 None 692 425 44 117 None 672 363 68 94 None 500 442 44 115 None 479 361 42 103 None 436 398 44 119 None 416 431 48 113 None 397 523 52 134 None 389 392 46 88 None
51345.jpg r_winpoint 1042 365 38 104 None 993 395 62 86 None 897 361 58 93 None 847 330 62 97 None 816 386 33 85 None 814 411 58 107 None 724 321 36 99 None 716 312 30 98 None 584 420 35 117 None 568 343 33 92 None 453 431 63 115 None 448 403 47 73 None
