12895.jpg l-pass 1072 382 50 108 None 1046 319 47 114 None 879 289 33 106 None 807 411 39 124 None 699 332 64 109 None 705 252 44 111 None 650 286 39 98 None 664 272 29 97 None 441 416 64 113 None 285 417 62 96 None 254 370 41 82 digging 331 300 56 74 digging
13320.jpg r_spike 230 399 49 102 digging 284 322 39 72 None 325 423 64 99 None 447 422 49 108 None 590 229 33 134 blocking 577 283 34 142 blocking 666 217 41 124 spiking 651 371 39 115 None 678 338 48 116 None 781 375 34 107 None 811 334 48 110 None 752 451 50 140 None
23715.jpg l-pass 245 390 51 99 None 334 391 91 98 None 397 333 115 49 None 493 396 49 102 None 582 269 36 108 None 572 288 44 97 None 624 263 32 108 None 672 319 42 109 None 711 413 50 135 None 751 330 46 95 None 795 288 42 96 None 800 331 51 123 None
22575.jpg r-pass 847 285 71 100 None 782 380 46 94 digging 595 379 57 116 None 656 281 50 75 None 538 268 44 94 None 511 276 42 107 None 456 310 54 103 None 452 298 43 91 None 401 247 47 97 None 352 399 69 124 None 298 334 66 92 None 112 340 53 107 None
23305.jpg l-pass 975 313 50 118 None 845 402 68 102 None 800 286 47 107 None 654 367 48 147 None 656 305 34 137 None 668 295 26 100 None 611 383 30 112 None 402 398 66 102 digging 437 344 69 102 None 412 262 33 87 None 351 314 39 83 None 274 385 52 105 None
12100.jpg r_spike 996 340 40 109 None 878 404 54 104 None 805 320 51 95 None 767 397 90 137 spiking 777 369 42 109 None 777 266 38 104 None 678 382 33 163 blocking 683 346 33 147 blocking 578 317 61 79 None 359 327 59 65 None 330 414 51 107 None 261 366 64 87 None
22710.jpg r_set 221 351 56 97 digging 270 292 39 79 None 309 381 40 115 None 570 270 38 88 None 567 339 35 98 None 571 378 43 127 None 710 262 43 128 setting 752 276 60 102 None 817 459 81 143 None 896 380 50 117 None 957 311 68 109 None 909 254 54 89 None
12005.jpg l-spike 315 395 40 111 None 300 349 50 92 None 373 323 36 87 None 387 244 52 117 spiking 485 321 36 104 None 417 365 34 98 None 559 255 33 122 blocking 557 256 38 126 blocking 714 373 54 123 None 747 291 54 90 None 884 318 46 82 None 891 379 61 101 None
20670.jpg l-pass 317 400 45 89 None 321 350 39 69 digging 399 335 36 71 digging 547 296 57 99 None 660 377 40 110 None 714 312 29 137 blocking 732 314 51 141 blocking 770 313 32 100 None 872 372 37 99 None 949 312 33 96 None 1196 293 38 115 None 241 370 48 102 None
23430.jpg r_set 731 444 53 143 None 790 277 50 96 digging 692 268 49 78 None 652 268 29 107 None 553 257 51 85 None 530 262 38 98 None 409 408 32 127 None 387 343 28 119 None 351 322 47 97 None 182 319 48 95 None 114 424 62 122 None 93 364 47 111 None
14145.jpg r-pass 330 405 52 100 None 334 314 27 99 None 585 280 35 145 blocking 581 337 28 122 None 557 417 38 122 None 639 318 45 100 None 756 280 36 101 None 812 237 47 104 None 850 326 92 78 None 978 346 58 103 None 1000 428 38 139 None
13080.jpg r_spike 216 383 49 106 None 271 446 48 105 None 331 325 51 71 None 605 322 80 80 None 573 406 46 116 None 666 290 40 142 blocking 715 360 50 114 None 786 262 75 103 None 797 291 80 89 None 855 288 52 135 spiking 877 397 69 113 None 866 448 56 138 None
12165.jpg r_set 210 361 40 97 None 318 402 46 110 None 315 302 36 73 None 568 288 45 92 None 567 357 40 90 None 567 401 34 115 None 714 356 54 100 None 715 297 49 103 setting 809 267 56 88 None 850 454 68 145 None 868 391 63 105 None 952 335 77 94 None
14310.jpg l-spike 1004 288 43 112 None 865 398 63 107 digging 758 291 51 104 None 744 411 50 112 None 581 237 32 136 blocking 577 215 47 146 blocking 449 220 55 116 spiking 499 431 58 137 None 402 354 52 96 None 378 411 53 105 None 367 327 32 90 None 201 374 47 108 None
13290.jpg r_set 157 361 67 106 None 266 311 38 86 None 314 406 47 107 None 536 287 44 102 None 542 351 35 114 None 526 418 50 119 None 600 287 59 115 setting 647 376 54 106 None 820 370 55 101 None 901 328 89 113 None 812 244 53 91 None 842 503 94 151 None
12880.jpg r_spike 1031 394 52 112 None 990 330 37 119 None 876 311 50 104 None 734 213 43 132 spiking 695 338 48 107 None 639 251 32 135 blocking 641 248 32 128 blocking 328 315 46 68 None 440 423 66 109 None 303 431 85 97 None 231 383 46 106 None 859 453 61 142 None
14240.jpg l-pass 287 388 88 53 None 274 444 68 105 None 506 300 44 92 None 504 405 45 105 None 659 415 53 121 None 656 398 60 119 None 723 375 33 130 None 760 349 41 122 None 727 278 36 126 None 918 305 35 86 None 1015 336 55 126 None 882 425 58 120 None
12025.jpg r-pass 830 360 40 94 None 837 316 43 88 digging 715 389 52 117 None 691 298 65 86 None 533 309 46 84 None 534 279 62 95 None 455 324 29 100 None 439 382 36 101 None 403 298 53 95 None 348 344 34 75 None 291 404 41 106 None 231 354 40 89 None
20840.jpg r_spike 195 416 59 106 None 313 326 57 71 None 364 407 67 94 None 481 315 66 83 None 623 348 50 151 blocking 633 395 32 141 blocking 689 373 96 98 None 796 326 57 107 None 830 275 48 104 None 914 332 62 123 None 845 390 63 105 None 786 370 91 155 spiking
13260.jpg r-pass 1016 322 41 124 None 884 241 28 106 None 856 406 57 72 None 904 461 48 144 None 775 383 60 121 None 626 321 42 103 None 502 294 73 102 None 511 351 70 110 None 505 414 74 106 None 297 403 53 109 None 59 342 59 93 None 6 320 34 105 None
12200.jpg r_spike 1084 353 41 101 None 878 303 36 97 None 856 323 43 109 None 848 423 32 142 None 713 357 46 107 None 721 229 61 121 spiking 649 247 40 127 blocking 657 219 37 127 blocking 477 407 58 110 None 370 419 60 106 None 257 368 64 93 None 370 309 45 64 None
23540.jpg l_set 300 437 60 120 None 259 361 65 93 None 314 390 50 110 None 341 299 28 90 None 490 209 38 103 digging 544 293 47 101 None 674 366 24 130 None 666 322 35 113 None 657 276 28 101 None 915 294 43 103 None 975 322 39 126 None 1022 425 48 113 None
23365.jpg l-spike 421 426 55 127 None 345 344 67 94 None 417 328 46 74 None 415 370 29 104 None 516 336 38 111 None 459 224 49 99 spiking 564 223 33 163 blocking 660 400 87 115 None 732 280 55 96 digging 851 379 76 95 None 917 288 39 115 None
13215.jpg l-pass 256 329 52 106 digging 340 374 57 106 None 647 386 46 98 None 693 353 51 111 None 682 280 57 99 None 1062 336 51 107 None 1102 296 68 111 None 1087 382 51 123 None 1240 458 38 140 None 122 259 50 76 None
20700.jpg l_set 257 362 51 99 None 313 385 55 95 None 274 311 33 73 None 369 313 53 91 None 507 312 38 104 digging 554 348 58 80 None 703 353 48 116 None 703 311 27 111 None 703 283 27 99 None 912 404 75 109 None 912 295 45 89 None 1071 306 45 120 None
20760.jpg r-pass 847 350 75 118 None 890 302 41 114 None 715 380 61 123 None 644 298 53 98 None 490 288 45 113 None 485 284 47 118 None 402 338 32 119 None 393 287 48 99 None 340 366 54 107 None 280 325 37 87 None 157 358 55 103 None 231 388 40 103 None
22515.jpg l-pass 231 363 47 98 None 289 372 65 119 digging 280 311 51 116 None 428 329 54 108 None 435 236 41 94 None 621 389 65 115 None 699 360 47 147 blocking 703 317 43 109 None 709 282 34 96 None 912 381 64 107 None 1047 306 45 126 None 1231 276 46 100 None
23590.jpg l-pass 293 403 59 111 None 280 365 46 108 None 303 320 30 98 None 361 409 58 118 digging 470 333 52 116 None 492 264 32 106 None 609 303 43 103 None 648 363 57 120 None 611 390 52 124 None 821 301 49 98 None 920 330 62 112 None 985 406 37 119 None
22745.jpg r_spike 936 287 34 99 None 875 320 38 126 None 854 394 63 104 None 752 364 68 145 spiking 767 283 36 92 None 690 249 40 96 None 640 359 31 158 blocking 623 338 52 148 blocking 477 294 60 75 None 431 384 53 108 None 327 311 56 69 None 243 370 67 98 None
14170.jpg r_set 132 393 64 108 None 295 402 60 114 None 325 303 30 96 None 564 426 32 122 None 578 345 30 101 None 586 295 34 106 None 682 320 54 80 digging 789 306 35 109 None 862 290 63 81 None 826 237 57 89 None 986 361 36 102 None 991 476 48 150 None
14220.jpg r_spike 268 419 77 116 None 304 333 54 76 None 480 406 44 105 None 531 317 72 80 digging 691 330 34 152 blocking 684 352 36 158 blocking 754 349 53 115 None 746 259 45 125 None 737 350 86 161 spiking 897 402 52 123 None 896 335 85 50 None 1063 308 39 128 None
12995.jpg l-spike 918 427 69 103 None 975 340 52 111 None 777 306 62 89 None 627 300 39 114 None 554 378 47 112 None 542 398 45 123 None 454 344 52 112 None 384 290 48 92 None 362 389 49 135 setting 292 393 41 111 None 255 318 33 94 None 153 358 55 113 None
20800.jpg r_set 143 370 55 102 None 210 331 35 86 None 235 408 43 113 None 471 411 34 116 None 468 350 49 104 None 480 314 32 88 None 617 346 46 118 None 642 285 45 116 setting 816 265 48 94 None 868 320 69 100 None 934 416 65 46 None 807 444 47 133 None
22670.jpg r-pass 214 370 56 110 None 295 310 56 80 None 422 289 68 89 None 442 391 47 104 None 603 380 56 120 None 625 387 38 126 None 679 356 88 93 None 704 405 57 108 None 791 398 44 111 setting 836 314 63 109 None 878 275 47 111 None 966 336 73 116 None
12950.jpg l_set 225 327 37 112 None 394 337 32 97 None 366 304 35 98 digging 566 321 50 111 None 164 436 51 115 None 470 249 38 69 None 922 286 37 97 None 694 387 37 128 None 696 321 38 107 None 691 273 31 108 None 1025 415 58 125 None 1070 317 46 120 None
11915.jpg r_spike 296 354 40 83 None 422 325 49 65 None 358 416 36 102 digging 608 288 31 130 blocking 577 304 56 86 None 585 399 44 102 None 640 310 72 91 None 659 295 54 121 spiking 758 267 68 96 None 881 334 36 92 None 903 471 54 139 None 1075 342 49 91 None
20745.jpg l-spike 192 361 52 100 None 265 318 59 88 None 259 405 49 90 digging 355 357 50 104 None 403 343 45 101 None 387 243 52 134 spiking 521 244 30 133 blocking 522 245 45 143 blocking 694 400 82 101 digging 697 304 47 90 None 901 307 51 111 digging 865 385 65 103 digging
23275.jpg r-pass 798 422 71 61 None 908 300 32 123 None 631 330 50 118 None 662 391 50 124 None 686 301 50 106 digging 711 288 51 112 None 426 396 70 112 None 492 302 46 90 None 547 372 35 107 None 532 326 37 95 None 275 313 37 83 None 252 374 62 111 None
12775.jpg l-pass 230 410 50 90 None 328 302 45 86 None 284 378 138 55 None 460 305 41 104 None 591 350 43 107 None 645 303 42 128 None 686 299 52 118 None 643 373 49 145 None 828 300 37 103 None 840 392 48 110 None 1193 300 53 106 None 95 448 37 119 None
11905.jpg r_set 216 354 49 87 None 328 411 41 106 None 394 322 36 71 None 570 291 44 94 None 574 342 39 92 None 562 394 33 107 None 612 270 30 128 setting 657 317 44 123 None 791 264 66 92 None 871 343 46 107 None 1029 338 68 84 None 940 483 64 144 None
12845.jpg r_set 912 331 86 114 None 812 399 55 110 None 781 460 62 136 None 657 346 61 101 None 743 252 54 83 None 686 270 49 117 setting 501 409 42 115 None 497 359 38 110 None 501 295 47 98 None 321 313 40 87 None 257 417 42 106 None 169 368 70 111 None
23650.jpg r-pass 1022 323 47 117 None 818 276 41 100 None 763 340 50 84 digging 702 352 47 119 None 513 312 37 109 None 819 476 54 140 None 457 403 32 119 None 460 336 25 108 None 449 290 45 119 blocking 199 423 58 102 None 98 375 61 96 None 221 327 41 76 digging
23480.jpg r_spike 613 329 64 106 None 635 296 46 102 None 763 324 69 141 spiking 811 329 41 105 None 854 275 47 114 None 902 343 39 104 None 505 416 48 114 None 545 355 40 115 None 349 323 38 85 None 253 425 42 106 None 181 404 51 97 None 198 345 47 79 None
13095.jpg l-pass 325 415 49 100 digging 300 347 52 94 None 390 317 52 72 None 643 312 73 88 None 737 329 32 116 None 659 395 55 108 None 782 368 43 122 None 815 258 55 115 None 858 335 68 110 None 882 413 48 124 None 910 385 50 110 None 946 280 59 101 None
12805.jpg r-pass 998 323 53 111 None 787 389 42 94 None 743 322 61 87 None 688 318 51 124 setting 649 393 66 104 None 649 277 64 111 None 574 354 34 96 None 501 355 52 117 None 346 295 75 90 None 339 364 60 68 None 322 401 61 102 None 191 437 64 129 None
22650.jpg r_spike 935 341 53 113 None 861 371 48 62 None 793 383 50 104 None 820 281 34 97 None 717 349 58 137 spiking 652 355 83 97 None 607 343 31 155 blocking 393 405 52 109 None 390 295 39 83 None 183 383 72 100 None 248 319 53 73 None 588 329 51 143 blocking
23340.jpg l_set 934 328 43 116 None 831 411 82 95 None 867 299 47 89 None 624 384 52 131 None 632 337 32 116 None 622 271 39 97 blocking 564 319 37 134 setting 507 318 48 139 setting 412 311 25 92 None 387 255 53 78 None 313 418 84 118 None 233 351 77 104 None
13050.jpg r_set 95 383 61 111 None 167 447 83 108 None 268 316 39 80 None 518 294 48 100 None 524 341 31 117 None 507 406 42 119 None 663 263 43 135 setting 723 258 42 97 None 684 358 60 100 None 752 439 83 132 None 836 411 59 118 None 906 336 91 110 None
22605.jpg r-pass 182 298 36 98 None 222 326 41 110 None 355 344 50 106 None 449 273 34 89 None 460 316 39 110 None 459 383 37 128 None 512 290 43 113 None 640 313 58 57 None 610 317 77 91 digging 792 358 49 116 None 876 292 56 114 None 754 430 76 135 None
23680.jpg r_set 158 382 60 103 None 273 329 45 73 None 256 413 48 104 None 507 314 40 111 None 504 325 47 127 None 498 409 47 122 None 557 284 49 123 setting 629 303 55 103 None 816 326 53 93 None 831 275 38 96 None 933 335 68 111 None 830 485 86 144 None
12065.jpg r_set 917 477 91 128 None 858 383 39 104 None 900 308 60 87 None 750 268 59 85 None 651 363 52 102 None 650 309 41 130 setting 556 296 45 90 None 554 343 35 118 None 553 414 35 109 None 339 311 38 80 None 298 421 43 108 None 189 376 43 103 None
23495.jpg l-pass 256 407 99 76 None 317 413 64 108 None 273 344 57 72 digging 419 308 47 86 None 593 327 49 104 None 493 423 47 115 None 686 342 40 111 None 714 293 44 106 None 775 369 90 110 None 893 319 41 108 None 948 288 48 119 None 920 372 43 111 None
14275.jpg l_set 1055 328 50 128 None 1003 418 53 112 None 895 294 35 111 None 683 353 34 165 blocking 698 347 37 106 None 693 276 29 113 None 535 335 40 143 setting 436 428 81 108 None 342 447 65 116 None 345 420 41 81 None 245 416 59 113 None 402 265 46 70 None
12125.jpg r-pass 974 357 56 108 None 812 320 75 78 None 788 409 74 105 digging 761 385 54 94 None 734 296 60 93 None 697 423 39 132 None 639 427 47 112 None 639 394 46 126 None 518 327 64 82 None 387 322 38 79 None 334 381 43 99 None 295 336 38 95 None
22555.jpg l-spike 974 301 45 109 None 147 365 60 99 None 289 338 63 115 None 332 415 48 125 None 414 245 45 80 None 519 266 74 116 spiking 588 321 37 100 setting 633 376 53 116 None 634 272 38 123 blocking 848 285 83 89 None 901 399 68 109 None
11960.jpg l-pass 956 362 34 107 None 902 303 38 95 None 739 289 42 98 None 690 366 37 114 None 666 327 27 110 None 670 272 25 82 None 567 320 37 103 None 482 290 51 79 None 434 296 39 77 None 430 380 73 66 None 368 363 70 67 None 298 390 54 103 None
13010.jpg r-pass 967 338 33 118 None 754 316 43 90 None 139 365 46 111 None 248 317 25 98 None 458 341 28 117 None 338 404 39 112 None 424 302 35 93 None 594 389 38 151 setting 414 432 64 92 None 635 377 46 113 None 607 314 42 98 None 872 433 70 102 None
22550.jpg l_set 1002 308 39 118 None 937 397 62 111 None 897 288 64 84 None 661 374 43 132 None 664 308 33 110 None 657 263 39 96 None 613 287 39 125 setting 552 288 45 130 None 415 238 47 79 None 284 340 71 115 None 290 412 80 124 None 151 369 68 94 None
23385.jpg r-pass 833 277 67 85 None 862 339 39 87 None 681 396 61 112 None 635 221 48 128 setting 502 250 30 103 None 482 245 25 103 None 412 312 45 110 None 426 284 39 85 None 335 326 38 73 None 253 326 41 106 None 242 377 62 104 None 378 408 41 126 None
23695.jpg r_spike 833 336 84 120 None 800 331 75 85 None 799 287 49 87 None 579 343 72 98 None 606 233 54 123 spiking 782 452 53 150 None 544 250 40 134 blocking 558 235 28 124 blocking 491 421 82 111 None 327 309 44 80 None 290 408 42 101 None 213 391 53 100 None
50565.jpg r_winpoint 268 423 65 72 None 407 435 51 75 None 396 354 29 86 None 471 317 37 91 None 659 450 44 104 None 652 417 35 102 None 912 370 54 108 None 827 425 42 121 None 878 350 27 98 None 805 348 32 96 None 737 347 39 110 None
43665.jpg l_winpoint 336 327 57 89 None 431 314 60 108 None 480 315 51 98 None 486 329 41 110 None 379 355 96 116 None 360 348 48 103 None 569 297 29 87 None 639 250 37 97 None 716 306 29 106 None 754 386 40 130 None 871 314 45 117 None 911 349 37 102 None
32805.jpg l_winpoint 500 356 30 111 None 457 343 40 90 None 455 338 59 135 None 458 304 53 95 None 444 324 29 94 None 391 353 58 96 None 677 405 65 109 None 631 353 60 118 None 650 340 44 110 None 667 277 40 112 None 788 306 30 102 None 929 358 36 115 None
32085.jpg l_winpoint 157 367 49 120 None 305 278 64 108 None 358 261 43 115 None 376 237 62 119 None 402 271 35 119 None 344 303 59 112 None 626 225 38 122 None 649 255 44 117 None 743 263 44 114 None 751 350 55 140 None 906 308 48 114 None 895 258 65 120 None
39660.jpg r_winpoint 825 276 48 128 None 797 320 46 109 None 753 311 48 131 None 703 289 35 116 None 684 255 67 113 None 804 270 38 111 None 542 216 45 103 None 519 277 35 71 None 474 220 41 99 None 411 283 28 100 None 396 234 58 92 None 341 262 47 117 None
46440.jpg r_winpoint 292 320 54 103 None 311 305 29 91 None 383 268 29 100 None 402 318 45 93 None 411 382 54 107 None 457 314 59 102 None 616 290 35 93 None 630 333 68 106 None 695 309 63 107 None 715 360 34 117 None 799 291 40 127 None 860 404 108 57 None
38565.jpg l_winpoint 871 375 66 87 None 800 292 39 108 None 731 271 35 100 None 606 265 37 114 None 597 403 65 135 None 568 362 34 129 None 442 406 47 123 None 413 374 35 114 None 424 298 52 107 None 372 319 35 98 None 355 358 32 110 None 334 326 40 99 None
48690.jpg l_winpoint 972 384 85 59 None 850 403 39 111 None 830 340 69 79 None 700 419 45 126 None 691 368 43 112 None 648 382 45 42 None 519 311 51 102 None 496 379 36 102 None 477 385 55 106 None 448 382 32 112 None 445 365 38 106 None 316 329 36 105 None
35160.jpg l_winpoint 904 313 73 64 None 888 327 41 100 None 761 360 50 126 None 669 267 47 100 None 567 270 32 100 None 544 243 49 105 None 449 301 46 116 None 448 302 64 102 None 389 347 29 110 None 387 312 53 97 None 361 291 35 90 None 249 323 64 109 None
43035.jpg r_winpoint 1010 394 55 109 None 888 353 36 114 None 869 307 34 100 None 818 373 50 127 None 770 317 60 107 None 802 293 37 99 None 651 312 39 103 None 566 421 71 107 None 561 274 27 96 None 427 302 33 87 None 308 363 45 95 None 309 434 49 75 None
37440.jpg r_winpoint 867 308 53 98 None 895 287 27 106 None 856 280 77 103 None 824 307 54 108 None 824 291 40 106 None 808 273 40 119 None 606 271 36 104 None 590 258 39 94 None 452 285 46 89 None 450 352 40 104 None 422 364 44 112 None 353 351 65 88 None
