75440.jpg l-spike 984 432 68 132 None 840 466 74 121 None 851 357 45 116 digging 681 462 59 135 None 543 303 37 185 blocking 545 274 32 182 blocking 452 440 62 147 None 430 403 60 150 None 388 484 59 163 None 405 244 59 155 spiking 209 427 73 129 None 120 386 85 136 None
70315.jpg r_set 985 403 63 129 None 1014 338 90 112 None 782 415 55 154 setting 735 562 79 145 None 653 384 39 143 None 592 420 35 154 None 437 466 53 122 None 471 415 42 141 None 476 392 45 132 None 248 456 61 154 None 193 388 62 107 None 57 423 49 144 None
39110.jpg l-pass 488 427 103 69 None 335 502 72 127 None 273 405 58 110 None 721 454 30 175 blocking 726 431 31 138 None 948 569 55 139 None 1062 442 73 126 None 976 476 39 139 None 779 493 61 139 None 831 485 79 113 digging 837 405 91 121 None
24915.jpg l-pass 410 437 62 122 None 530 460 71 126 None 513 399 52 101 None 654 472 94 107 None 837 377 47 109 None 839 331 43 97 None 937 383 65 67 None 902 454 50 148 None 931 483 79 150 None 982 472 47 129 None 1207 431 54 118 None 963 404 47 103 None
24900.jpg r_spike 1027 416 71 107 None 817 408 57 107 None 731 460 41 144 None 794 493 49 150 None 790 463 37 137 None 575 459 45 128 None 678 363 37 169 blocking 681 296 35 168 blocking 361 474 87 116 None 261 433 49 134 None 338 398 70 98 digging 795 303 51 112 spiking
24950.jpg l_set 443 389 32 143 None 510 376 47 118 None 557 382 47 143 setting 595 505 67 143 None 825 375 32 137 None 751 323 48 90 None 929 451 54 126 None 928 408 35 116 None 935 369 52 109 None 1109 419 56 141 None 1140 402 62 122 None 1207 480 64 126 None
26255.jpg r-pass 962 331 38 128 None 876 395 41 88 None 895 437 60 86 None 886 491 72 97 digging 684 472 83 127 None 513 430 49 127 None 343 407 44 136 None 363 422 55 142 None 355 447 60 142 None 149 416 51 133 None 127 400 38 122 None
70420.jpg r_spike 368 492 102 141 None 532 414 94 96 None 320 429 75 111 None 477 402 69 110 None 712 406 61 172 blocking 1067 342 71 137 None 979 458 43 142 None 1040 426 52 131 None 768 450 55 148 spiking 787 392 52 110 None 811 450 40 139 None
64460.jpg l_set 307 474 70 149 None 390 414 58 133 None 430 361 42 140 None 593 353 56 156 setting 559 435 51 154 None 471 540 81 151 None 845 424 46 149 None 794 408 56 151 None 795 385 44 111 None 1067 368 67 130 None 1157 476 83 149 None 1250 437 30 133 None
75620.jpg r-pass 230 446 49 120 None 306 456 58 130 None 454 511 86 133 None 449 446 58 131 None 429 400 52 105 None 457 385 63 114 None 562 369 79 145 blocking 923 486 55 114 digging 869 375 51 131 None 1037 399 38 123 digging
25010.jpg l-pass 1087 414 91 121 None 919 483 98 112 None 931 363 60 128 None 730 388 105 119 None 628 481 42 149 None 613 488 49 125 None 478 485 88 133 None 511 443 63 139 None 448 396 81 109 None 391 434 58 133 digging 322 408 72 123 None 238 481 58 140 None
64340.jpg r-pass 800 452 55 131 None 747 435 53 120 digging 759 358 46 120 None 686 510 68 172 None 562 446 86 158 None 537 366 46 114 None 303 441 33 162 None 288 425 30 156 None 243 415 57 151 None 1 451 42 151 None
39095.jpg r_spike 374 390 74 101 None 162 416 52 117 None 217 503 56 129 None 606 406 45 196 blocking 748 438 66 131 spiking 725 395 76 117 None 852 480 74 117 None 967 426 84 131 None 749 597 66 115 None
41385.jpg r-pass 946 465 44 119 digging 875 450 59 88 digging 777 412 83 103 None 554 511 37 130 None 560 468 75 124 None 578 431 46 103 None 356 535 62 133 None 126 519 57 137 None 373 428 62 107 None 422 480 75 127 None 418 435 41 139 None
26285.jpg r_set 22 450 52 152 None 88 448 60 112 None 132 384 61 102 None 413 398 36 99 None 424 392 52 152 blocking 415 462 51 141 None 527 379 48 136 setting 560 456 67 129 None 736 481 84 137 None 858 424 64 98 None 827 386 54 117 None 845 342 93 114 None
39155.jpg l-pass 357 403 47 133 None 426 439 57 130 None 457 404 52 128 digging 606 497 83 161 None 733 434 42 142 None 689 443 46 150 None 883 458 49 139 None 900 429 47 140 None 914 393 54 115 None 951 438 74 122 None 1097 437 43 140 None 1119 405 44 133 None
64565.jpg r_set 104 381 49 138 None 162 472 54 147 None 737 561 85 152 None 580 461 51 163 None 636 319 51 117 None 665 396 43 112 None 893 405 49 124 None 797 456 50 151 setting 448 479 45 141 None 458 430 37 123 None 447 404 68 144 None
24990.jpg l-spike 213 465 69 147 None 325 388 48 134 None 414 408 42 117 None 473 369 54 110 None 486 409 59 160 spiking 530 465 53 110 None 609 385 69 178 blocking 758 389 84 112 None 958 387 63 87 digging 985 489 76 123 None 1091 418 72 111 None
75565.jpg l-pass 366 530 84 78 None 550 446 60 145 None 536 360 43 129 None 670 485 115 139 digging 697 346 68 117 None 774 372 54 147 None 888 442 35 145 None 886 380 47 127 None 908 340 58 127 None 1115 345 66 148 None 1194 456 68 158 None
26370.jpg l-spike 333 405 45 133 None 406 436 81 121 None 535 383 37 115 None 563 428 57 138 None 621 399 41 100 None 581 299 55 138 spiking 1123 420 74 117 None 941 373 82 104 None 993 455 75 129 None 744 438 55 122 None 689 308 39 165 blocking 700 294 37 151 blocking
41425.jpg r_set 164 424 41 132 None 188 402 50 105 None 212 504 107 142 None 499 478 43 135 None 509 426 45 118 None 502 407 55 90 None 615 348 45 158 setting 602 462 46 128 None 748 559 101 121 None 887 463 43 137 None 847 414 76 116 None 883 373 101 97 None
26455.jpg r-pass 968 454 63 148 setting 784 467 98 115 None 831 366 55 120 None 580 454 99 122 None 635 421 61 125 None 616 383 44 103 None 465 452 66 130 None 485 399 48 123 None 372 359 41 122 None 335 445 63 117 None 286 414 41 111 None 254 485 75 139 None
39065.jpg r_set 883 408 82 123 None 791 489 66 139 None 748 429 51 123 None 723 357 48 114 None 685 433 54 144 None 539 460 51 173 setting 391 462 43 154 None 428 443 35 150 None 422 410 52 123 None 168 372 46 120 None 78 463 46 142 None 0 413 49 141 None
41450.jpg r_spike 214 483 74 126 None 230 404 61 98 None 161 460 63 106 None 523 476 67 140 None 705 517 49 133 None 820 396 43 116 None 666 427 49 135 None 710 425 37 112 None 995 437 58 123 None 758 319 99 93 spiking 608 341 26 161 blocking 607 316 30 163 blocking
70265.jpg r-pass 911 482 71 117 None 940 450 65 120 None 876 393 71 95 digging 629 383 76 145 setting 518 442 69 151 None 534 423 74 159 None 422 479 73 133 None 446 404 42 131 None 383 345 55 131 None 310 468 63 126 None 156 472 52 126 None 134 391 62 121 None
41370.jpg l-spike 351 539 58 141 None 560 398 46 117 None 641 474 75 128 None 638 455 48 113 None 775 485 27 151 None 769 439 46 179 blocking 794 445 52 123 None 1191 480 54 120 None 1130 432 72 105 None 1014 400 75 114 None 450 429 58 179 spiking 32 394 71 119 None
75610.jpg l-spike 261 441 73 128 None 368 444 73 137 None 448 320 50 167 spiking 487 377 58 126 None 527 431 67 129 None 521 504 67 161 None 636 348 43 171 blocking 615 313 64 175 blocking 931 365 62 141 None 1025 468 60 146 None 1126 400 52 131 None
70415.jpg r_spike 552 408 80 107 digging 447 392 69 117 None 685 403 35 196 blocking 316 429 66 116 None 372 489 69 152 None 747 403 55 200 spiking 783 437 58 155 None 745 401 49 140 None 983 458 41 139 None 1006 423 52 128 None 1058 350 54 130 None
26430.jpg l-spike 147 474 131 128 None 255 434 90 101 None 396 387 57 117 None 393 346 52 107 None 618 362 41 170 spiking 576 401 65 115 None 681 363 33 191 blocking 705 404 54 137 None 699 363 35 115 None 879 377 58 105 None 998 476 54 134 None 912 455 46 126 None
26325.jpg l-pass 575 399 70 104 digging 486 430 52 112 None 490 471 74 140 None 735 402 58 117 None 811 437 43 152 None 800 463 64 146 None 931 387 51 131 None 901 434 44 149 None 928 494 60 151 None 1128 435 71 120 None 1024 467 61 132 None 1063 344 57 122 None
39230.jpg r_set 669 352 48 159 setting 859 361 55 103 None 740 394 51 172 None 861 515 69 133 None 968 442 67 112 None 1013 470 58 112 None 594 438 44 117 None 578 395 42 127 None 543 467 48 130 None 334 478 65 133 None 273 410 59 102 None 179 433 55 136 None
75385.jpg l-pass 453 457 58 154 None 425 407 53 107 digging 466 407 50 90 digging 557 308 55 143 None 622 463 55 140 None 649 366 89 120 None 936 423 54 146 None 918 394 26 155 None 898 379 50 143 None 1213 455 64 153 None 1220 382 59 129 None
70250.jpg l-spike 1047 516 73 121 None 1065 435 64 123 None 1015 382 69 129 None 720 388 75 118 None 639 372 41 176 blocking 644 380 51 192 blocking 565 388 46 124 None 503 334 49 124 None 387 408 102 175 spiking 438 431 57 139 None 341 378 50 112 None 189 459 90 130 None
26310.jpg l-pass 460 441 60 103 None 466 485 50 127 digging 794 417 45 180 None 853 450 65 139 None 889 402 47 116 None 891 497 65 153 None 994 467 57 136 None 1036 344 72 117 None 549 392 44 95 None 1127 420 65 127 None 743 420 66 110 None
64370.jpg r_set 867 398 69 109 None 811 437 68 107 None 672 351 84 104 None 542 419 57 123 None 615 523 124 163 None 461 326 51 152 setting 374 373 47 106 None 369 411 43 142 None 368 451 53 144 None 61 473 79 148 None 7 437 65 138 None 11 384 48 138 None
26295.jpg r_spike 649 427 66 116 None 641 365 97 162 spiking 750 501 96 144 None 906 338 49 116 None 935 401 55 113 None 877 434 69 114 None 576 401 34 172 blocking 543 404 37 99 None 557 451 34 142 None 278 385 75 99 None 228 447 52 103 None 191 468 58 141 digging
26395.jpg l-pass 296 419 70 128 None 262 411 53 114 None 451 350 30 100 None 471 362 41 114 digging 480 422 72 133 None 543 377 51 123 None 624 355 63 118 None 614 342 37 126 None 640 428 95 112 None 829 380 56 116 None 894 416 60 114 None 1048 421 53 107 None
39195.jpg r-pass 926 403 58 117 None 763 445 83 123 digging 746 361 73 105 None 699 404 59 119 None 741 489 64 142 None 462 393 47 122 None 385 399 37 129 None 381 417 44 130 None 352 466 60 147 None 91 468 108 133 None 69 421 61 138 None
70220.jpg l_set 572 332 80 117 None 683 318 54 162 setting 746 353 48 137 None 348 486 82 133 None 389 452 63 119 None 445 426 52 137 None 910 440 61 136 None 922 388 49 139 None 933 367 43 144 None
41275.jpg l-pass 1052 451 44 125 None 964 398 57 131 None 832 401 41 133 None 795 405 29 145 None 800 435 37 134 None 690 432 46 127 None 518 401 49 120 None 368 393 44 113 None 287 434 66 119 None 326 531 43 69 None 71 496 66 144 None
64400.jpg r_spike 279 429 65 110 digging 310 485 70 140 None 423 363 65 110 None 663 400 55 172 blocking 646 370 64 181 blocking 625 425 37 116 None 735 421 76 158 spiking 834 447 56 138 None 722 385 39 142 None 775 356 45 146 None 800 347 40 126 None 1073 416 51 135 None
25060.jpg l_set 212 414 59 157 None 340 352 77 82 None 318 537 92 151 None 421 427 55 132 None 440 344 37 162 setting 621 372 47 126 None 721 367 51 132 None 752 457 43 137 None 1017 469 63 132 None 1077 407 49 135 None 1054 368 44 121 None 723 421 43 127 None
75410.jpg l_set 648 382 55 168 setting 559 375 66 141 None 459 318 54 102 None 344 403 75 125 None 248 367 77 128 None 376 500 89 141 None 787 444 40 139 None 776 390 55 151 blocking 771 371 63 134 None 1085 358 63 137 None 1103 485 58 139 None 1191 414 85 137 None
24875.jpg r_set 860 421 88 102 None 819 407 61 102 None 729 336 79 100 None 618 376 48 159 setting 625 406 63 184 None 473 400 52 110 None 493 438 40 139 None 474 465 57 144 None 202 418 71 86 None 188 477 52 141 None 100 423 57 139 None 780 505 57 141 None
24835.jpg r-pass 796 423 60 77 None 845 429 52 107 None 626 466 64 148 None 655 349 62 117 None 852 464 57 133 None 534 414 43 120 None 335 444 30 152 None 319 416 55 143 None 307 409 29 136 None 117 450 55 141 None 91 407 40 134 None
70170.jpg l-pass 368 378 48 125 digging 316 423 60 128 None 294 463 60 130 None 158 438 49 147 None 648 458 85 139 None 599 379 80 110 None 887 369 51 142 None 865 400 38 142 None 940 375 57 147 None 1113 396 66 120 None
75465.jpg r-pass 671 420 42 110 digging 698 372 65 107 None 812 432 53 129 None 913 382 38 146 None 468 342 41 113 None 507 335 48 130 None 406 350 44 107 None 377 391 36 149 None 353 464 66 152 None 267 437 81 147 None 201 375 55 131 None 143 397 51 134 None
64500.jpg l-spike 1099 481 97 137 None 1131 392 64 115 None 762 379 84 111 None 596 368 41 214 blocking 596 379 53 207 blocking 476 420 53 158 spiking 465 433 93 124 None 438 405 73 114 None 350 478 61 141 None 252 459 66 133 None 165 418 76 139 None
64425.jpg l-pass 303 443 93 113 None 978 470 91 131 None 574 348 66 117 None 792 497 68 136 None 759 486 54 150 None 747 411 79 113 None 924 463 54 158 None 1180 454 74 131 None 1017 371 69 133 None 902 389 61 136 None 914 356 38 128 None 456 374 86 192 setting
70345.jpg r_spike 199 432 51 112 None 279 480 69 140 None 418 379 63 99 None 597 424 55 162 spiking 630 403 53 137 None 660 432 47 126 None 755 467 49 136 None 765 445 81 128 None 896 454 60 132 None 826 407 63 129 None 1016 415 60 139 None 998 321 58 142 None
75520.jpg r_spike 795 414 65 131 None 706 320 49 156 spiking 662 322 52 114 None 576 434 52 130 None 588 383 49 124 None 594 311 40 153 blocking 971 421 80 122 None 997 355 68 122 None 937 347 76 124 None 379 363 52 119 None 316 459 65 134 None 205 420 69 127 None
41460.jpg r_spike 1136 428 56 114 None 894 395 50 116 None 831 495 71 109 None 831 436 56 84 None 831 344 58 105 spiking 775 421 39 122 digging 694 317 77 143 spiking 551 477 88 118 None 328 483 77 124 digging 336 401 43 101 digging 257 462 47 96 None
75505.jpg r_set 583 284 49 154 setting 699 342 57 132 None 796 415 57 100 None 980 421 76 112 None 953 347 48 140 None 889 363 75 113 None 494 436 46 148 None 498 388 43 135 None 508 356 44 125 None 294 348 40 130 None 238 446 58 148 None 140 435 71 121 None
75535.jpg l-pass 1053 424 51 130 None 1093 371 51 130 None 1009 344 62 133 None 864 426 37 137 None 830 319 40 111 None 776 355 46 127 None 722 325 40 160 blocking 683 431 53 134 None 510 361 50 120 None 455 449 67 135 None 330 421 42 114 digging
70395.jpg r_set 1020 378 107 107 None 750 512 77 145 None 937 461 49 127 None 925 442 57 107 None 699 441 60 145 None 232 415 52 132 None 345 465 59 137 None 345 423 55 99 None 540 486 67 132 None 562 389 47 115 None 600 356 40 193 blocking 669 384 51 165 setting
70400.jpg r_spike 682 412 71 145 setting 711 398 100 144 spiking 741 519 83 131 None 941 441 54 94 None 959 459 61 130 None 1024 372 116 105 None 605 365 88 167 blocking 586 399 63 119 None 576 485 80 142 None 261 425 52 133 None 370 408 65 127 None 372 472 61 141 None
26485.jpg r_set 686 487 75 132 None 885 449 92 108 None 821 366 74 104 None 581 419 66 141 None 622 367 39 130 setting 999 528 115 107 None 315 455 65 136 None 366 414 30 140 None 31 473 74 156 None 74 432 51 119 None 47 385 43 116 None 358 389 34 71 None
24995.jpg l-spike 1070 422 78 110 digging 959 486 58 122 None 917 389 71 100 None 731 398 92 112 None 570 408 57 157 blocking 548 380 102 162 blocking 456 444 101 141 spiking 372 418 62 123 None 440 373 45 121 None 471 461 68 129 None 289 388 46 132 None 190 458 56 152 None
70340.jpg r_spike 964 335 80 127 None 1013 417 43 132 None 872 450 70 130 None 789 408 63 122 None 757 455 79 150 spiking 726 472 41 130 None 628 430 48 127 None 604 413 43 127 None 570 451 50 136 None 401 377 56 117 None 242 491 77 143 None 104 428 96 117 None
33375.jpg l_winpoint 711 444 85 99 None 791 342 46 129 None 952 380 39 137 None 628 413 84 134 None 544 375 45 135 None 559 356 50 130 None 251 415 84 146 None 374 392 47 128 None 372 368 76 135 None 335 357 87 133 None 289 378 46 134 None 301 361 40 123 None
48390.jpg r_winpoint 233 392 34 137 None 364 471 61 126 None 488 489 87 89 None 519 499 67 168 None 564 452 53 150 None 606 478 101 43 None 609 478 96 46 None 694 410 65 142 None 703 452 58 146 None 742 406 59 119 None 819 457 49 148 None 860 429 86 122 None
39300.jpg r_winpoint 485 434 44 144 None 511 389 43 124 None 662 464 74 123 None 694 474 69 135 None 847 397 45 139 None 867 368 49 119 None 983 423 74 135 None 978 397 95 137 None 1049 459 55 142 None 1037 417 72 130 None 1139 404 44 141 None 1244 469 34 137 None
38460.jpg l_winpoint 182 416 42 151 None 223 465 60 153 None 260 447 74 137 None 247 422 39 143 None 277 386 57 132 None 320 405 59 140 None 481 414 31 139 None 483 434 44 144 None 521 374 50 129 None 710 388 57 127 None 803 404 42 133 None 838 447 49 154 None
33990.jpg l_winpoint 1140 448 81 145 None 1133 419 46 140 None 1092 411 47 132 None 1038 527 60 166 None 1039 522 45 157 None 852 426 66 133 None 837 400 70 145 None 776 443 77 175 None 661 389 67 144 None 608 449 57 126 None 557 415 72 145 None
36750.jpg l_winpoint 671 399 41 129 None 571 433 65 133 None 589 371 35 114 None 516 444 51 137 None 472 380 42 135 None 347 373 46 132 None 97 400 95 160 None 164 415 43 136 None 132 398 64 141 None 88 393 96 142 None 99 418 37 127 None
49545.jpg l_winpoint 1079 466 37 136 None 997 405 47 122 None 926 448 31 143 None 888 455 52 143 None 807 518 60 148 None 812 360 51 126 None 630 475 56 149 None 622 418 75 133 None 581 393 65 127 None 512 456 64 121 None 517 413 68 122 None 446 417 38 144 None
44070.jpg l_winpoint 241 447 112 128 None 169 467 67 150 None 178 439 81 139 None 316 497 52 141 None 347 469 63 145 None 343 441 53 152 None 823 439 45 136 None 745 361 43 116 None 752 461 57 125 None 634 478 67 140 None 704 435 55 131 None 662 440 50 146 None
52230.jpg l_winpoint 846 380 51 120 None 625 356 60 128 None 625 478 67 138 None 380 437 65 135 None 361 426 48 140 None 368 410 76 132 None 211 447 109 176 None 230 410 57 134 None 241 373 68 130 None 169 352 53 150 None 110 390 31 159 None 66 415 61 167 None
32835.jpg r_winpoint 701 336 53 122 None 667 403 77 130 None 646 361 73 133 None 592 444 66 146 None 527 405 71 152 None 429 384 68 122 None 176 426 64 140 None 159 385 73 145 None 179 376 69 133 None
46485.jpg l_winpoint 796 427 74 132 None 683 430 64 150 None 578 419 60 136 None 583 412 58 125 None 609 392 47 129 None 488 447 57 152 None 1086 441 42 141 None 1035 432 55 137 None 1056 388 32 134 None 1210 368 68 133 None
49020.jpg l_winpoint 1082 478 80 144 None 1175 394 58 137 None 857 457 52 139 None 883 380 33 126 None 766 365 51 134 None 755 364 37 128 None 499 399 59 133 None 454 370 68 135 None 430 399 77 144 None 428 379 53 132 None 408 379 34 145 None 422 408 42 126 None
40695.jpg r_winpoint 652 392 46 129 None 538 416 54 121 None 447 417 58 125 None 375 541 108 77 None 734 461 52 138 None 757 489 68 134 None 1129 442 51 130 None 1008 528 48 159 None 960 446 64 133 None 1013 440 67 133 None 1047 480 60 148 None 1078 405 45 125 None
37290.jpg l_winpoint 685 382 24 126 None 666 352 43 107 None 628 427 50 137 None 473 364 59 128 None 408 366 40 123 None 461 324 41 122 None 6 424 74 144 None 5 407 64 137 None
