6990.jpg l-pass 810 356 46 83 None 778 377 47 99 None 777 319 51 81 None 693 423 43 111 None 679 287 36 89 None 675 275 43 72 None 611 265 34 77 None 536 295 55 70 None 500 381 53 89 None 407 360 65 81 None 392 330 71 46 None 342 322 37 85 None
10500.jpg r_set 995 398 69 84 None 927 350 36 86 None 948 498 74 120 None 734 383 84 98 None 647 300 32 125 setting 809 272 44 73 None 606 396 38 106 None 590 362 42 110 None 606 326 25 91 None 436 409 37 88 None 400 327 40 83 None 312 355 48 103 None
4790.jpg r-pass 1006 408 38 116 digging 1028 377 59 87 None 1002 325 48 75 None 881 304 36 82 None 818 279 45 73 None 710 330 58 81 None 650 348 41 100 None 613 358 36 88 None 656 311 31 84 None 435 408 53 84 None 435 312 34 64 None 328 386 52 116 None
3425.jpg r_spike 194 377 45 100 None 290 435 45 110 None 327 321 53 72 None 456 311 57 76 None 633 382 36 151 blocking 627 360 46 149 blocking 753 397 47 100 None 786 401 61 133 spiking 829 373 62 85 None 844 425 65 100 None 743 290 65 87 None 932 297 54 99 None
3230.jpg l-pass 981 323 31 93 None 838 407 62 81 None 753 303 48 75 None 736 392 50 81 None 558 293 52 85 None 560 278 39 89 None 513 295 45 86 None 484 330 54 110 digging 432 357 40 102 None 445 338 38 69 digging 284 340 61 92 None 256 433 78 105 None
10565.jpg l-pass 335 464 49 86 None 334 360 55 101 None 398 336 60 92 None 461 295 36 84 None 553 358 49 97 None 543 440 54 113 None 692 316 33 98 None 683 349 35 107 None 707 403 29 114 None 797 319 41 96 None 909 357 48 90 None 912 423 51 98 None
4830.jpg r_set 253 351 43 97 None 277 312 49 67 None 334 418 40 100 None 575 313 26 93 None 568 348 46 104 None 572 376 44 108 None 730 292 29 81 None 790 278 45 76 digging 841 326 54 91 None 999 329 65 75 None 997 387 51 100 None 1010 455 58 108 None
7250.jpg r_set 777 435 61 101 None 819 403 52 87 None 810 356 51 66 None 772 320 53 74 None 698 299 37 79 None 591 349 42 142 setting 528 409 36 109 None 514 355 36 99 None 522 321 29 88 None 333 433 46 96 None 327 367 39 101 None 294 353 41 67 None
10675.jpg r_set 920 362 79 91 None 952 533 104 125 None 865 364 37 96 None 813 269 51 70 None 716 361 50 99 None 660 301 49 122 setting 575 406 40 114 None 569 358 32 114 None 579 311 31 90 None 403 323 60 90 None 310 438 50 92 None 262 370 48 94 None
3135.jpg l-pass 1054 305 33 91 None 967 389 41 96 None 882 364 68 102 None 805 336 36 103 None 806 302 45 96 None 787 399 33 112 None 711 314 66 85 None 695 291 79 101 None 537 390 62 85 None 455 400 66 98 None 463 320 38 75 None 334 367 58 87 None
10465.jpg r-pass 1018 388 51 104 digging 990 346 58 90 None 968 435 64 108 None 863 414 45 118 None 891 287 37 86 None 677 356 35 100 None 628 397 43 108 None 610 327 56 131 blocking 599 339 48 96 None 486 376 34 94 None 374 351 41 108 None 307 304 47 91 None
2520.jpg l_set 1114 326 40 98 None 1005 442 83 100 None 963 276 48 75 None 702 290 45 94 None 706 346 41 99 None 699 390 44 128 None 534 380 33 102 digging 432 491 83 124 None 443 411 82 112 None 407 403 34 101 None 267 352 88 103 None 402 254 41 88 None
3520.jpg l-spike 818 294 53 78 None 700 326 50 83 None 643 379 43 141 blocking 640 361 36 135 blocking 527 394 47 128 spiking 539 357 46 90 None 492 334 35 80 None 460 401 36 98 None 402 349 39 109 None 455 275 37 92 None 1029 452 58 108 None 1032 340 80 84 None
7170.jpg l_set 251 374 73 105 None 371 337 33 83 None 363 278 53 75 None 487 363 57 95 None 499 354 39 115 setting 454 447 61 119 None 589 399 44 114 None 587 346 43 88 None 585 315 39 84 None 856 445 73 95 None 927 373 67 87 None 796 310 35 64 None
7110.jpg r_spike 905 393 51 76 None 781 293 42 118 spiking 731 322 36 74 None 631 308 40 73 None 619 382 41 100 None 629 368 52 103 None 561 321 37 134 blocking 449 356 76 78 None 468 316 38 99 None 326 415 49 99 None 226 389 45 98 None 264 341 36 68 None
6970.jpg r_spike 855 342 40 97 None 794 315 37 87 None 719 283 29 90 None 676 226 42 114 spiking 603 238 33 116 blocking 586 316 47 86 None 550 384 34 92 None 369 385 42 78 None 368 295 29 72 None 278 332 41 79 None 691 387 47 103 None 736 443 67 110 None
7070.jpg r_set 232 351 37 97 None 294 319 40 82 None 338 378 35 94 None 473 381 39 101 None 462 317 35 99 None 468 295 29 78 None 555 280 30 79 None 533 351 34 78 digging 595 353 39 121 digging 647 308 55 70 None 815 398 66 38 None 868 332 58 78 None
5580.jpg l-pass 298 383 53 98 None 374 345 54 67 None 362 448 62 63 None 491 328 50 76 None 633 396 44 108 None 643 416 45 100 None 760 397 34 95 None 723 366 46 88 None 697 309 29 99 None 837 417 48 100 None 850 346 41 90 None 956 346 43 99 None
2415.jpg r_set 978 357 65 100 None 928 403 72 90 None 951 487 89 126 None 905 297 73 84 None 796 330 82 96 None 744 260 33 115 setting 590 372 41 117 None 583 333 45 112 None 577 297 47 107 None 326 409 59 101 None 302 297 55 66 None 194 334 44 99 None
10690.jpg r_spike 910 380 65 95 None 897 351 63 99 None 761 336 48 95 None 779 263 53 87 None 687 292 53 130 spiking 623 297 35 159 blocking 624 298 26 116 blocking 617 416 43 116 None 442 320 53 90 None 347 421 43 104 None 263 366 51 94 None 885 505 62 139 None
2380.jpg r-pass 262 398 63 111 None 290 313 38 94 None 410 311 46 67 None 591 351 52 115 None 646 329 50 113 None 635 307 40 102 None 788 291 71 91 None 890 337 70 90 None 1042 301 44 84 None 1105 406 80 81 None 1026 437 95 91 None 971 452 60 125 None
7285.jpg r_spike 893 400 47 90 None 808 416 37 94 None 780 344 44 83 None 732 393 49 107 spiking 668 397 45 93 None 678 330 43 79 None 606 376 34 135 blocking 597 353 41 137 blocking 474 343 47 84 None 341 352 41 68 None 326 447 38 108 None 211 405 55 95 None
3310.jpg l-spike 407 373 50 115 None 399 294 44 85 None 463 302 33 85 None 481 361 63 78 None 428 366 48 92 None 481 355 64 133 spiking 581 318 55 151 blocking 578 337 50 152 blocking 712 310 56 86 None 772 294 56 78 None 976 314 38 84 None 972 439 79 113 None
5455.jpg r-pass 278 388 56 111 None 394 415 38 96 None 397 317 55 56 None 578 362 47 99 None 620 348 40 102 None 624 316 27 73 None 678 320 53 91 None 784 272 50 79 None 875 305 35 94 None 1003 327 45 83 None 1036 388 58 92 None 1002 402 37 125 digging
3335.jpg r-pass 915 306 50 100 None 329 324 37 85 None 562 415 60 115 None 561 369 48 126 digging 405 308 67 95 None 844 422 66 97 None 311 389 71 116 None 662 304 52 85 None 742 286 65 82 None 468 402 43 107 None 400 372 46 93 None 461 337 50 107 None
2550.jpg l-spike 268 381 36 99 None 432 393 31 109 None 386 292 40 124 spiking 413 292 30 92 None 458 400 43 122 None 487 419 48 120 None 577 282 38 147 blocking 588 271 43 125 blocking 641 383 47 105 None 808 284 37 81 None 962 416 67 105 None 986 312 45 84 None
5515.jpg r_set 949 493 88 120 None 984 415 45 109 None 874 294 69 76 None 808 283 32 111 setting 748 240 40 72 None 693 371 43 107 None 515 392 41 106 None 506 359 46 102 None 506 315 33 97 None 241 440 51 93 None 206 330 58 56 None 139 358 40 98 None
3270.jpg l_set 1108 336 56 103 None 971 437 70 99 None 871 294 54 74 None 663 393 44 121 None 662 319 34 114 None 654 299 43 108 None 587 338 54 110 None 491 340 45 86 digging 411 321 65 85 None 442 266 51 89 None 458 449 66 127 None 262 356 63 99 None
3500.jpg l_set 310 354 58 98 None 397 261 66 83 None 465 311 56 86 None 507 381 42 116 setting 437 468 62 116 None 599 337 40 103 None 699 291 50 110 None 707 352 42 108 None 703 393 43 117 None 870 279 41 76 None 1111 342 48 103 None 1022 431 65 97 None
3205.jpg l-spike 202 424 39 103 None 348 342 37 107 None 382 330 37 100 None 420 330 59 73 None 451 229 55 99 spiking 507 325 55 107 None 578 253 34 135 blocking 578 252 30 120 blocking 695 379 37 104 None 807 288 55 65 None 885 434 90 104 None 1020 323 42 90 digging
7130.jpg l-pass 927 395 41 95 None 276 392 52 95 digging 302 352 44 63 None 460 292 32 91 None 407 431 42 103 None 616 368 40 92 None 675 380 22 110 None 675 366 36 106 None 667 307 33 87 None 769 317 48 82 None 781 361 53 92 None 477 350 63 88 None
7375.jpg l-spike 325 402 42 98 None 396 366 39 89 None 397 354 54 77 None 417 295 40 101 None 472 355 51 97 None 452 406 53 130 spiking 554 393 43 137 blocking 563 364 32 134 blocking 620 343 36 86 None 770 314 41 77 None 913 347 57 70 None 873 454 57 105 None
4890.jpg l-pass 314 367 53 90 None 402 399 55 95 None 437 314 40 71 None 551 405 47 84 digging 668 334 38 90 None 665 314 33 91 None 717 354 58 73 None 743 356 37 100 None 738 392 43 102 None 784 284 30 84 None 828 316 31 86 None 852 385 39 89 None
3175.jpg l_set 1080 334 48 110 None 936 293 40 71 None 1009 451 81 104 None 725 382 34 121 None 726 335 37 116 None 715 307 48 100 None 579 326 45 91 None 437 266 58 84 None 452 309 45 84 None 400 329 62 96 None 433 339 46 123 setting 303 353 66 104 None
7350.jpg l_set 395 493 79 119 None 269 380 47 101 None 357 294 62 74 None 417 341 37 90 None 455 362 31 97 setting 527 381 38 108 None 619 408 50 114 None 633 373 30 79 None 617 302 42 111 None 821 310 46 72 None 912 444 69 95 None 1062 364 52 83 None
10610.jpg l-pass 393 340 49 93 None 479 400 39 111 None 520 402 52 97 digging 545 448 44 114 None 505 310 38 95 None 651 412 43 109 None 672 383 40 113 None 726 340 40 96 None 702 335 33 77 None 913 434 37 110 None 956 326 47 90 None
7190.jpg l-spike 858 400 46 90 None 812 429 48 100 None 734 312 41 72 None 544 329 40 78 None 516 327 29 135 blocking 520 424 70 99 None 447 447 47 114 None 430 409 53 92 None 462 352 45 113 None 407 288 40 87 None 354 356 64 70 None 311 316 71 107 spiking
6945.jpg r_set 240 335 34 99 None 346 312 36 54 None 338 401 60 81 None 563 364 36 106 None 558 337 38 97 None 563 295 31 71 None 619 309 32 114 setting 743 288 65 88 None 773 259 36 76 None 905 314 55 68 None 930 348 52 86 None 882 463 73 108 None
7020.jpg l_set 314 343 43 93 None 366 341 51 48 None 362 439 77 98 None 459 258 43 62 None 475 306 33 100 setting 527 303 44 80 None 633 395 44 103 blocking 655 299 38 83 None 633 280 30 95 None 750 311 25 82 None 840 396 49 88 None 890 330 42 81 None
3075.jpg r_set 188 345 43 94 digging 252 435 53 98 None 278 309 41 56 None 539 297 38 97 None 539 361 48 105 None 554 396 41 111 None 868 264 60 68 None 983 427 56 114 None 934 510 81 132 None 1067 423 61 116 None 864 325 43 103 None 844 347 37 124 setting
3110.jpg r_spike 227 366 43 100 digging 325 305 37 78 None 312 411 40 106 None 498 399 47 105 None 626 252 51 130 blocking 635 265 40 144 blocking 740 332 44 96 None 777 225 39 132 spiking 833 382 49 107 None 782 442 43 120 None 941 391 73 90 None 964 339 33 103 None
3440.jpg l-pass 957 287 41 93 None 886 366 68 108 None 865 425 53 111 None 812 439 52 116 None 812 390 57 111 None 772 301 40 98 None 728 426 29 125 None 689 420 70 123 None 502 307 65 85 None 396 330 60 67 None 398 426 39 103 None 254 378 58 96 digging
6915.jpg r-pass 265 381 45 110 None 391 299 36 57 None 371 394 56 80 None 553 333 35 87 None 592 285 28 78 None 585 327 43 95 None 645 311 49 77 None 766 247 31 78 None 839 274 36 83 None 914 409 45 105 None 965 315 43 74 None 945 350 55 89 digging
7035.jpg l-spike 899 350 64 79 None 819 393 57 92 digging 708 309 31 73 None 582 398 58 94 None 574 268 40 114 blocking 576 255 28 118 blocking 500 270 35 95 spiking 456 259 30 78 None 431 327 27 86 None 358 314 57 72 None 345 350 50 92 None 387 420 55 106 None
3385.jpg r_set 92 365 51 100 None 206 313 48 71 None 158 417 50 115 None 449 292 40 108 None 440 347 49 115 None 451 395 47 118 None 635 373 54 118 None 773 246 47 77 None 811 285 41 121 setting 941 335 80 91 None 886 411 53 109 None 856 483 71 129 None
10530.jpg l-pass 829 366 43 101 None 772 379 43 90 None 761 455 57 116 None 683 380 34 101 None 684 359 65 93 None 682 295 50 88 None 644 382 27 103 None 640 350 30 128 blocking 571 353 84 60 None 490 410 42 97 None 462 342 46 77 None 310 378 58 56 None
2475.jpg l-pass 1080 304 53 95 None 1014 352 51 107 None 899 406 49 109 None 814 405 53 118 None 810 358 52 116 None 791 309 57 99 None 738 420 45 115 None 703 414 58 128 None 526 276 47 98 None 418 325 74 64 None 378 399 56 111 digging 265 371 38 102 None
10650.jpg r-pass 591 339 27 103 None 795 376 51 112 None 785 365 68 91 digging 802 286 38 88 None 318 370 51 118 None 890 477 49 116 None 849 345 43 107 None 544 411 38 106 None 542 365 30 110 None 545 319 37 100 blocking 243 480 49 112 None 382 337 36 90 None
5630.jpg l_set 1004 354 47 79 None 961 451 77 87 None 916 292 36 74 None 655 407 37 105 None 665 369 34 98 None 652 307 38 93 None 512 394 48 108 None 420 394 28 75 None 336 429 43 95 None 274 385 72 106 None 382 281 38 74 None 387 495 75 118 None
2455.jpg r_spike 981 379 47 109 None 943 286 57 85 None 864 401 43 98 None 795 358 57 148 spiking 758 366 66 107 None 724 319 46 89 None 683 358 37 150 blocking 685 331 36 147 blocking 530 309 51 77 None 390 305 50 79 None 319 432 45 109 None 215 376 47 95 None
7220.jpg r-pass 760 420 71 67 None 748 384 115 68 None 759 350 65 56 None 598 410 57 95 None 599 333 36 80 None 528 377 48 103 None 467 410 38 102 None 427 368 35 100 None 456 325 33 97 None 459 311 29 97 None 330 351 36 77 None 255 433 58 99 None
3025.jpg r-pass 310 322 38 93 None 772 298 58 91 None 859 323 46 96 None 989 296 62 90 None 971 449 46 123 None 1024 408 57 113 digging 1077 377 64 95 None 247 407 50 108 None 436 320 36 82 None 593 352 41 106 None 628 311 31 100 None 641 337 45 109 None
7315.jpg l-pass 238 385 61 111 None 358 353 56 76 None 428 321 36 94 None 422 430 35 104 None 569 406 79 119 digging 574 441 71 113 None 663 316 28 88 None 664 381 38 102 None 682 408 59 109 None 787 340 44 85 None 804 425 48 99 None 971 366 50 91 None
5560.jpg r_spike 229 395 48 93 None 325 333 39 71 None 300 439 38 103 None 457 331 45 75 digging 617 334 36 130 blocking 613 348 36 147 blocking 679 291 37 95 None 703 376 53 94 None 761 347 38 81 None 774 370 44 131 spiking 838 411 47 94 None 933 334 47 98 None
10520.jpg r_spike 311 361 39 90 None 465 412 42 94 None 442 335 39 82 None 594 323 39 94 None 621 336 27 137 blocking 620 321 32 144 blocking 810 468 43 121 None 723 276 38 89 None 805 361 37 91 None 856 366 40 102 None 669 355 50 90 None 676 317 46 127 spiking
7045.jpg r-pass 761 391 58 87 None 861 344 44 87 None 657 311 41 73 None 565 393 68 99 None 522 268 25 100 None 511 301 36 94 None 463 300 29 86 None 430 265 35 89 None 360 313 51 78 None 381 339 31 83 None 399 407 55 106 None 300 347 41 101 None
4870.jpg r_spike 385 408 36 95 None 662 309 28 118 blocking 661 282 36 130 blocking 835 285 64 117 spiking 835 282 52 79 None 763 354 55 97 None 813 425 57 117 None 790 312 30 80 None 899 387 75 90 None 567 390 61 93 None 361 319 52 64 None 297 359 41 96 None
5665.jpg l-spike 468 423 30 106 None 405 277 72 86 spiking 534 293 48 115 blocking 542 269 41 123 blocking 945 368 51 82 None 230 413 35 97 None 666 416 76 88 None 311 366 49 66 None 307 391 57 90 None 447 363 65 81 None 884 445 75 90 None 774 314 43 74 None
4935.jpg l_set 926 429 65 90 None 932 337 58 90 None 865 295 41 66 None 651 390 42 113 None 653 354 41 102 None 647 307 41 88 None 509 344 37 115 setting 525 355 58 93 None 461 312 35 85 None 456 278 53 74 None 307 360 54 97 None 406 454 55 106 None
30240.jpg l_winpoint 275 335 48 94 None 454 279 36 108 None 471 269 45 97 None 509 290 55 112 None 562 252 25 103 None 546 241 40 104 None 772 373 46 119 None 820 296 43 96 None 823 265 30 99 None 757 253 26 96 None 717 237 34 102 None 727 290 29 103 None
48750.jpg l_winpoint 944 383 29 107 None 820 415 35 110 None 730 410 26 101 None 756 330 24 77 None 591 320 27 95 None 557 313 24 84 None 251 371 42 88 None 369 342 37 106 None 485 400 26 101 None 472 356 40 108 None 453 364 63 79 None 431 343 36 89 None
47985.jpg r_winpoint 692 395 50 103 None 795 374 68 119 None 841 353 47 87 None 758 333 39 94 None 654 345 39 95 None 678 335 40 93 None 329 407 34 54 None 420 455 52 114 None 458 378 46 97 None 407 326 40 84 None 522 342 30 91 None 527 293 32 80 None
51540.jpg r_winpoint 365 361 47 70 None 393 352 58 46 None 389 284 42 75 None 537 353 59 80 None 558 288 26 84 None 546 260 37 79 None 777 344 26 80 None 841 327 36 90 None 803 303 33 83 None 706 329 44 87 None 695 311 23 76 None 711 281 24 74 None
30885.jpg r_winpoint 414 336 40 106 None 524 333 30 65 None 542 288 40 90 None 625 350 61 55 None 725 325 41 89 None 821 299 35 98 None 823 349 29 85 None 794 367 47 98 None 846 368 69 94 None 887 315 44 95 None 528 408 47 121 None
37770.jpg r_winpoint 297 298 47 102 None 327 320 55 94 None 357 291 57 105 None 351 343 62 114 None 424 309 55 90 None 484 277 55 103 None 707 328 37 103 None 805 366 36 114 None 819 303 31 108 None 845 310 26 109 None 850 308 40 131 None 844 355 55 97 None
40965.jpg l_winpoint 914 360 25 100 None 775 350 33 97 None 733 294 30 85 None 671 402 53 103 None 609 306 29 91 None 590 322 30 52 None 472 368 52 110 None 484 329 25 95 None 452 364 35 103 None 432 340 29 84 None 465 341 37 84 None 460 323 31 84 None
32235.jpg r_winpoint 354 337 54 112 None 373 302 29 95 None 428 281 43 105 None 430 393 46 101 None 549 361 38 121 None 503 333 37 108 None 676 270 43 95 None 726 314 47 103 None 774 314 43 108 None 828 260 33 100 None 821 318 79 122 None 921 318 45 104 None
46815.jpg l_winpoint 879 402 43 96 None 886 352 36 97 None 776 330 39 83 None 738 325 40 96 None 704 417 40 112 None 690 376 30 105 None 453 390 59 99 None 479 371 45 101 None 447 359 48 113 None 411 369 34 90 None 362 415 40 106 None 397 437 94 119 None
35775.jpg r_winpoint 817 272 23 124 None 797 289 38 128 None 767 319 36 106 None 736 257 32 100 None 714 271 34 102 None 661 264 31 91 None 552 256 44 96 None 515 273 27 102 None 454 332 42 114 None 388 336 48 93 None 384 283 27 91 None 306 314 39 101 None
36465.jpg l_winpoint 969 352 45 79 None 913 318 59 88 None 859 385 48 111 None 778 247 32 90 None 558 280 24 100 None 538 254 29 89 None 480 342 54 104 None 422 331 56 108 None 412 285 65 95 None 344 330 70 86 None 315 305 45 100 None 353 303 57 78 None
