62725.jpg r_spike 950 403 60 146 None 805 406 49 112 None 728 295 69 112 spiking 814 362 52 87 None 767 447 44 170 None 752 397 41 112 None 590 299 26 117 blocking 590 373 49 132 blocking 275 361 50 96 None 245 446 106 117 None 157 407 81 123 None 505 435 62 138 None
52120.jpg r_spike 1172 422 71 144 None 911 446 57 117 None 816 378 46 120 None 737 309 49 135 spiking 691 385 46 130 None 654 414 38 119 None 574 391 46 133 None 593 313 48 172 blocking 447 443 65 150 None 264 477 78 100 None 267 379 44 112 digging 169 414 55 137 None
52615.jpg r-pass 804 391 85 129 None 964 446 84 70 None 729 410 100 157 digging 670 326 47 127 None 607 307 47 109 None 533 294 35 132 None 416 392 48 174 None 432 349 48 159 None 336 347 49 135 None 346 305 44 135 None 192 308 64 136 None 118 346 47 153 None
25385.jpg l-pass 1025 455 42 102 None 994 478 48 107 None 861 409 50 102 None 721 461 28 120 None 719 444 26 116 None 734 412 27 105 None 536 505 45 99 None 460 430 57 110 None 307 514 60 85 None 342 410 45 87 None 248 442 70 119 None 264 408 32 99 None
83395.jpg r_spike 715 378 44 135 spiking 768 389 70 110 None 839 487 81 154 None 875 428 63 147 None 911 385 33 121 None 753 349 43 107 None 557 453 44 130 None 578 411 32 110 blocking 531 380 44 117 None 258 370 65 106 None 60 419 61 133 None 277 464 61 144 None
49990.jpg r-pass 1069 369 84 138 None 983 433 65 144 None 879 338 44 145 None 727 380 58 103 digging 638 474 71 187 None 671 476 102 172 None 487 426 56 177 None 484 377 47 161 None 503 317 36 156 None 313 410 71 147 None 281 339 47 137 None 191 413 70 142 None
49795.jpg r-pass 976 349 77 178 setting 964 472 56 142 None 825 355 85 115 None 658 355 87 112 None 579 440 35 153 None 555 431 33 140 None 430 457 70 153 None 420 421 39 157 None 372 394 64 104 None 410 343 44 111 None 310 417 45 131 None 176 408 78 126 None
52405.jpg r-pass 1067 356 60 140 None 1003 462 60 140 digging 888 332 60 120 digging 742 323 80 130 None 511 413 50 170 None 384 415 100 113 None 365 338 80 110 None 334 420 60 160 None 303 421 50 130 None 245 365 100 120 None 170 383 90 150 None
50140.jpg l_set 1159 375 59 146 None 965 462 65 119 None 948 343 53 119 None 666 421 47 145 None 660 382 45 145 None 683 330 46 128 None 385 421 63 160 None 393 316 50 115 None 313 425 51 158 None 285 338 46 178 setting 161 493 97 197 None 248 322 54 128 None
83245.jpg r_spike 949 405 75 121 None 882 441 56 153 None 802 477 69 101 None 751 367 104 212 spiking 803 418 38 89 None 735 381 57 94 None 630 377 43 209 blocking 629 355 42 200 blocking 507 390 70 105 None 371 373 56 108 None 253 451 69 143 None 158 417 51 125 None
51180.jpg r_set 1112 485 70 180 None 1007 427 42 125 None 902 335 37 103 None 766 498 72 139 digging 770 423 54 122 None 650 439 63 127 None 489 413 48 149 None 500 399 40 147 None 484 375 40 132 None 245 376 57 117 None 102 488 79 124 None 50 418 46 145 None
62750.jpg l-pass 1096 413 54 144 None 931 389 47 117 None 799 420 44 148 None 839 363 60 144 None 891 370 43 107 None 560 416 67 137 None 710 346 39 114 None 707 330 42 126 None 812 329 42 100 None 310 431 71 82 None 346 415 46 82 None 350 440 58 116 None
83415.jpg l-pass 142 466 81 109 None 325 385 35 106 None 343 474 60 128 None 494 368 57 125 None 601 444 65 164 None 669 403 44 150 None 751 404 65 153 None 797 344 62 142 None 813 475 69 182 None 846 433 76 152 None 886 401 82 113 None 999 416 77 122 None
52730.jpg l_set 1101 418 60 128 None 967 369 55 110 None 995 476 62 107 None 656 443 49 142 None 650 384 35 137 blocking 661 342 29 103 None 508 373 42 170 setting 480 358 43 147 None 399 325 69 111 None 299 372 86 132 None 261 495 103 169 None 186 424 69 117 None
50065.jpg r_spike 95 392 82 109 None 434 360 49 113 None 231 455 76 119 None 608 371 58 205 blocking 764 413 72 168 spiking 592 378 78 186 blocking 904 472 62 141 digging 983 403 43 131 None 927 372 66 125 None 722 449 64 135 None 796 393 84 123 None
52010.jpg l_set 292 409 40 131 None 374 384 72 113 None 346 499 75 145 None 461 365 40 88 None 511 404 49 102 None 553 374 37 151 setting 671 369 38 99 None 666 388 38 119 blocking 670 462 48 137 None 916 399 51 89 None 995 436 41 105 None 958 471 66 125 None
25500.jpg r_set 299 385 86 108 None 112 493 82 144 None 167 444 49 110 None 538 472 54 106 None 553 419 45 113 None 553 393 29 71 None 621 332 49 172 setting 683 397 52 172 setting 813 354 72 99 None 890 397 58 128 None 831 462 99 148 None 840 530 114 162 None
25525.jpg r_spike 713 472 60 162 None 857 422 44 139 None 824 373 44 123 None 710 392 99 125 None 676 416 58 110 None 726 279 51 141 spiking 623 279 54 159 blocking 597 315 49 170 blocking 526 457 69 144 None 220 463 100 133 None 292 360 66 116 digging 183 450 65 116 None
51285.jpg l-pass 179 515 51 162 None 596 454 58 132 None 285 361 49 127 None 376 373 40 133 None 357 317 48 124 None 714 408 47 186 blocking 718 389 35 149 blocking 721 363 28 130 None 195 438 95 123 digging 1019 481 67 132 None 1036 384 57 118 None 1167 422 51 130 None
62670.jpg r-pass 946 459 55 119 None 880 463 79 88 None 863 401 72 81 None 833 463 62 149 None 750 444 63 128 None 662 379 42 100 None 497 388 28 95 None 499 380 41 144 blocking 483 433 37 139 blocking 299 415 65 109 None 163 405 44 125 None 94 371 98 88 None
49895.jpg l-pass 1101 396 55 136 None 1005 453 46 126 None 715 414 35 145 None 739 364 63 116 None 705 372 38 151 blocking 574 435 64 133 None 208 361 51 126 None 463 375 67 124 None 291 465 54 169 None 467 328 52 115 None 358 377 39 149 setting
49720.jpg l-pass 171 391 44 137 None 345 469 88 166 None 386 396 84 135 None 399 391 43 109 None 458 371 79 127 digging 459 441 69 124 None 648 369 36 128 None 631 397 42 138 None 743 460 75 148 None 837 443 58 114 None 785 379 61 109 None 991 407 54 120 None
49655.jpg l_set 334 349 75 102 None 298 514 76 173 None 254 384 62 112 None 249 437 50 150 None 474 385 50 168 setting 498 419 50 120 None 699 449 40 122 None 692 393 42 142 None 704 353 50 142 None 1087 431 60 115 None 1006 479 55 127 digging 976 396 54 90 digging
83265.jpg l-pass 161 431 54 126 None 386 414 46 93 None 415 502 106 81 None 491 416 89 79 digging 627 474 65 137 None 724 444 44 158 None 710 390 39 138 None 756 399 58 135 None 808 453 62 142 None 818 443 50 119 None 981 425 56 113 None
52600.jpg r-pass 174 346 37 147 None 233 308 70 127 None 412 393 49 168 None 392 348 42 142 None 385 338 29 112 None 387 308 33 121 None 972 353 51 106 digging 816 391 86 126 None 745 415 63 141 None 654 319 60 114 None 537 315 57 119 None 505 299 32 126 None
52690.jpg l-pass 410 459 125 150 digging 597 425 65 142 None 399 360 44 140 None 398 307 48 125 None 301 413 87 141 None 272 364 54 147 None 693 419 50 174 None 702 377 39 145 None 717 338 27 90 None 942 361 62 130 None 1020 457 69 138 None 1152 409 60 135 digging
49620.jpg l-pass 938 464 44 118 None 1036 435 52 121 None 1061 385 40 95 None 723 445 31 126 None 711 400 31 141 blocking 731 398 21 93 None 597 471 54 107 None 361 451 47 129 None 342 511 87 148 None 328 388 63 108 digging 227 443 60 133 None 260 406 44 102 None
91315.jpg r-pass 945 441 57 120 None 886 473 56 150 None 889 409 61 110 digging 860 362 39 108 None 711 427 76 130 None 636 391 53 98 None 469 445 57 129 None 493 386 39 153 blocking 486 385 25 119 None 171 438 58 106 None 322 413 50 115 None
83215.jpg r_set 1005 459 65 150 None 909 496 126 153 None 850 439 89 130 None 910 392 59 112 None 843 414 75 106 None 667 439 55 115 setting 541 400 29 105 None 544 424 46 136 blocking 520 462 48 141 None 262 394 56 103 None 178 448 50 126 None 138 421 63 131 None
52490.jpg r_spike 1105 339 40 139 None 960 402 62 131 None 917 404 57 162 None 925 357 52 110 None 882 258 58 167 spiking 817 394 63 140 None 683 267 54 198 blocking 528 405 74 155 None 261 473 103 111 None 275 336 65 119 None 62 396 64 141 None
62790.jpg l_set 92 487 154 162 None 226 422 62 82 None 273 410 58 74 None 524 313 50 192 setting 501 308 54 84 None 600 345 72 123 None 771 414 56 158 None 761 351 41 127 None 801 325 58 123 None 988 359 96 117 None 1105 436 86 150 None 1200 383 64 139 None
49665.jpg l-spike 1066 434 62 124 None 980 484 73 102 digging 957 392 62 104 None 663 471 50 135 None 668 361 38 162 blocking 683 365 39 135 None 467 346 93 136 spiking 409 349 61 116 None 414 454 56 142 None 363 502 87 161 None 255 433 81 152 None 322 393 50 125 None
49955.jpg l-spike 288 461 91 122 None 353 408 99 175 spiking 329 388 60 86 None 385 403 47 67 None 436 409 52 168 None 411 326 49 110 None 561 358 70 211 blocking 644 341 68 120 None 900 365 82 111 digging 1023 409 72 123 None 991 485 80 140 None
62820.jpg l-spike 1096 457 66 132 None 1034 366 65 99 None 939 355 65 94 None 710 354 56 103 None 617 319 38 161 blocking 599 338 62 203 blocking 537 342 45 120 None 404 307 46 130 None 364 361 43 180 spiking 354 373 78 134 None 193 369 53 119 None 202 341 58 119 None
52550.jpg l_set 1130 367 63 156 None 961 435 55 144 None 901 349 59 124 None 661 335 30 133 None 660 364 40 136 None 660 421 53 178 None 565 310 58 140 None 554 327 61 143 None 527 311 41 124 None 511 362 55 142 setting 397 429 111 181 None 105 371 82 146 None
52455.jpg r_set 1110 349 62 148 None 990 316 80 110 None 903 338 72 142 None 944 474 82 187 None 808 428 86 101 digging 740 384 63 158 None 536 334 46 141 None 554 366 44 161 None 543 413 55 176 None 204 332 61 137 None 182 446 61 151 None 12 372 54 158 None
50100.jpg l-pass 971 370 46 128 None 932 464 60 130 None 781 350 47 140 None 741 510 63 167 None 746 415 52 136 None 591 395 65 156 None 492 497 117 176 None 475 455 50 155 None 382 358 99 137 None 347 425 60 171 setting 277 381 45 128 None 1104 373 75 151 None
52745.jpg l-spike 998 483 99 144 None 1010 412 87 119 digging 877 368 83 108 None 628 339 63 124 None 583 401 39 147 None 585 385 66 210 blocking 485 308 49 177 None 431 321 46 129 None 399 434 43 133 None 335 420 108 197 spiking 345 375 43 129 None 234 429 68 138 None
67625.jpg l-spike 533 351 74 161 spiking 575 390 41 120 None 445 318 57 123 None 412 369 71 119 None 635 351 60 164 blocking 681 382 46 106 None 948 469 82 145 None 959 386 57 102 None 1030 423 65 106 None 365 453 57 123 None 339 407 49 117 None
83305.jpg l-pass 91 401 64 125 None 328 385 50 135 None 393 381 62 127 None 375 493 92 119 None 463 478 107 172 None 661 435 49 154 None 639 397 39 145 None 636 377 45 135 None 846 390 76 111 None 498 472 58 107 None 927 457 88 154 None 983 406 58 137 None
50175.jpg l-spike 1072 392 69 132 None 898 347 94 107 digging 991 481 72 136 None 747 328 86 120 None 542 354 44 212 blocking 541 323 63 212 blocking 409 416 120 108 None 363 335 54 111 None 301 389 119 175 spiking 316 457 94 102 None 189 415 69 123 None 230 369 92 127 digging
52240.jpg r-pass 167 394 65 127 None 217 438 44 130 None 242 361 58 125 None 433 425 49 162 None 443 391 41 142 None 420 362 41 139 None 546 373 58 122 digging 542 352 57 127 None 724 366 52 114 None 787 483 82 151 None 837 447 58 122 None 961 374 55 105 None
25555.jpg l-pass 945 386 48 150 None 902 363 43 123 None 845 364 48 129 None 738 415 48 145 None 730 380 27 129 None 751 370 43 102 None 616 344 43 112 None 647 339 53 102 None 527 424 64 117 None 393 408 150 59 None 245 431 54 150 None 291 409 42 107 None
52050.jpg r-pass 850 444 98 107 None 892 406 37 98 digging 772 362 40 105 None 664 469 71 112 None 529 330 34 141 blocking 534 353 55 115 None 461 357 39 115 None 481 393 35 125 None 442 441 47 137 None 351 380 40 110 None 319 420 53 113 None 190 407 69 130 None
67765.jpg l_set 1160 399 61 119 None 1044 374 77 90 None 997 459 95 142 None 729 356 52 107 None 719 388 57 135 None 742 434 51 125 None 540 361 54 173 setting 449 433 89 145 None 387 369 50 107 None 408 314 49 92 None 180 455 94 143 None 147 396 90 118 None
25615.jpg l-spike 159 460 103 155 None 266 404 71 111 None 315 343 49 118 None 345 378 49 118 None 446 264 60 112 spiking 579 284 54 166 blocking 583 287 34 136 blocking 675 413 103 129 None 836 333 59 122 None 856 434 89 116 digging 1052 392 75 112 digging 498 365 59 108 None
49860.jpg r-pass 87 375 60 143 None 278 384 39 129 None 473 429 96 148 None 526 377 50 143 None 544 354 41 135 None 627 417 86 113 None 598 404 70 76 None 707 440 54 152 None 738 365 121 90 digging 900 434 54 139 None 939 374 41 137 None 263 437 58 148 None
49675.jpg r-pass 1032 438 59 111 digging 916 380 50 110 digging 933 471 54 100 digging 613 334 63 191 blocking 626 382 99 105 None 625 469 85 148 None 448 379 78 153 None 434 333 60 120 None 414 463 62 170 None 339 399 75 107 None 323 425 74 132 None 324 439 63 144 None
67725.jpg l-pass 113 408 77 157 digging 263 376 65 92 None 263 435 57 149 None 408 329 74 84 None 408 396 86 140 None 646 417 65 148 None 762 347 50 78 None 737 382 51 154 None 761 412 57 155 None 1037 455 95 166 None 1019 369 56 89 None 1000 432 62 157 None
52350.jpg l_set 321 405 71 142 digging 284 340 68 127 None 383 319 52 125 None 534 394 39 179 None 509 392 62 145 None 148 503 109 197 None 686 324 38 134 None 676 375 54 170 None 691 432 52 172 None 968 338 79 126 None 1078 452 59 153 None 1180 385 57 153 None
85085.jpg r_set 766 350 46 149 setting 900 498 92 167 None 948 441 78 167 None 912 405 46 132 None 685 347 53 114 None 586 369 50 127 None 494 453 50 162 None 494 413 49 137 None 522 364 28 138 None 323 432 46 142 None 181 379 46 142 None 218 386 51 112 None
83455.jpg l_set 1008 397 48 100 None 1096 432 88 119 None 992 486 81 144 None 704 432 65 161 None 697 422 46 140 None 697 372 62 126 None 591 376 70 188 setting 567 418 51 130 None 291 361 63 128 None 373 337 55 93 None 133 412 119 119 digging 45 531 140 149 None
62705.jpg r_set 829 472 120 145 None 870 405 38 133 None 817 355 38 117 None 772 409 74 125 None 752 363 55 105 None 681 330 52 153 setting 465 431 49 120 None 485 377 43 137 blocking 486 354 35 111 None 185 438 52 119 None 238 363 55 99 None 57 397 52 125 None
25465.jpg r-pass 587 385 46 127 None 516 409 38 130 None 508 396 35 110 None 285 379 61 105 None 394 507 52 134 None 121 480 65 130 None 175 522 54 143 None 794 508 75 146 None 763 440 57 114 None 819 445 49 119 None 787 442 34 104 None 772 372 47 91 None
50030.jpg r_set 1044 377 74 142 None 887 366 57 168 setting 967 447 56 141 None 891 535 89 183 None 726 429 63 148 None 653 371 72 142 None 504 382 37 142 None 483 400 38 154 None 485 424 58 164 None 185 337 75 122 None 70 471 89 144 None
67705.jpg r_spike 106 399 66 152 None 199 450 72 158 None 256 387 66 110 None 437 407 109 133 None 418 353 63 129 None 534 424 62 168 None 666 375 57 158 None 731 348 48 123 None 714 431 59 174 None 961 443 92 181 None 879 392 55 147 None 895 400 77 191 spiking
52515.jpg l-pass 1145 351 68 142 None 987 409 54 126 None 961 352 57 120 None 832 399 41 159 None 808 385 43 126 None 828 354 24 137 None 691 345 49 126 None 718 324 29 134 None 537 393 82 123 None 452 383 139 76 None 383 420 101 140 None 180 363 44 137 None
83350.jpg r-pass 928 430 60 138 None 879 394 64 102 None 740 467 85 138 None 654 431 81 136 None 637 392 51 110 None 605 301 43 165 setting 436 446 55 99 None 480 439 40 142 None 329 383 70 116 None 264 458 68 139 None 231 381 44 118 None 158 403 60 124 None
25590.jpg l_set 560 357 55 117 None 444 323 53 157 setting 407 378 49 87 digging 291 380 70 127 None 7 473 153 150 digging 468 315 33 116 None 664 362 45 179 blocking 684 341 32 128 None 666 362 43 154 blocking 889 345 48 129 None 958 425 49 155 None 1063 382 76 142 None
83330.jpg l-spike 204 401 62 125 None 299 388 42 124 None 364 457 59 142 None 454 456 97 152 None 373 327 80 142 spiking 1004 416 60 110 None 995 464 62 150 None 825 400 84 85 None 704 454 80 140 None 632 424 47 135 None 619 381 47 58 None 462 476 72 68 None
51315.jpg l_set 467 392 60 157 setting 422 393 42 111 None 301 372 72 135 None 361 337 62 112 None 187 417 95 142 None 176 518 118 162 None 653 415 50 177 blocking 643 358 40 186 blocking 646 332 40 157 blocking 966 387 60 104 None 951 479 71 123 None 1086 422 62 120 None
85115.jpg r_spike 963 404 73 125 None 863 427 79 147 None 823 394 66 105 None 750 360 77 199 spiking 668 407 75 130 None 773 340 55 119 None 591 357 45 212 blocking 592 335 49 206 blocking 446 353 71 123 None 315 431 64 157 None 290 354 70 117 None 47 391 75 136 None
67645.jpg r-pass 685 534 216 62 None 905 402 72 110 None 810 375 80 98 None 615 374 76 110 None 545 391 48 147 None 535 407 49 143 None 488 408 41 149 None 440 380 67 124 None 421 322 45 127 None 311 352 66 135 None 288 434 62 130 None 212 400 50 137 None
49935.jpg l_set 455 354 49 165 setting 383 419 91 154 None 372 331 65 103 None 338 363 46 131 None 222 501 97 165 None 239 428 82 125 None 630 340 55 141 None 617 406 44 120 None 631 446 46 117 None 1033 421 69 116 None 901 368 54 116 None 944 469 63 114 None
51340.jpg l-spike 1050 424 67 118 digging 895 456 84 127 None 914 380 64 116 digging 722 445 79 141 None 598 289 42 185 blocking 512 381 41 131 None 470 293 73 135 spiking 404 375 55 114 None 410 459 54 175 None 321 439 76 115 None 229 415 59 147 None
51935.jpg r-pass 853 489 63 96 digging 905 460 41 86 None 784 490 44 120 None 850 400 35 91 None 728 427 57 96 None 630 415 52 88 None 518 431 38 103 None 504 415 38 89 None 512 450 37 113 None 281 470 34 105 None 152 429 65 108 None 170 452 34 113 None
85030.jpg l-spike 905 437 62 100 digging 812 393 50 82 digging 758 472 86 116 None 645 463 59 113 None 519 327 38 145 blocking 408 301 55 127 spiking 403 462 63 139 None 312 434 61 137 None 261 376 48 107 None 182 437 48 101 None 349 418 47 100 None
49755.jpg l_set 505 366 52 172 setting 454 355 52 94 None 444 439 60 137 None 417 384 48 122 None 200 398 75 134 None 708 357 51 133 None 703 397 35 142 blocking 702 439 48 130 None 1074 422 65 117 None 1008 469 54 123 None 958 385 65 94 digging 290 498 106 173 None
52130.jpg l-pass 1141 413 79 139 None 910 446 69 118 None 822 379 55 119 None 708 364 75 113 None 697 409 46 118 None 671 403 40 136 None 562 308 79 142 None 560 335 70 140 None 430 446 65 145 None 265 431 69 149 digging 269 381 47 115 None 172 422 54 132 None
51975.jpg l-pass 902 451 47 92 None 870 462 59 130 None 741 493 79 150 None 709 373 61 105 None 663 408 40 116 None 587 427 67 111 None 419 381 42 147 setting 386 466 55 120 None 377 477 43 131 None 303 406 62 112 None 98 428 38 130 None
52165.jpg l_set 1176 395 57 140 None 1029 442 48 137 None 1005 359 84 122 None 807 344 68 115 None 731 430 55 162 None 736 398 41 142 None 592 364 53 135 None 548 320 37 114 None 311 495 89 175 None 347 307 50 160 setting 235 383 51 144 None 186 428 61 144 None
67610.jpg l_set 589 367 42 155 setting 700 419 55 113 None 709 383 45 111 None 713 448 45 120 None 1003 407 52 87 None 1079 440 56 111 None 969 482 90 131 None 479 435 104 117 None 429 347 62 85 None 322 388 77 102 None 313 461 54 124 None 247 414 67 114 None
52030.jpg l-spike 981 414 46 100 None 882 462 111 117 None 877 379 61 99 digging 642 472 88 119 None 631 316 34 142 blocking 627 342 29 153 blocking 536 369 58 130 None 503 312 75 108 spiking 423 384 48 108 None 468 426 55 111 None 469 452 43 156 None 296 425 80 117 None
50190.jpg r-pass 1032 375 62 142 None 933 465 61 138 digging 843 348 108 103 digging 734 331 82 113 None 492 402 74 187 None 335 436 61 153 None 371 400 98 118 None 329 333 75 126 None 254 431 82 121 None 173 359 86 130 None 128 406 66 128 None
51225.jpg r-pass 209 421 64 131 None 332 393 61 111 None 317 474 91 131 None 553 436 78 140 None 574 397 41 72 None 776 417 54 138 None 810 448 82 150 None 854 367 44 117 None 939 420 93 132 digging 1139 446 44 152 None 567 383 50 59 None 760 403 64 117 None
52205.jpg l-spike 1001 379 56 111 None 875 443 69 124 None 772 446 84 139 None 758 357 55 106 digging 556 289 45 151 blocking 457 411 79 98 None 410 430 53 145 None 309 451 84 95 None 266 387 46 124 None 324 355 46 115 None 445 294 48 141 spiking
52580.jpg l-spike 1010 342 60 127 None 829 415 93 127 None 723 323 58 117 None 670 416 96 145 None 523 241 37 170 blocking 538 257 49 174 blocking 432 257 58 138 spiking 418 341 53 120 None 337 340 56 137 None 366 409 59 167 None 293 311 72 122 None 210 354 63 144 None
51145.jpg r-pass 944 428 79 107 None 914 421 55 166 setting 867 366 40 108 None 749 410 56 116 None 808 481 57 138 None 607 393 64 104 None 486 397 39 90 None 504 408 50 127 None 489 434 48 134 None 198 458 42 126 None 79 415 75 127 None 58 441 37 140 None
52280.jpg r_spike 1117 399 51 146 None 898 378 72 204 spiking 916 449 101 123 None 821 353 67 120 None 771 411 86 133 None 695 392 80 117 None 614 358 46 192 blocking 596 384 51 195 blocking 440 379 72 117 None 270 373 83 105 None 145 508 94 114 None 62 405 68 133 None
85000.jpg l_set 528 392 49 156 setting 360 482 77 116 None 380 377 41 84 None 222 470 72 118 None 185 441 74 112 None 178 420 62 102 None 675 408 44 86 None 665 425 53 126 None 697 473 39 114 None 915 431 76 81 None 1044 459 53 105 None 964 504 74 128 None
49780.jpg l-spike 1056 423 61 120 None 1030 490 72 134 digging 925 380 66 103 None 670 362 87 105 None 640 373 46 222 blocking 640 357 60 171 blocking 429 406 110 178 spiking 491 440 53 148 None 407 436 51 115 None 445 397 52 112 None 472 358 56 94 None 266 426 77 115 None
52305.jpg l-pass 389 438 71 142 digging 466 405 79 123 None 208 402 97 136 None 343 359 44 130 None 647 446 69 125 None 631 461 85 136 None 763 392 54 137 None 807 361 65 123 None 839 403 57 137 None 849 458 110 148 None 890 453 71 123 None 1192 406 51 144 None
52035.jpg l-spike 877 458 91 112 None 670 469 60 113 None 582 301 51 161 blocking 475 296 70 131 spiking 946 413 43 101 digging 835 375 52 105 digging 523 400 46 105 None 446 457 76 156 None 397 434 70 101 None 411 382 40 87 None 260 419 85 120 None
67660.jpg r-pass 691 533 163 60 None 850 447 75 113 None 744 408 62 97 digging 639 349 87 116 None 557 431 62 133 None 538 401 51 148 None 462 335 42 135 None 463 389 50 157 None 398 378 65 144 None 254 415 35 140 None 250 362 36 142 None 160 406 39 153 None
49685.jpg r-pass 405 436 54 158 None 260 416 48 140 None 287 403 53 128 None 312 383 53 107 None 434 380 44 130 None 416 331 44 78 None 551 394 44 126 None 624 360 54 111 None 615 462 92 137 None 850 461 88 104 None 839 362 69 97 None 967 391 75 133 None
52390.jpg l-spike 1037 470 71 139 None 1118 380 64 136 None 917 347 94 109 digging 770 333 72 115 None 574 322 37 229 blocking 560 331 56 195 blocking 435 430 101 99 None 354 449 87 100 None 381 341 59 122 None 300 369 107 115 None 312 353 94 199 spiking 221 390 90 139 None
41550.jpg l_winpoint 1085 478 79 73 None 842 430 79 120 None 743 456 68 164 None 682 470 59 187 None 745 356 60 142 None 698 366 55 150 None 427 417 51 182 None 286 386 74 193 None 293 385 45 162 None 331 366 61 156 None 419 393 43 145 None 401 365 51 150 None
47805.jpg l_winpoint 828 458 70 122 None 803 451 45 133 None 790 394 38 106 None 688 372 34 105 None 556 382 41 66 None 509 374 40 99 None 401 417 55 122 None 384 409 48 128 None 386 392 44 113 None 312 392 45 116 None 274 428 49 116 None 255 403 31 119 None
32685.jpg r_winpoint 1132 431 102 172 None 1060 362 82 182 None 931 335 109 174 None 797 325 96 180 None 852 460 80 201 None 719 451 87 202 None 450 494 82 222 None 447 367 47 171 None 425 325 67 157 None 361 382 43 179 None 132 382 101 177 None 232 530 85 120 None
37920.jpg l_winpoint 1132 481 85 106 None 926 426 55 125 None 793 555 128 76 None 743 473 47 106 None 656 398 48 143 None 678 367 60 121 None 474 409 69 183 None 448 406 64 151 None 435 386 59 138 None 351 377 40 142 None 262 453 97 132 None 268 384 38 157 None
35235.jpg l_winpoint 963 363 75 136 None 808 390 45 134 None 812 325 37 126 None 709 392 60 142 None 689 305 42 121 None 589 335 37 131 None 470 374 53 141 None 421 323 66 140 None 370 337 68 135 None 349 386 60 150 None 332 373 46 154 None 199 363 46 143 None
48540.jpg r_winpoint 896 371 68 128 None 823 390 65 140 None 750 400 63 135 None 757 358 64 111 None 660 333 66 117 None 638 355 46 121 None 458 389 65 141 None 437 424 56 154 None 458 339 52 125 None 360 399 52 131 None 327 363 47 115 None 238 368 54 137 None
50265.jpg l_winpoint 1233 358 44 160 None 946 406 44 168 None 816 321 68 139 None 779 522 55 176 None 566 498 109 189 None 434 615 129 104 None 533 393 43 167 None 528 368 88 166 None 490 335 55 142 None 367 336 95 146 None 373 397 67 147 None 313 345 56 165 None
44475.jpg l_winpoint 879 373 49 139 None 833 345 37 123 None 837 443 55 108 None 546 410 46 151 None 488 363 57 149 None 501 370 45 133 None 364 383 71 188 None 366 373 51 151 None 296 365 79 138 None 235 415 56 142 None 220 384 59 138 None 136 404 63 165 None
33975.jpg l_winpoint 1034 451 49 161 None 1005 404 72 148 None 934 354 48 137 None 704 357 39 151 None 671 437 55 165 None 595 431 49 165 None 417 342 45 141 None 357 417 65 168 None 369 361 46 144 None 311 448 60 178 None 305 402 47 152 None 195 377 82 152 None
51390.jpg l_winpoint 1094 368 35 157 None 888 378 41 141 None 867 345 57 143 None 730 429 111 160 None 678 319 38 134 None 609 317 36 130 None 391 397 58 163 None 397 378 58 144 None 381 357 66 129 None 303 357 79 144 None 256 382 73 155 None 189 374 76 153 None
