32270.jpg l-spike 637 390 82 155 None 616 257 55 200 blocking 495 239 51 145 None 237 381 47 153 None 1083 367 38 146 None 958 433 57 136 None 903 329 54 122 None 376 421 79 130 None 355 346 61 120 None 271 453 67 156 None 518 321 65 129 None
57065.jpg l-pass 179 447 80 156 None 320 474 69 116 None 490 382 41 124 None 662 353 48 141 None 1003 375 45 144 None 968 396 45 143 None 974 438 45 161 None 837 461 75 135 None 394 489 135 79 None
18430.jpg l_set 1185 438 58 148 None 906 399 74 147 None 490 509 82 155 None 299 388 80 150 None 575 345 80 130 None 485 371 49 131 None 591 435 44 130 digging 681 367 68 124 None 800 377 63 156 None 841 311 46 150 None 1112 340 54 141 None
99595.jpg l-spike 1003 337 47 124 None 993 471 64 135 None 633 264 65 188 blocking 715 382 82 137 None 472 470 77 163 None 543 368 67 120 None 426 361 56 139 None 240 391 47 139 None 133 467 90 163 None 478 253 86 163 spiking 1235 413 41 151 None
32070.jpg r_spike 811 230 54 154 spiking 844 356 54 129 None 1005 382 79 148 None 1044 353 90 124 None 766 360 71 126 None 720 446 92 143 None 645 238 69 184 blocking 502 410 56 128 None 277 337 60 112 None 339 429 60 143 None 89 415 69 125 None
14060.jpg r_set 1044 341 41 114 None 904 375 99 131 None 797 315 72 105 None 760 338 48 178 setting 730 485 63 161 None 685 341 54 144 None 77 443 41 162 None 0 388 49 153 None 233 353 43 127 None 468 454 40 130 None 492 410 55 142 None 502 361 52 114 None
20405.jpg r-pass 967 351 75 124 None 909 465 84 122 None 689 365 75 94 digging 507 368 109 144 None 300 394 84 122 None 304 451 50 148 None 252 435 69 139 None 241 337 75 129 None 417 367 82 212 blocking
57330.jpg l-spike 990 381 92 118 None 246 447 56 135 None 369 373 88 120 None 445 411 65 163 spiking 419 432 67 135 None 555 439 56 126 None 576 387 82 137 None 1172 509 56 144 None 690 365 64 224 blocking
18245.jpg r-pass 845 370 54 131 None 752 414 60 199 setting 696 370 62 133 None 683 310 80 122 None 440 394 54 137 None 309 397 39 161 None 259 433 50 158 None 45 392 58 139 None 823 424 43 142 None
14085.jpg r_spike 1149 384 54 135 None 806 327 47 126 None 704 412 99 167 spiking 719 383 54 116 None 627 394 37 180 blocking 624 359 67 180 blocking 187 457 86 144 None 86 429 73 126 None 865 409 50 139 None 360 367 80 118 None 499 362 109 128 None 978 421 85 150 None
32165.jpg l-spike 949 358 90 124 None 794 378 58 126 None 410 447 69 133 None 339 413 69 150 spiking 412 348 82 129 None 1168 493 60 124 None 95 417 77 150 None 341 340 73 116 None 441 433 84 120 None 639 379 52 227 blocking
32135.jpg l_set 1186 442 67 148 None 1116 339 39 139 None 807 409 45 163 None 768 371 50 154 None 779 341 47 124 None 613 408 47 139 None 638 321 47 150 None 416 311 47 178 setting 147 488 97 156 None 190 394 39 148 None 479 284 56 109 None
57155.jpg r-pass 913 475 140 90 digging 863 373 72 117 None 822 498 62 106 None 526 353 48 134 None 503 349 55 131 None 427 404 56 154 None 432 364 36 116 None 308 379 54 124 None 212 458 58 158 None 164 465 67 134 None 210 383 38 109 None 659 405 49 113 None
18300.jpg r_spike 1104 446 79 133 None 1094 405 76 132 None 965 355 56 144 None 886 321 58 137 None 852 404 73 161 spiking 830 415 96 161 None 700 352 65 224 blocking 624 360 47 123 digging 395 384 101 112 None 322 494 71 124 None 254 415 76 123 None
68055.jpg r_spike 1010 410 72 163 None 831 280 83 149 spiking 794 426 65 142 None 754 305 58 137 None 662 326 91 135 None 572 291 51 186 blocking 385 436 91 144 None 153 455 76 140 None 53 431 53 123 None 117 349 63 121 digging 971 274 35 93 None
99615.jpg l-pass 1107 398 76 134 None 873 326 45 135 None 676 383 78 134 None 511 332 78 131 None 325 469 82 155 None 411 356 48 149 None 339 356 73 109 digging 312 373 89 102 None 45 461 104 150 None 97 392 53 162 None 864 447 90 137 None
18275.jpg r_set 905 425 72 140 None 852 376 105 112 None 739 315 72 131 None 737 460 97 154 None 657 411 80 149 None 601 349 62 164 setting 379 433 46 157 None 379 392 45 136 None 392 366 49 144 None 190 362 62 122 None 99 471 60 140 None
68150.jpg l-spike 2 345 33 152 None 319 418 71 144 None 505 440 47 137 None 554 331 65 156 None 606 390 69 186 spiking 586 422 67 126 None 1073 465 71 139 None 1045 381 52 101 None 963 353 73 126 None 702 370 58 184 blocking 714 355 97 186 blocking
32035.jpg r_set 899 384 86 150 None 895 434 69 47 None 706 350 69 152 setting 735 305 71 99 None 623 430 71 167 None 540 320 47 143 None 397 409 45 137 None 430 370 47 152 None 438 341 28 141 None 177 334 58 133 None 55 414 79 156 None
20525.jpg l-pass 922 396 82 156 None 918 302 82 133 None 922 326 41 105 None 808 294 57 145 None 769 291 82 125 None 548 321 60 122 setting 584 422 76 137 None 521 409 65 124 None 244 389 55 139 None 1087 334 53 127 None 1101 381 59 138 None
99530.jpg l-pass 816 482 66 145 None 763 382 66 131 None 651 389 62 108 None 571 384 82 97 None 456 336 63 128 None 448 462 58 162 None 384 361 49 131 None 368 455 52 170 None 324 337 61 125 None 250 415 77 139 None 0 419 54 126 None 259 378 82 150 digging
31990.jpg r-pass 1082 407 51 139 None 869 365 43 92 digging 718 462 74 134 None 470 276 75 176 blocking 382 323 37 139 None 338 384 57 117 None 327 436 75 110 None 273 365 44 119 None 141 432 85 141 None
14905.jpg r-pass 886 351 48 152 None 815 393 35 156 setting 601 416 88 159 None 609 319 55 118 None 457 359 77 133 None 217 433 48 146 None 237 372 51 160 None 244 352 23 99 None 484 513 89 182 None
31940.jpg l_set 310 505 86 163 None 312 478 67 92 None 424 403 65 126 None 492 392 64 180 setting 504 294 73 112 None 655 361 65 146 None 963 404 52 161 None 939 376 39 158 None 916 362 52 111 None
31980.jpg l-spike 1003 336 51 123 None 876 466 71 136 None 588 248 60 193 blocking 479 231 63 156 spiking 469 370 85 128 None 403 426 48 117 None 411 367 66 113 None 274 430 72 145 None 37 390 66 142 None
57250.jpg l-pass 985 381 64 148 None 907 458 75 147 None 885 365 47 138 None 824 350 50 126 None 1193 360 50 142 None 1252 405 26 147 None 704 391 50 149 setting 777 315 40 162 blocking 759 334 57 128 None 565 483 75 127 None 466 364 84 126 None 112 468 78 124 None
14015.jpg r-pass 805 409 62 132 None 682 398 45 140 digging 564 346 74 122 None 353 375 68 120 None 337 345 85 125 None 237 397 55 157 None 227 350 47 127 None 163 419 52 125 None 16 394 37 155 None 416 321 67 120 None
18315.jpg l-pass 1166 403 84 145 None 1101 456 43 147 None 959 397 82 128 None 887 309 67 134 None 828 479 67 159 None 843 424 50 159 None 719 425 67 177 None 572 361 84 121 None 389 421 85 78 digging 336 488 64 134 None 285 416 85 117 None
14945.jpg r_set 194 404 52 135 None 247 441 60 165 None 383 361 73 118 None 537 448 47 122 None 572 387 43 150 None 565 346 37 141 None 636 305 48 192 setting 743 366 62 165 None 848 317 54 107 None 953 365 111 139 None 1092 430 69 154 None 792 528 69 167 None
14825.jpg l_set 1176 388 46 145 None 1083 458 49 154 None 1045 366 51 131 None 559 345 49 154 setting 545 368 37 154 None 448 308 46 102 None 302 394 51 131 None 280 363 63 131 None 131 498 110 162 None 736 432 66 159 None 722 387 60 154 None
13940.jpg l_set 1198 477 39 148 None 1097 361 39 143 None 815 431 48 158 None 788 395 52 152 digging 793 379 30 133 None 612 366 64 143 None 575 445 48 146 None 489 421 35 146 digging 451 313 52 120 None 237 498 79 165 None 256 440 52 154 None
57135.jpg l-spike 1196 463 84 133 None 1071 368 77 126 None 979 511 84 127 None 782 441 70 148 None 703 294 47 207 blocking 585 399 54 141 None 572 249 54 158 spiking 495 386 60 116 None 447 426 70 135 None 375 490 57 148 None 266 475 96 116 None
99490.jpg l_set 986 363 58 114 None 912 471 63 132 None 713 436 50 136 None 688 372 42 141 None 720 362 39 117 None 571 340 48 188 setting 562 359 52 126 None 424 313 83 122 None 287 483 147 155 None 243 415 29 138 None 218 408 82 127 None 1088 402 50 133 None
74750.jpg l-pass 1223 335 56 144 None 1003 412 63 149 digging 1037 355 30 130 None 1001 335 37 177 blocking 920 382 49 140 None 690 322 58 142 None 493 449 109 86 None 488 421 95 79 None 504 312 72 126 None 318 421 70 161 None
20355.jpg l_set 1253 321 28 145 None 900 392 46 153 None 911 336 53 127 None 899 367 54 131 None 638 322 53 153 None 516 359 42 142 setting 457 271 79 120 None 386 320 57 135 None 364 445 98 148 None 208 437 93 106 None
20500.jpg r_spike 1168 341 66 125 None 885 388 91 120 None 767 420 71 153 None 716 351 77 114 None 874 333 57 133 None 784 242 54 139 spiking 634 225 38 203 blocking 637 221 32 181 blocking 379 420 91 139 None 242 438 80 120 None 41 432 77 114 digging 226 323 71 110 None
20315.jpg l-pass 1152 342 57 145 None 949 386 38 158 None 905 358 60 158 None 919 322 30 150 None 698 441 75 119 None 605 309 44 130 None 481 272 68 130 None 362 418 60 141 digging 294 450 54 86 None 380 333 49 130 None
46520.jpg l-spike 365 326 60 144 None 509 391 88 160 None 421 413 82 146 None 654 301 70 145 blocking 1107 452 67 132 None 1093 303 76 152 None 120 455 76 139 None 478 300 84 121 spiking 487 289 59 141 None
18405.jpg l-pass 1108 419 48 144 None 1040 383 76 80 None 869 312 96 119 None 903 475 69 170 None 819 397 42 142 None 780 379 53 151 None 601 462 108 144 None 434 450 87 122 None 448 399 73 82 None 259 399 55 133 None 675 375 62 138 None 629 326 97 160 spiking
18385.jpg r_spike 911 406 51 139 None 798 380 70 72 None 711 467 86 156 None 708 325 70 111 None 646 315 88 184 spiking 573 389 65 156 None 434 441 49 156 None 477 395 46 158 None 500 366 37 147 None 282 353 48 130 None 157 450 49 142 None 84 386 81 146 None
32095.jpg l_set 255 395 60 142 None 431 329 89 116 None 450 436 88 145 None 647 360 72 184 setting 764 305 63 131 None 861 433 83 164 None 884 355 77 133 None 981 314 63 116 None 1026 361 43 131 None 1191 353 52 128 None
46550.jpg l-spike 1116 353 77 145 None 1005 298 65 145 None 886 426 65 134 None 568 377 58 148 None 571 351 43 147 None 564 336 57 134 None 445 316 43 187 spiking 452 348 63 127 None 202 430 77 148 None 245 410 77 156 None 232 362 75 128 None 233 309 54 150 None
20460.jpg r_set 999 340 73 150 None 814 319 33 146 None 754 293 65 107 None 697 329 50 161 setting 587 368 54 165 None 769 485 111 144 None 434 385 35 154 None 422 353 39 161 None 430 334 39 148 None 174 329 43 128 None 129 434 39 148 None
99450.jpg l-pass 1178 400 54 109 None 975 426 47 158 None 933 359 47 180 blocking 971 377 41 129 None 793 415 62 148 None 628 348 70 145 None 445 459 76 162 None 469 322 49 125 None 421 411 70 98 digging
13865.jpg r-pass 920 433 58 126 None 857 499 52 126 digging 766 375 52 126 None 506 413 52 143 None 505 359 62 129 None 425 391 52 143 None 378 464 99 120 None 392 361 71 112 None 268 419 54 133 None 186 477 58 173 None
18345.jpg l-spike 1047 446 54 136 None 1060 383 54 127 None 875 418 63 119 digging 796 452 77 150 None 762 326 44 210 blocking 807 353 88 128 None 634 312 77 167 spiking 630 435 49 167 None 565 486 74 170 None 411 359 54 125 None 307 461 44 136 None 257 387 69 145 None
67900.jpg l-pass 1075 389 40 135 None 870 430 52 152 None 831 368 50 181 blocking 848 347 39 150 None 662 415 82 144 None 558 465 100 161 None 444 454 70 169 None 269 429 51 144 None 344 361 45 123 None 300 392 57 125 digging
13835.jpg l_set 857 422 62 177 blocking 854 396 62 155 blocking 853 384 69 126 None 764 385 57 172 setting 516 339 89 102 None 346 462 93 145 None 233 522 117 160 None 130 447 84 128 None 1238 493 40 153 None 580 444 106 137 None
57290.jpg l_set 571 394 64 162 setting 327 415 41 138 None 248 505 90 150 None 566 308 48 120 None 702 341 48 157 None 719 405 41 133 None 818 444 64 151 digging 841 402 56 119 None 854 365 42 109 None 1164 396 60 148 None 1155 362 43 131 None
57195.jpg r_set 962 446 65 145 None 926 436 127 127 None 794 444 80 148 None 821 326 71 116 None 669 313 61 106 None 751 314 60 168 setting 430 454 49 141 None 464 387 58 172 None 487 368 51 134 digging 108 357 85 136 None 79 397 51 141 None 150 454 71 162 None
46350.jpg r-pass 111 354 43 150 None 252 379 46 141 None 273 316 90 105 None 344 405 67 169 None 431 363 53 129 None 510 328 48 153 None 877 288 64 147 setting 621 331 85 153 None 616 301 53 139 None 746 404 60 138 None 880 392 84 129 None 1036 344 70 155 None
20395.jpg l-spike 1104 489 88 131 None 1146 351 65 135 None 675 375 100 138 None 837 335 77 123 None 580 337 88 192 blocking 195 384 61 146 None 382 314 50 127 None 107 370 81 115 None 422 351 65 196 spiking 387 432 65 131 None 458 391 96 142 None
13980.jpg l-spike 1142 418 58 138 None 955 351 58 121 None 868 476 58 142 None 566 286 47 190 blocking 563 259 50 189 blocking 436 399 84 138 None 409 246 60 163 spiking 352 404 54 107 None 288 440 69 152 None 159 465 71 149 None 116 393 50 144 None
99675.jpg l-spike 996 511 89 134 None 1013 395 74 134 None 916 376 82 117 None 761 385 106 128 None 763 363 60 115 None 665 375 41 199 blocking 510 436 90 157 spiking 554 331 52 127 None 584 374 34 140 None 558 399 47 158 None 402 400 71 127 None 304 450 66 132 None
32245.jpg l_set 233 461 126 148 None 449 395 57 132 None 495 313 78 110 None 311 402 51 127 None 637 344 50 168 setting 623 344 45 88 None 1086 352 48 133 None 1140 441 42 150 None 797 421 45 164 None 774 373 50 127 None 795 363 47 108 None
74800.jpg l-spike 204 375 51 148 None 354 342 47 142 None 253 462 72 151 None 482 225 64 151 spiking 508 304 63 151 None 494 394 71 140 None 592 240 40 200 blocking 654 416 57 134 None 825 439 102 122 None 909 328 56 134 None 972 389 73 129 None
20580.jpg l-spike 323 351 88 122 None 409 384 67 129 None 456 291 70 119 None 576 268 77 155 spiking 483 460 77 157 None 537 432 70 122 None 957 344 73 126 None 1080 456 64 133 None 1144 371 64 149 None 671 273 43 195 blocking 694 421 64 149 None 701 319 54 136 None
46425.jpg l-pass 120 362 81 126 None 326 343 85 107 None 321 439 49 129 None 448 335 84 107 digging 609 320 108 216 None 636 375 87 198 None 747 412 81 155 None 751 385 66 125 None 838 330 78 127 None 829 389 91 147 None 928 271 87 137 None 1167 383 58 141 None
57110.jpg l_set 208 519 130 159 None 367 411 105 130 None 422 459 60 142 None 502 356 58 172 setting 574 396 86 137 None 532 329 58 106 None 1190 371 54 141 None 837 457 60 148 None 850 364 69 137 None 843 410 60 148 None
99650.jpg l_set 1066 383 63 139 None 984 349 63 135 None 983 457 53 139 None 695 421 56 135 None 695 341 51 128 None 721 330 39 121 None 516 337 39 179 setting 432 324 70 114 None 567 337 56 163 None 385 360 56 139 None 232 410 46 140 None 373 504 109 151 None
67965.jpg l-spike 1123 399 56 142 None 1029 352 51 104 digging 978 436 91 133 None 821 448 65 147 None 668 254 49 210 blocking 531 469 81 149 None 564 376 67 140 None 562 208 58 172 spiking 459 375 58 118 digging 329 451 49 158 None 265 368 37 128 None
68145.jpg l-spike 1161 457 54 146 None 1103 377 60 122 None 983 355 86 122 None 797 383 48 195 blocking 777 345 73 214 blocking 623 407 58 167 spiking 643 420 71 129 None 602 329 56 146 None 534 439 71 133 None 355 410 58 146 None 47 345 52 143 None
13810.jpg l-pass 1140 481 52 153 None 800 425 83 153 None 770 409 54 156 None 649 459 71 136 None 422 486 79 159 None 315 345 40 145 None 230 495 55 137 None 182 465 54 116 digging 0 489 55 172 None
74920.jpg r_spike 1077 375 68 145 None 954 343 66 133 None 791 431 102 133 None 847 393 48 133 None 705 422 85 172 spiking 739 370 71 142 None 599 391 38 206 blocking 610 366 40 216 blocking 503 396 88 128 None 345 337 75 119 None 152 430 71 161 None 92 350 72 122 None
14785.jpg l-pass 1218 436 44 154 None 866 402 86 154 None 833 381 58 160 None 870 376 42 146 None 730 433 58 133 None 521 455 70 158 None 283 512 84 88 digging 383 330 48 130 None 282 428 55 119 None 90 459 63 160 None
20590.jpg l-pass 1025 391 63 133 None 911 441 85 137 None 822 351 60 110 None 575 442 103 131 None 542 279 34 170 blocking 564 306 57 137 None 446 342 60 141 None 395 486 68 120 digging 366 451 82 91 digging 363 307 69 120 None 329 384 58 131 None 209 381 57 122 None
46515.jpg l-spike 1139 456 70 132 None 1158 308 61 149 None 726 273 63 209 blocking 726 260 43 202 blocking 564 383 97 153 None 473 418 57 153 None 444 325 52 132 None 495 280 49 150 spiking 538 289 43 132 None 160 468 67 139 None
68065.jpg l-pass 1155 408 57 169 None 1123 281 39 111 None 905 425 81 142 None 952 359 50 118 None 923 329 53 111 None 820 326 64 131 None 741 298 39 180 blocking 708 294 71 186 blocking 512 446 107 133 None 308 467 61 118 digging 217 462 75 89 None 281 359 54 107 None
67975.jpg r-pass 963 416 60 127 None 759 468 92 107 digging 838 442 101 117 None 533 303 80 143 None 519 252 58 166 blocking 391 461 82 160 None 335 375 62 117 None 440 377 70 123 None 138 367 41 123 None 135 460 58 156 None 446 296 62 123 None 904 351 54 107 None
67940.jpg l_set 1177 361 46 120 None 917 442 52 134 None 903 345 43 145 None 663 359 46 189 setting 629 389 54 153 None 511 496 123 153 None 414 417 85 126 None 591 310 74 117 None 885 405 49 139 None 330 373 49 128 None 1242 440 35 137 None
18360.jpg r-pass 871 425 52 127 None 773 373 70 120 digging 596 447 74 148 None 644 402 57 131 None 567 353 102 124 None 524 378 52 156 None 434 395 52 142 None 269 380 58 125 None 42 466 55 147 None 57 397 38 139 None 351 477 66 170 None 398 416 46 164 None
32215.jpg l-pass 1047 442 43 138 None 958 340 36 134 None 642 469 74 166 None 640 416 53 172 None 703 411 49 138 None 486 438 96 128 None 387 423 58 166 setting 254 450 96 151 None 370 373 71 151 None 355 335 58 134 None 75 409 64 156 None
74780.jpg l_set 1107 399 77 126 None 953 450 79 137 None 1026 347 54 131 None 733 404 60 154 None 763 346 48 118 None 735 359 52 114 None 346 399 48 139 None 286 386 79 112 None 468 294 109 129 None 659 297 43 180 setting 621 328 52 137 None 109 455 161 148 None
57225.jpg r_spike 1078 409 47 137 None 972 345 40 127 None 872 370 92 132 None 822 483 47 150 None 770 392 49 125 None 691 271 35 187 spiking 230 469 137 145 None 193 353 54 130 None 16 445 62 130 None 588 352 52 129 None 611 301 35 164 blocking 503 438 54 125 None
99690.jpg r-pass 1001 394 69 136 None 979 492 65 131 None 891 389 71 125 None 776 392 106 128 None 787 379 75 100 None 642 496 61 165 None 521 500 99 141 None 429 467 52 141 None 488 415 77 144 None 554 372 35 154 None 535 345 55 125 None 365 415 65 131 None
13850.jpg l-spike 1111 441 48 137 None 988 392 50 129 None 1024 496 58 135 None 665 417 48 182 blocking 670 366 35 154 blocking 674 374 50 129 None 551 473 82 109 None 512 350 50 158 spiking 512 336 84 126 None 323 431 67 141 None 230 533 114 150 None 0 427 50 112 None
32280.jpg r-pass 938 369 51 114 None 876 434 72 119 None 787 333 44 119 digging 551 392 74 126 None 484 272 48 147 blocking 404 352 53 107 None 393 280 56 109 None 231 430 97 128 None 269 359 46 118 None 127 456 79 160 None 130 380 44 147 None
99565.jpg l_set 1082 463 51 159 None 1105 399 61 133 None 1022 352 79 130 None 765 446 55 131 None 794 351 46 130 None 732 383 58 139 None 636 358 48 150 None 493 319 83 116 None 447 369 68 136 None 402 394 44 184 setting 511 488 83 170 None 289 405 49 139 None
68160.jpg l-pass 1238 356 60 121 None 966 457 67 149 None 932 387 77 93 None 859 336 70 137 None 623 436 53 163 None 629 405 112 181 blocking 240 442 69 133 None 432 446 51 142 None 428 354 98 139 None 482 414 70 139 None 559 438 42 161 None
20565.jpg l_set 1203 374 60 138 None 1132 430 85 147 None 1046 321 61 136 None 767 398 44 156 None 748 359 57 151 None 774 309 57 145 None 617 345 52 181 setting 639 327 47 129 None 404 482 82 145 None 283 387 72 132 None 430 331 90 120 None 417 277 95 121 None
46385.jpg r_set 950 391 48 136 None 860 291 122 114 None 854 350 80 120 None 610 259 41 175 setting 770 475 103 136 None 389 398 46 156 None 141 416 52 136 None 164 324 51 108 None 18 365 49 148 None 420 348 43 141 None 392 339 48 130 None 513 401 77 128 None
46415.jpg r_spike 1047 372 51 127 None 824 279 64 135 None 752 309 40 128 None 758 366 57 141 None 671 353 62 169 spiking 642 387 48 138 None 560 317 64 216 blocking 548 320 48 197 blocking 423 326 71 113 None 236 340 75 107 None 136 454 85 130 None 42 362 55 134 None
74810.jpg r-pass 907 404 49 126 None 785 457 100 112 digging 810 331 53 121 None 486 242 65 182 blocking 339 401 91 156 None 274 356 60 130 None 176 457 81 160 None 57 384 62 133 None 433 328 37 144 None 395 267 62 109 None 581 424 98 130 None
14850.jpg l-spike 1011 502 82 128 None 1093 390 74 125 None 843 375 89 116 None 660 389 49 123 None 583 361 54 235 blocking 582 357 38 216 blocking 489 355 54 127 None 461 310 71 123 None 363 421 72 117 None 303 416 80 144 spiking 219 401 54 148 None 151 383 88 136 None
46475.jpg l_set 414 434 72 168 setting 406 344 60 134 None 541 307 58 134 None 575 259 58 102 None 639 486 75 167 None 861 386 49 165 None 980 383 51 154 None 993 343 29 158 None 999 308 37 150 None
99520.jpg l-spike 847 493 67 138 None 809 388 67 107 digging 710 373 84 117 None 617 375 68 106 None 463 376 80 185 blocking 499 337 42 139 None 438 349 42 144 None 393 323 68 136 None 376 397 67 179 spiking 303 408 85 146 None 309 401 78 128 None 52 418 55 129 None
14970.jpg r_spike 1048 431 62 139 None 916 376 70 151 None 766 405 70 175 spiking 808 317 51 132 None 740 414 44 133 None 752 368 48 112 None 673 375 58 186 blocking 538 356 42 121 None 410 385 90 105 None 312 462 56 123 None 225 405 91 114 None
13890.jpg l-pass 1039 422 50 145 None 898 365 63 130 None 944 477 55 132 None 701 380 57 144 None 654 445 72 143 None 666 403 54 141 None 560 384 57 132 None 509 480 54 125 digging 498 358 48 133 None 247 417 43 127 None 351 408 52 144 None 381 499 63 124 digging
99515.jpg l-spike 855 485 64 128 None 846 388 68 126 None 756 361 114 111 None 599 372 77 102 None 533 378 55 195 blocking 535 344 46 138 None 469 352 46 126 None 433 325 72 128 None 374 411 71 158 None 375 405 42 151 None 336 407 85 117 None 90 419 48 123 None
46285.jpg l-pass 1184 426 45 156 None 1158 314 44 160 None 818 351 53 171 blocking 821 335 78 171 blocking 862 330 38 150 None 702 407 58 134 None 600 315 86 125 None 443 335 82 127 digging 358 454 73 169 None 269 423 86 134 None 325 351 53 128 None
46590.jpg l_winpoint 758 339 78 148 None 718 277 66 149 None 506 389 66 149 None 346 395 58 151 None 320 357 55 159 None 357 337 47 133 None 139 360 78 157 None 61 385 68 158 None 0 350 54 122 None 51 362 66 147 None
31140.jpg r_winpoint 272 375 59 138 None 432 452 73 164 None 497 392 51 158 None 598 388 41 136 None 622 386 59 158 None 682 321 58 139 None 834 344 53 127 None 829 390 64 161 None 874 438 96 161 None 967 387 88 80 None 1025 414 54 150 None 1171 373 107 172 None
34920.jpg l_winpoint 130 380 79 150 None 224 343 88 134 None 334 387 65 159 None 368 329 44 153 None 397 330 62 137 None 655 438 77 166 None 578 384 85 154 None 634 346 59 137 None 676 307 62 140 None 825 416 56 160 None 823 363 55 135 None
47265.jpg l_winpoint 742 427 60 144 None 322 513 46 164 None 379 494 66 121 None 509 369 60 147 None 855 337 47 143 None 726 321 49 148 None 116 495 108 169 None 1 502 60 156 None 43 398 91 148 None 25 441 50 145 None 0 393 39 125 None
43200.jpg r_winpoint 839 383 62 150 None 727 373 113 145 None 679 434 66 144 None 702 387 48 148 None 647 412 65 159 None 645 393 36 155 None 351 483 58 163 None 312 463 49 168 None 299 457 48 155 None 223 351 70 151 None 145 436 53 143 None
44625.jpg r_winpoint 699 357 71 163 None 596 438 69 136 None 575 334 71 153 None 434 374 69 143 None 282 446 63 175 None 171 469 71 162 None 38 434 106 150 None 55 388 71 155 None 21 376 52 151 None 210 570 76 97 None
51540.jpg l_winpoint 427 411 57 158 None 506 419 60 164 None 479 404 61 133 None 459 349 49 138 None 550 369 88 151 None 520 340 45 128 None 694 433 60 155 None 765 458 48 181 None 863 323 63 139 None 1116 286 85 157 None 1177 418 44 165 None 1203 362 63 159 None
32355.jpg l_winpoint 778 367 44 128 None 702 340 61 137 None 707 261 48 122 None 656 276 42 134 None 664 253 50 126 None 412 407 66 158 None 153 350 51 171 None 125 392 43 134 None 77 390 70 152 None 7 401 125 157 None 20 279 45 112 None 11 312 60 122 None
38910.jpg l_winpoint 147 494 72 145 None 257 443 52 142 None 493 471 64 174 None 446 491 47 139 None 535 442 50 155 None 442 430 79 151 None 928 362 41 137 None 806 533 49 172 None 731 508 50 164 None 843 401 58 152 None 829 368 99 71 None 1110 421 47 135 None
30465.jpg r_winpoint 894 413 45 142 None 866 319 46 154 None 793 366 47 151 None 761 431 54 159 None 719 387 56 165 None 648 489 69 168 None 551 445 53 151 None 520 356 58 141 None 391 466 65 178 None 268 459 69 165 None 292 361 38 136 None 44 381 57 151 None
40950.jpg r_winpoint 1063 428 64 165 None 1009 431 107 128 None 970 347 99 173 None 814 337 46 148 None 782 460 65 162 None 779 388 52 172 None 622 341 42 155 None 497 547 122 142 None 549 457 42 160 None 415 441 55 89 None 367 470 62 84 None 337 377 39 130 None
38160.jpg l_winpoint 1202 388 76 114 None 1103 587 115 84 None 1037 508 52 154 None 1058 448 58 170 None 785 399 57 153 None 759 376 50 131 None 712 433 76 150 None 636 440 102 150 None 675 415 57 134 None 414 430 77 148 None
32010.jpg r-pass 855 381 90 139 None 668 409 100 77 None 561 436 89 138 None 308 369 75 122 None 366 319 82 114 None 304 316 57 148 None 168 418 57 139 None 192 377 49 147 None 226 333 43 143 None 47 351 57 138 None
