19330.jpg l-pass 248 434 30 95 None 310 419 38 90 None 367 388 48 79 None 293 495 49 86 digging 421 498 61 106 None 590 468 36 102 None 667 381 21 94 None 663 431 37 98 None 681 450 33 95 None 838 405 32 81 None 953 422 41 81 None 1170 482 58 100 None
19555.jpg l-pass 180 453 48 82 None 381 457 52 81 digging 412 396 45 86 None 555 398 38 83 None 550 427 50 81 None 543 475 54 61 None 665 403 31 98 None 717 423 34 102 None 767 473 42 92 None 816 389 45 81 None 850 407 40 92 None 861 455 59 95 None
15775.jpg l_set 251 412 73 78 None 332 365 34 82 None 348 333 36 76 None 379 522 49 118 None 549 444 37 93 None 551 475 45 108 setting 623 361 30 89 None 633 402 32 94 None 624 452 39 101 None 768 380 37 79 None 881 402 32 88 None 841 474 43 81 None
18810.jpg r-pass 250 416 26 92 None 360 375 27 78 None 384 448 64 96 None 490 377 34 70 None 562 404 35 89 None 600 439 41 96 None 682 407 39 99 None 713 369 33 95 None 799 366 40 83 None 823 419 50 96 digging 745 460 43 103 None 1016 482 48 114 None
19605.jpg r_set 284 459 48 99 None 351 451 43 90 None 432 396 50 63 None 573 389 41 77 blocking 569 419 36 94 None 571 473 44 100 None 643 371 56 106 setting 723 414 54 96 None 840 435 43 91 None 896 373 38 61 None 911 415 67 74 None 890 543 68 107 None
18880.jpg l_set 157 409 68 73 None 278 364 51 64 None 319 326 55 66 None 247 452 63 91 None 429 436 64 91 None 509 409 37 102 setting 578 344 33 89 None 588 400 33 92 None 581 442 34 102 None 718 386 29 77 None 829 411 47 76 None 812 455 42 100 None
19585.jpg r-pass 176 451 60 100 None 399 482 37 98 None 418 393 34 75 None 544 393 38 77 None 543 421 42 95 None 517 469 51 92 None 602 391 32 93 None 719 435 50 99 None 849 371 45 74 None 900 412 44 80 None 827 444 68 95 digging 823 503 51 105 None
18725.jpg r-pass 207 464 34 108 None 250 426 44 83 None 309 404 47 74 None 352 357 33 83 None 406 454 33 95 None 439 485 39 114 None 489 477 40 111 None 525 447 43 96 None 531 391 59 83 digging 632 383 63 58 digging 752 391 52 73 None 796 463 35 108 None
18920.jpg l-spike 230 467 44 99 None 239 408 34 88 None 286 384 29 76 None 362 424 36 80 None 374 320 39 88 spiking 415 448 37 99 None 453 318 41 112 blocking 563 470 63 84 None 717 451 53 87 None 781 407 55 73 None 687 367 33 63 None
18655.jpg l-pass 275 434 32 99 None 343 405 31 87 None 400 378 52 75 None 362 490 48 67 digging 453 486 47 102 None 602 458 38 98 None 696 374 22 84 None 689 405 33 109 blocking 707 436 38 97 None 879 395 24 85 None 972 422 44 86 None 1158 469 66 103 None
19490.jpg r_spike 303 411 34 87 None 351 470 74 88 None 426 384 45 65 None 631 456 45 94 None 684 364 29 113 blocking 691 366 35 126 blocking 726 391 53 81 None 743 443 50 102 None 823 371 85 110 spiking 850 366 34 84 None 854 463 44 100 None 821 498 40 110 None
19400.jpg l-spike 286 420 35 81 None 296 396 31 78 None 368 327 32 98 spiking 388 442 39 91 digging 446 451 40 96 None 483 333 38 110 blocking 598 477 57 87 None 649 400 31 75 None 731 464 60 92 digging 807 412 42 80 None 97 463 42 90 None
16745.jpg r_set 277 427 39 74 None 385 405 34 61 None 330 470 45 101 None 526 388 31 86 None 534 406 37 89 None 524 465 29 100 None 608 363 35 116 setting 651 391 45 73 None 830 540 66 105 None 827 469 47 83 None 856 421 67 81 None 842 382 56 61 None
15730.jpg l-pass 386 429 50 77 None 441 377 52 73 None 531 373 39 84 None 568 489 41 79 digging 649 474 49 101 None 668 494 42 102 None 724 401 32 92 None 758 413 28 93 None 753 470 40 99 None 855 437 31 91 None 883 424 38 70 None 889 470 34 103 None
19365.jpg l_set 576 430 42 110 setting 515 465 66 94 None 382 358 60 59 None 293 444 58 77 None 319 389 52 79 None 239 430 36 95 None 665 459 32 104 None 670 422 37 91 None 661 365 34 86 None 826 407 37 75 None 942 422 41 74 None 1013 480 50 102 None
15815.jpg l-spike 849 385 34 82 None 836 489 45 76 None 757 371 39 65 None 601 392 57 67 None 513 372 39 127 blocking 510 363 38 125 blocking 470 451 46 96 None 443 475 33 101 None 408 366 38 82 None 320 452 39 89 None 340 386 49 96 spiking 357 390 32 79 None
16440.jpg l_set 968 430 46 80 None 930 511 45 80 None 827 419 31 71 None 671 480 32 101 None 676 421 27 91 None 667 375 33 82 None 594 437 41 98 setting 484 463 58 97 None 416 431 58 75 None 391 360 43 67 None 279 425 46 78 None 301 505 47 100 None
15645.jpg r-pass 964 383 31 84 None 880 429 42 90 digging 864 476 38 97 None 831 398 28 67 None 688 452 44 106 None 577 428 28 94 None 525 405 33 103 None 501 434 31 86 None 468 406 27 91 None 392 424 25 87 None 238 418 45 75 None 167 456 43 88 None
16465.jpg l-spike 910 529 50 73 None 835 432 43 74 digging 710 415 54 64 None 623 400 31 73 None 567 440 30 139 blocking 585 451 34 86 None 465 479 56 116 spiking 494 457 30 92 None 408 374 29 75 None 370 434 29 73 None 359 498 42 96 None 310 393 28 80 None
19420.jpg r-pass 748 462 55 93 digging 829 398 36 81 None 670 479 50 91 None 647 385 51 78 None 485 374 32 83 None 506 362 28 83 None 439 435 34 101 None 390 444 33 90 None 321 405 31 78 None 263 419 35 89 None 99 456 33 93 None 405 371 49 77 None
15675.jpg r_set 699 421 56 87 None 655 399 41 122 setting 816 399 31 71 None 953 436 54 85 None 949 425 56 74 None 883 515 69 96 None 559 468 40 99 None 553 427 46 78 None 555 399 45 89 None 431 401 41 68 None 316 466 43 100 None 228 439 40 78 None
16695.jpg l-spike 986 476 37 81 None 958 433 40 75 None 893 483 39 92 None 900 401 28 74 None 733 420 35 92 None 736 391 41 72 None 558 439 39 91 None 538 421 36 74 None 452 342 22 85 spiking 374 388 31 81 None 319 490 62 108 None 242 424 55 89 None
16525.jpg r_set 245 438 42 75 None 329 478 50 99 None 422 390 38 75 None 567 495 35 99 None 549 450 32 95 None 570 395 38 92 None 733 398 38 122 setting 782 422 50 88 None 825 466 23 94 None 845 549 59 111 None 892 415 65 79 None 870 373 40 66 None
16600.jpg l-pass 1109 448 41 90 None 1020 496 50 93 None 983 408 36 87 None 918 414 37 104 None 855 401 34 90 None 853 488 32 107 None 692 505 58 99 None 724 486 42 97 None 602 375 34 77 None 458 389 30 78 None 434 486 45 105 None 287 438 87 79 digging
15710.jpg r_spike 918 491 39 86 None 892 451 47 81 None 871 448 45 45 None 804 444 47 152 setting 766 431 36 83 None 735 403 32 87 None 688 441 38 132 blocking 679 435 42 111 blocking 602 405 37 70 None 474 398 39 64 None 484 484 50 98 None 380 435 66 64 None
15855.jpg l-pass 256 463 117 48 None 449 459 52 94 None 525 428 50 98 None 491 368 27 85 None 410 381 58 80 digging 403 411 51 81 None 652 416 31 97 None 634 404 29 92 None 647 372 22 94 None 841 374 40 80 None 908 399 30 86 None 887 462 40 88 None
18840.jpg l-pass 256 412 43 92 digging 401 338 45 74 None 445 434 33 109 digging 361 382 43 87 None 479 404 52 87 None 631 441 38 101 None 697 436 25 97 None 694 405 32 100 None 688 347 35 84 None 839 441 40 92 None 804 375 42 77 None 950 459 30 102 None
18710.jpg l-spike 849 475 33 98 None 811 410 37 72 None 693 383 60 62 None 573 388 23 75 digging 537 429 31 127 blocking 552 451 27 91 None 483 446 35 93 digging 460 455 49 121 spiking 360 350 45 76 None 329 392 31 74 None 298 412 41 88 None 236 479 52 88 None
15920.jpg r-pass 186 417 46 77 None 322 387 36 79 None 217 437 48 105 None 454 460 35 96 None 476 393 35 97 None 468 392 32 90 None 520 374 28 95 None 641 399 44 95 None 711 374 32 86 digging 747 462 41 106 None 765 440 50 85 None 798 390 46 79 None
16485.jpg r-pass 359 491 49 96 None 322 459 40 78 None 332 399 47 79 None 443 394 29 80 None 461 462 30 97 None 437 548 45 118 None 552 519 46 88 None 610 447 48 105 digging 627 408 43 79 None 715 426 47 68 None 798 423 45 72 digging 820 500 61 75 None
19510.jpg l-pass 361 486 61 76 None 421 384 52 69 None 336 401 52 73 None 609 441 48 76 None 717 408 31 82 None 742 390 27 111 None 885 459 34 107 None 874 380 34 85 None 815 478 38 105 None 811 423 46 81 None 780 455 35 112 None 780 390 36 78 None
19460.jpg r_set 417 385 53 66 None 248 421 39 87 None 285 454 37 103 None 572 465 34 102 None 560 417 35 96 blocking 580 380 34 94 blocking 619 372 20 84 None 666 360 43 111 setting 878 469 35 102 None 866 541 63 107 None 902 413 67 79 None 862 355 51 59 None
16645.jpg l_set 1078 400 31 86 None 1155 501 53 93 None 1170 452 46 81 None 951 484 53 101 None 888 413 28 97 None 877 383 27 92 None 707 471 41 96 None 566 506 48 113 None 601 339 27 72 None 370 507 45 126 digging 392 387 45 76 None 65 467 64 81 None
15890.jpg l-pass 210 418 32 72 None 263 413 35 87 None 299 364 35 74 None 434 447 35 95 None 486 406 43 94 None 442 401 41 76 digging 578 367 41 79 None 617 401 33 92 None 649 444 39 93 None 757 383 28 77 None 838 393 34 78 None 862 450 30 89 None
15830.jpg l-pass 324 448 68 87 None 396 435 37 79 None 446 377 46 82 None 466 456 51 88 None 429 489 50 80 None 380 422 33 55 None 527 411 43 101 None 524 394 30 90 None 607 392 55 68 None 783 372 44 70 None 856 395 31 74 None 844 483 37 81 None
18685.jpg l_set 1031 450 26 105 None 945 413 42 72 None 838 394 30 71 None 671 453 35 102 blocking 676 409 37 98 blocking 671 352 30 87 blocking 599 430 49 100 setting 466 475 49 82 None 372 427 46 91 None 383 344 65 65 None 351 373 39 84 None 274 437 46 99 None
18760.jpg r-pass 918 435 39 120 digging 875 383 38 67 None 771 347 44 70 None 750 499 52 112 None 629 421 37 99 None 641 389 47 80 None 542 436 28 98 None 479 447 41 96 None 529 372 29 88 None 358 371 43 77 None 307 448 41 104 None 265 411 30 92 None
38820.jpg r_winpoint 168 407 43 93 None 353 431 35 104 None 350 388 46 86 None 451 453 44 98 None 483 396 42 93 None 476 360 28 78 None 641 392 60 98 None 741 384 50 94 None 787 434 47 100 None 824 425 28 88 None 835 393 32 87 None 798 384 35 80 None
38175.jpg l_winpoint 381 438 50 106 None 416 413 49 90 None 445 402 43 88 None 527 445 50 99 None 515 423 38 93 None 540 406 52 81 None 927 454 41 47 None 961 415 39 72 None 862 374 30 84 None 785 457 40 106 None 698 373 36 93 None 652 385 50 91 None
34800.jpg r_winpoint 347 435 46 71 None 310 421 35 86 None 408 456 39 93 None 574 465 70 90 None 541 394 37 82 None 569 400 39 88 None 697 452 80 98 None 763 431 28 94 None 737 418 26 90 None 752 416 40 91 None 715 435 33 87 None 715 420 26 85 None
36015.jpg r_winpoint 388 394 31 84 None 332 420 46 88 None 391 437 28 86 None 496 388 29 82 None 538 411 25 91 None 494 465 45 108 None 841 425 51 88 None 776 376 41 86 None 713 368 60 78 None 693 369 26 86 None 756 405 37 85 None 723 441 49 104 None
37020.jpg r_winpoint 337 475 48 107 None 414 470 36 102 None 456 388 33 91 None 383 381 30 87 None 584 438 28 108 None 565 460 39 101 None 702 376 44 96 None 719 397 26 96 None 784 383 29 104 None 770 418 39 87 None 734 412 51 100 None 706 406 65 100 None
40050.jpg r_winpoint 273 437 33 93 None 374 408 56 51 None 373 487 74 85 None 550 446 47 97 None 601 399 44 88 None 632 417 47 90 None 717 403 47 98 None 733 379 55 92 None 760 389 54 80 None 755 429 39 101 None 803 425 27 95 None 834 419 49 88 None
36555.jpg l_winpoint 407 420 32 92 None 386 419 30 98 None 360 419 66 104 None 407 405 30 105 None 398 413 18 89 None 382 411 25 92 None 694 405 47 101 None 781 409 48 95 None 831 433 36 102 None 894 420 57 87 None 937 409 38 95 None 910 350 49 73 None
39360.jpg l_winpoint 882 417 40 102 None 843 528 44 116 None 725 520 72 59 None 694 405 37 101 None 672 448 38 106 None 672 533 45 121 None 474 478 45 105 None 479 408 51 91 None 455 422 27 99 None 427 432 35 100 None 401 420 59 90 None 427 411 57 98 None
34185.jpg l_winpoint 1042 469 37 96 None 1010 427 28 92 None 902 415 31 92 None 767 475 40 106 None 763 449 44 96 None 743 395 38 84 None 535 423 29 111 None 464 420 53 92 None 451 466 52 90 None 397 508 37 113 None 368 453 55 92 None 425 429 47 90 None
