39570.jpg r-pass 789 485 40 73 None 758 463 61 43 None 739 402 39 80 digging 632 392 32 70 None 598 366 28 71 None 471 412 38 83 None 425 465 31 98 None 415 436 30 102 None 412 413 28 99 None 181 489 33 107 None 165 421 41 70 None 70 475 60 103 None
39800.jpg r_set 946 476 77 55 None 832 518 86 100 None 864 480 41 97 None 763 382 33 85 setting 757 372 45 54 None 658 416 24 97 None 545 468 30 99 None 543 433 23 101 None 545 405 37 76 None 327 488 57 99 None 278 410 37 78 None 223 431 33 103 None
39645.jpg r_spike 419 499 62 80 None 430 388 34 77 None 340 457 41 82 None 630 456 44 93 None 680 373 28 117 blocking 680 343 26 109 blocking 756 332 43 80 spiking 776 414 37 86 None 720 471 34 98 None 794 508 43 108 None 870 410 38 85 None 919 474 58 98 None
30100.jpg r-pass 802 470 27 106 None 749 531 47 110 None 774 436 32 79 None 764 401 33 87 digging 686 475 53 93 None 544 407 40 79 None 428 497 34 102 None 457 462 39 102 None 448 439 21 100 None 213 440 36 87 None 175 451 33 106 None 169 443 30 75 None
49080.jpg l-spike 142 466 61 105 None 314 537 42 107 None 424 424 40 70 None 458 432 36 74 None 526 431 44 83 None 486 340 32 98 spiking 597 345 32 119 blocking 596 359 37 120 blocking 847 399 33 81 None 832 504 53 94 None 1064 444 61 92 None
43220.jpg r_spike 1003 445 40 89 None 933 480 43 98 None 831 506 48 108 None 778 416 32 90 None 795 380 31 98 spiking 800 375 28 81 None 716 370 47 115 blocking 732 351 46 112 blocking 623 504 53 94 None 503 502 49 98 None 508 401 51 74 None 315 476 52 89 None
26750.jpg l-spike 274 520 40 93 None 281 466 59 106 None 326 446 59 87 None 400 472 45 132 spiking 411 469 54 84 None 493 493 71 66 None 564 465 36 128 blocking 575 444 29 139 blocking 646 439 59 74 None 795 421 42 76 digging 857 532 41 86 None 909 446 46 86 None
23050.jpg l-spike 348 438 42 81 None 429 439 62 82 None 415 476 64 113 spiking 512 454 35 90 None 508 434 47 91 None 513 394 31 88 None 591 452 32 126 blocking 605 440 29 124 blocking 629 420 42 77 None 807 422 45 72 None 886 444 52 90 None 825 514 54 91 None
23025.jpg l_set 933 464 40 84 None 840 501 37 88 None 762 423 60 70 None 635 507 54 102 None 659 459 30 76 None 657 424 38 90 None 569 416 36 115 setting 543 415 58 105 spiking 518 412 40 78 None 388 435 78 90 None 371 419 44 81 None 290 528 91 87 None
49235.jpg l_set 211 525 74 87 None 419 456 47 97 None 437 407 34 106 setting 441 395 31 79 None 451 369 38 68 None 582 403 27 96 None 677 392 25 90 None 670 432 49 96 None 668 449 49 107 None 875 416 52 92 None 873 390 54 85 None 964 491 44 96 None
16930.jpg r-pass 89 478 37 107 None 212 470 38 95 None 269 455 30 89 None 467 426 37 92 None 491 449 35 102 None 499 477 29 104 None 545 466 42 66 None 717 488 57 96 None 863 514 48 54 None 852 448 38 83 None 842 423 36 68 None 859 393 33 83 None
27050.jpg r_set 874 519 65 88 None 897 483 45 90 None 891 458 58 76 None 759 419 52 81 None 691 406 38 108 setting 670 429 63 110 None 619 422 34 100 blocking 611 456 43 96 None 613 485 35 100 None 405 410 33 91 None 314 449 71 93 None 342 482 36 94 None
17125.jpg l_set 318 518 87 85 None 439 432 70 85 None 422 414 55 83 None 531 380 46 66 None 596 406 33 87 None 613 402 36 123 setting 708 398 36 89 None 702 427 31 101 None 706 448 31 97 None 852 411 38 74 None 965 441 34 99 None 883 494 45 85 None
26995.jpg l-spike 98 417 31 74 None 405 447 58 98 None 440 425 46 89 None 500 349 32 115 spiking 493 472 38 87 None 544 473 66 70 None 627 365 44 128 blocking 626 362 32 117 blocking 743 488 50 99 None 878 510 66 90 None 893 409 31 82 None 988 445 35 100 None
26940.jpg l_set 280 420 52 125 setting 389 482 47 73 None 451 405 38 94 None 611 487 42 98 None 589 369 44 81 None 793 450 30 105 None 885 479 35 102 None 894 444 33 97 None 902 422 26 94 None 1087 529 62 100 None 1141 415 29 91 None
26840.jpg r_spike 823 557 63 101 None 849 503 44 91 None 826 455 39 91 None 845 395 43 65 None 693 414 59 112 spiking 669 405 28 112 setting 591 516 29 110 None 585 462 34 88 None 583 436 35 102 None 356 532 55 89 digging 353 419 50 87 None 220 464 45 98 None
22920.jpg r-pass 875 491 49 95 digging 849 460 38 78 None 823 421 42 89 None 878 383 30 77 None 690 413 27 82 None 531 427 28 87 None 495 480 27 103 None 487 459 27 104 None 485 430 27 98 None 267 514 48 88 None 223 438 40 70 None 158 456 37 98 None
17145.jpg l-spike 940 442 35 94 None 878 495 65 88 None 838 399 49 76 None 654 471 49 105 None 646 376 20 114 blocking 651 350 28 110 blocking 577 396 50 92 None 562 336 53 96 spiking 496 422 40 103 None 466 405 34 78 None 448 511 45 97 None 567 455 35 92 None
16920.jpg r-pass 863 501 42 76 digging 860 466 36 71 digging 843 430 37 62 None 872 395 26 80 None 723 490 59 94 None 562 460 36 83 None 506 476 32 102 None 495 448 40 100 None 444 436 38 100 None 281 463 28 98 None 192 457 43 83 None 81 489 49 93 None
17025.jpg l_set 910 434 48 92 None 841 494 52 88 None 795 410 57 68 None 662 467 31 105 None 661 453 39 98 None 661 409 36 87 None 587 428 33 122 setting 548 448 37 96 None 464 376 41 70 None 398 428 66 105 None 341 503 72 87 None 334 434 38 80 None
48980.jpg r_spike 257 450 51 91 None 277 520 62 91 None 445 405 46 69 None 518 446 59 72 digging 647 447 26 137 blocking 628 431 45 142 blocking 692 463 66 65 None 743 464 50 111 spiking 764 422 45 71 None 864 470 64 105 None 1049 452 53 80 None 752 483 44 81 None
39990.jpg l_set 287 522 71 104 None 368 425 44 103 None 419 486 62 59 None 420 375 48 71 None 498 441 73 103 setting 513 413 34 95 None 618 459 43 100 None 624 428 33 79 None 620 397 34 86 None 801 487 44 97 None 807 389 45 78 None 926 439 48 77 None
22965.jpg r_set 264 480 49 86 None 336 431 39 75 None 393 512 46 86 None 581 439 41 92 blocking 587 468 36 97 None 587 500 36 86 None 625 394 35 115 setting 681 438 39 117 setting 822 547 45 98 None 847 447 54 96 None 906 492 32 100 None 859 392 53 64 None
48860.jpg l_set 429 479 47 93 None 414 435 45 90 None 504 384 47 67 None 597 394 34 111 setting 601 382 40 99 None 719 464 36 99 None 703 422 33 87 None 703 391 33 107 None 883 418 37 72 None 944 509 51 86 None 1044 442 49 91 None 286 540 53 97 None
49180.jpg r_spike 318 447 44 96 None 354 491 42 99 None 450 391 38 72 None 524 475 55 84 None 642 396 34 80 None 641 376 33 77 None 718 458 43 105 None 688 433 48 81 None 731 331 31 98 spiking 801 463 34 101 None 828 409 50 77 None 859 393 31 77 None
33585.jpg l-pass 288 454 62 99 None 385 453 34 107 setting 445 370 37 84 None 428 518 33 112 None 457 471 91 100 None 645 478 41 107 None 710 463 41 102 None 715 408 30 90 None 794 435 31 101 None 824 410 27 92 None 993 483 32 88 None 1094 419 62 97 None
49050.jpg l_set 986 445 62 87 None 942 487 56 94 None 934 407 31 87 None 675 449 39 98 None 676 438 40 93 None 682 397 27 86 None 605 443 39 100 None 526 395 27 108 setting 434 382 66 64 None 408 414 40 81 None 342 495 50 80 None 203 502 56 71 None
39700.jpg l_set 262 484 55 96 None 287 421 55 95 None 386 377 39 93 setting 500 414 45 86 None 558 376 36 89 None 536 343 36 77 None 715 382 38 83 None 687 431 40 95 None 686 475 51 107 None 818 378 54 78 None 891 395 44 94 None 898 475 40 97 None
48820.jpg l-pass 481 478 34 97 None 459 434 41 90 None 486 393 42 97 digging 588 397 55 76 None 695 474 38 101 None 321 494 44 107 None 790 462 32 108 None 772 445 44 99 None 790 424 33 106 None 1020 478 29 104 None 1014 416 55 89 None 1122 481 49 94 None
39765.jpg r-pass 332 467 66 88 None 417 418 30 95 None 372 384 43 92 None 452 401 43 68 None 472 383 28 62 None 174 432 43 99 None 257 415 44 86 None 295 453 49 80 None 600 447 46 79 None 680 382 43 63 None 752 484 53 84 None 814 469 73 42 None
48935.jpg r_set 259 514 56 99 None 313 440 45 99 None 286 432 25 89 None 471 458 38 86 None 514 434 33 95 None 528 389 33 84 None 598 431 38 99 None 705 385 49 67 None 739 462 38 94 None 779 432 57 87 setting 795 514 68 104 None 913 503 94 59 None
30230.jpg l_set 531 432 36 123 setting 562 399 55 86 None 562 361 55 76 None 747 447 32 108 None 846 473 31 102 None 845 420 43 93 None 843 389 30 80 None 973 399 30 93 None 1111 486 36 98 None 1086 447 56 102 None 548 555 57 120 None
43285.jpg l_set 954 479 45 79 None 840 497 43 96 None 754 405 50 77 None 634 471 33 85 None 633 435 36 80 None 617 403 41 88 None 562 420 34 113 setting 541 428 43 86 None 450 389 48 66 None 354 440 49 76 None 218 500 81 109 None 422 497 74 90 None
43310.jpg l-spike 834 460 43 94 None 717 490 48 87 None 736 410 43 75 None 541 500 88 94 None 520 434 42 94 None 512 356 29 101 blocking 298 457 61 90 None 335 425 34 83 None 428 532 40 108 None 421 459 47 96 None 454 448 34 86 None 437 338 60 93 spiking
17050.jpg l-spike 290 435 40 73 None 415 526 47 100 None 478 432 38 98 None 511 479 59 98 None 540 459 41 105 None 517 335 39 99 spiking 598 352 29 101 blocking 598 398 42 122 blocking 616 470 50 98 None 791 489 55 94 None 890 447 43 90 None 830 405 46 76 None
26570.jpg r-pass 102 472 34 110 None 234 421 45 94 None 323 487 37 101 None 481 437 30 106 None 493 446 35 109 blocking 499 485 36 103 None 599 426 32 90 None 729 491 45 104 None 760 415 36 88 digging 829 462 42 96 None 831 506 57 102 None 888 407 28 87 None
26655.jpg r_spike 946 400 51 78 None 929 501 41 113 None 850 474 56 146 spiking 878 455 42 90 None 759 486 57 99 None 821 405 45 83 None 432 529 41 92 None 449 421 36 88 None 266 448 54 84 None 685 456 40 133 blocking 671 437 46 144 blocking
26720.jpg l_set 959 457 45 94 None 870 509 45 97 None 852 397 32 84 None 632 525 58 107 None 648 455 49 92 None 649 442 40 84 None 475 530 74 106 None 474 479 36 120 setting 441 485 38 100 None 379 412 43 92 None 347 511 62 85 None 271 546 87 94 None
39745.jpg l-spike 877 414 42 91 None 776 478 44 86 None 739 373 34 72 None 610 448 46 86 None 502 344 29 108 blocking 502 334 27 105 blocking 445 408 40 100 None 393 310 48 116 spiking 358 471 65 84 None 338 451 53 65 None 280 424 45 88 None 216 440 39 101 None
17060.jpg r-pass 895 468 54 75 digging 792 481 59 82 None 846 403 38 80 None 629 478 64 100 None 583 414 57 95 None 595 369 26 86 None 525 473 46 106 None 555 446 32 106 None 531 382 52 82 None 494 433 44 96 None 299 428 33 85 None 412 518 52 107 None
27020.jpg r-pass 916 448 40 89 None 830 475 43 82 None 763 482 58 88 None 745 447 100 56 None 601 418 32 83 None 597 434 52 83 None 504 474 73 95 None 550 446 34 98 None 549 408 30 90 None 420 442 39 94 None 408 413 49 92 None 142 432 49 77 None
30165.jpg r_spike 257 468 67 80 None 372 526 45 103 None 418 431 59 68 None 614 418 40 78 None 679 467 44 131 blocking 679 440 31 145 blocking 776 508 84 110 spiking 765 419 39 91 None 855 514 58 96 None 870 403 33 80 None 782 394 27 76 None 989 481 38 88 None
26680.jpg l-pass 278 485 91 58 None 384 429 58 75 None 375 514 55 106 None 572 516 43 101 None 599 518 61 100 None 631 515 35 120 None 714 463 30 104 None 730 556 49 116 None 821 468 40 92 None 800 405 34 91 None 848 422 39 76 None 913 488 32 114 None
48995.jpg l-pass 295 479 48 61 digging 357 503 64 88 None 465 406 55 65 None 557 442 56 68 None 669 475 48 108 None 685 508 32 107 None 737 499 38 103 None 735 447 71 78 None 806 423 53 75 None 790 476 48 98 None 860 459 50 118 None 1092 447 54 80 None
33440.jpg r-pass 245 530 52 92 None 239 442 45 70 None 177 462 40 98 None 493 477 29 100 None 571 438 48 87 None 509 457 44 102 None 501 445 42 94 None 718 408 49 75 None 710 387 43 82 None 893 497 40 104 None 882 450 41 70 digging 868 444 31 49 None
16965.jpg r-pass 324 465 39 107 None 391 443 38 87 None 439 515 62 91 None 552 407 52 84 None 575 464 39 98 None 617 492 38 108 None 723 460 72 79 digging 735 482 57 101 None 850 445 34 72 None 896 445 39 97 None 912 391 30 82 None 927 486 77 84 None
48905.jpg r-pass 875 493 80 70 None 734 481 63 86 None 724 419 56 68 None 630 495 80 87 None 549 421 35 84 None 549 396 36 80 None 510 377 30 82 None 479 421 47 88 None 412 432 33 82 None 321 451 36 93 None 310 519 40 110 None 297 478 30 97 None
17155.jpg r-pass 463 516 47 95 None 539 458 44 99 None 490 432 51 94 None 475 415 37 80 None 578 416 30 90 None 554 355 41 87 None 618 373 25 96 blocking 618 349 28 96 blocking 660 483 73 93 None 863 409 39 69 digging 938 451 36 87 digging 909 502 59 84 None
43155.jpg r-pass 786 521 30 108 None 791 456 22 103 None 706 465 46 90 None 783 436 53 67 digging 768 426 42 64 digging 581 401 41 75 None 436 485 32 103 None 465 455 41 102 None 452 435 36 102 None 294 437 30 87 None 259 439 35 98 None 169 447 34 73 None
49095.jpg r-pass 136 452 39 106 None 237 526 41 97 None 357 410 29 86 None 414 432 32 77 None 476 431 50 90 None 451 392 45 86 None 548 377 63 99 blocking 555 377 41 104 None 761 487 60 97 None 768 392 38 88 digging 1016 438 52 92 None
43190.jpg r_set 289 454 60 97 None 329 428 47 77 None 346 493 41 100 None 579 406 32 95 None 571 453 41 100 None 561 507 41 89 None 662 375 34 98 setting 703 391 50 126 None 776 401 52 69 None 855 463 36 97 None 942 431 32 82 None 867 544 74 92 None
27075.jpg r_spike 889 505 71 87 None 923 478 36 82 None 901 409 34 84 None 774 487 73 98 spiking 749 460 36 96 None 753 494 41 51 None 686 462 30 135 blocking 669 441 41 135 blocking 651 446 53 70 None 469 420 72 74 None 423 517 46 100 None 258 457 68 84 None
33640.jpg l-spike 881 456 38 83 None 840 500 48 92 None 796 422 55 72 None 611 502 42 104 None 598 384 41 129 blocking 488 526 64 109 None 504 457 36 94 None 506 418 40 92 None 521 384 45 87 None 443 377 58 100 spiking 291 484 42 97 None
49195.jpg l-pass 387 456 47 94 None 408 498 62 82 None 518 429 44 123 setting 501 400 33 78 None 641 386 29 92 None 618 377 35 76 None 725 454 32 110 None 703 425 41 89 None 723 366 28 78 None 741 406 42 74 None 848 383 39 87 None 857 469 43 103 None
49140.jpg r_set 966 423 51 90 None 850 392 37 83 None 780 390 40 66 None 716 415 38 105 setting 653 436 43 98 None 626 413 35 93 None 560 466 31 94 None 568 437 40 82 None 570 419 39 85 None 365 393 28 84 None 248 510 40 103 None 179 437 31 93 None
16990.jpg l-pass 927 443 52 100 None 886 471 41 94 None 810 475 46 104 None 910 393 28 87 None 744 463 35 98 None 737 437 63 85 None 656 491 44 108 None 542 450 49 99 None 471 384 49 80 None 478 450 39 115 setting 430 477 45 103 None 443 456 43 79 None
30195.jpg l-pass 1000 475 36 90 None 879 507 40 105 None 867 404 32 76 None 746 435 40 96 None 759 405 45 78 None 691 526 42 96 None 651 546 63 110 None 373 530 62 94 None 423 420 47 80 None 204 478 99 87 digging 740 561 37 123 None 528 415 40 82 None
26785.jpg r-pass 844 431 63 94 None 820 507 40 99 None 712 385 38 79 setting 645 415 57 77 None 569 543 59 93 None 613 484 44 104 None 483 458 33 99 None 459 430 38 100 None 284 505 70 102 None 275 455 50 102 None 300 426 36 100 None 463 559 57 103 None
33555.jpg r-pass 1179 404 56 92 None 947 450 39 92 None 795 430 60 92 digging 711 468 58 95 None 712 421 38 87 None 683 399 46 89 None 539 480 45 102 None 427 468 49 97 None 388 505 38 110 None 457 400 38 87 None 301 464 39 89 None 272 469 39 110 None
30140.jpg r_spike 897 462 63 88 None 872 556 65 93 None 835 486 40 95 None 774 401 55 67 None 705 396 63 124 spiking 702 379 27 101 setting 552 517 42 89 None 558 458 42 82 None 562 423 41 91 None 359 502 41 106 None 295 438 39 75 digging 216 473 46 100 None
43255.jpg l-pass 991 456 49 105 None 954 465 30 92 None 798 382 32 79 None 745 470 29 100 None 747 431 29 104 None 732 396 25 94 None 288 483 49 100 None 634 470 45 103 None 534 420 40 86 None 593 478 53 77 digging 604 403 58 73 None 613 379 36 84 None
39620.jpg r_set 259 440 43 100 None 342 412 44 69 None 344 501 56 90 None 585 463 36 97 None 578 432 37 102 None 569 411 44 90 None 676 459 38 98 None 665 381 35 97 setting 765 358 55 69 None 837 415 46 85 None 909 455 42 90 None 818 513 96 103 None
22985.jpg l-pass 892 506 36 102 None 884 452 34 98 None 788 397 46 78 None 721 518 48 111 None 622 514 39 100 None 397 506 56 91 None 382 430 32 83 digging 326 461 36 92 None 670 467 42 89 None 659 437 49 87 None 631 430 37 125 blocking 604 439 43 92 None
30270.jpg l-spike 987 476 55 103 None 828 525 50 100 None 855 402 39 82 None 630 377 28 123 blocking 624 341 45 137 blocking 515 340 61 101 spiking 513 470 73 75 None 482 492 45 89 None 400 458 70 87 None 494 416 33 90 None
22970.jpg r_spike 277 482 43 84 None 393 511 44 88 None 344 434 38 71 None 598 502 32 98 None 604 447 24 86 None 591 433 33 95 None 632 432 28 97 None 657 427 66 99 spiking 766 541 81 85 None 882 499 59 94 None 856 448 36 99 None 842 395 36 61 None
48885.jpg l-spike 327 530 48 115 None 375 489 34 88 None 379 445 32 76 None 463 427 45 86 None 537 413 45 78 None 530 343 38 80 spiking 595 348 35 106 blocking 604 392 35 114 blocking 661 483 45 95 digging 822 488 49 92 None 786 416 39 73 digging 931 447 40 79 None
39960.jpg l-pass 955 423 28 101 None 764 492 38 100 None 778 402 37 86 None 634 474 33 108 None 635 434 35 99 None 641 407 27 91 None 584 464 34 102 None 547 444 60 86 None 457 399 55 82 None 408 504 64 103 None 373 459 51 57 None 392 456 70 81 digging
39840.jpg r_spike 941 472 40 96 None 850 413 36 84 None 797 482 31 90 None 754 460 61 112 spiking 736 446 52 85 None 758 388 34 72 None 638 435 38 130 blocking 625 423 40 140 blocking 403 388 48 74 None 347 515 48 95 None 153 437 51 78 None
39660.jpg l-pass 336 435 43 96 setting 426 493 61 85 None 435 384 34 73 None 594 443 48 83 None 668 368 39 91 None 689 332 21 108 blocking 727 380 49 75 None 782 414 31 84 None 866 399 37 81 None 722 465 38 108 None 768 500 54 100 None 894 479 44 97 None
26880.jpg l-pass 943 469 45 99 None 856 408 46 87 None 804 510 36 99 None 758 439 41 83 None 721 471 47 95 None 700 536 36 98 None 664 507 27 112 None 657 493 32 109 None 577 422 67 76 None 406 433 49 84 None 392 529 38 102 None 307 441 48 78 digging
26615.jpg r_set 929 542 67 101 None 877 458 29 102 None 863 429 28 85 None 902 399 52 66 None 784 374 33 99 setting 736 452 57 100 None 585 486 33 103 None 571 462 44 95 None 573 430 40 96 None 326 518 59 110 None 327 432 39 82 None 191 465 36 106 None
33625.jpg l_set 333 494 45 101 None 431 440 48 81 None 450 543 60 97 None 489 376 73 75 None 584 405 34 125 setting 549 393 35 122 spiking 679 489 33 108 None 674 443 35 88 None 678 415 31 88 None 847 416 38 82 None 931 443 50 86 None 868 505 56 102 None
17090.jpg l-pass 404 431 38 84 digging 367 501 56 91 None 506 447 39 84 None 553 426 52 84 None 570 400 71 80 None 619 467 36 101 None 713 465 29 105 None 734 410 28 72 None 688 401 46 82 None 888 472 27 89 None 1017 451 41 97 None 949 396 41 79 None
26865.jpg r_spike 300 449 42 86 None 401 427 49 85 digging 386 529 47 104 None 614 429 42 77 None 646 442 29 111 blocking 663 458 31 135 blocking 741 487 67 107 spiking 714 463 38 94 None 734 439 40 65 None 820 503 56 95 None 832 399 43 79 None 906 462 49 92 None
39880.jpg l-pass 932 471 30 112 None 783 410 52 85 None 745 478 36 99 None 653 496 40 118 None 666 443 46 82 None 658 406 47 95 None 563 462 61 112 digging 566 499 49 110 None 478 487 50 103 None 448 489 67 77 None 445 427 38 85 None 162 434 59 100 None
40740.jpg l_winpoint 468 480 66 96 None 430 469 48 102 None 422 452 30 108 None 443 454 29 97 None 499 432 43 99 None 495 452 41 96 None 667 466 49 104 None 716 494 37 106 None 840 424 51 48 None 949 405 26 97 None 1003 507 42 113 None
30945.jpg r_winpoint 280 485 57 103 None 349 445 29 105 None 548 492 47 108 None 446 418 54 88 None 545 446 52 93 None 552 410 51 91 None 681 414 42 89 None 736 424 49 98 None 853 484 29 92 None 826 489 37 104 None 812 468 33 102 None 821 412 32 87 None
50955.jpg r_winpoint 354 439 38 95 None 383 424 32 88 None 414 474 41 94 None 507 459 44 106 None 514 393 41 82 None 581 483 41 109 None 830 415 49 91 None 906 426 28 106 None 879 394 52 93 None 883 384 38 83 None 925 384 37 86 None 923 411 26 78 None
42615.jpg l_winpoint 432 488 33 103 None 416 446 43 92 None 492 420 54 99 None 500 442 47 98 None 539 419 32 102 None 558 408 40 96 None 637 392 31 79 None 647 443 40 95 None 768 489 46 103 None 821 468 29 93 None 877 413 24 76 None 963 456 36 98 None
30330.jpg l_winpoint 1009 495 51 107 None 871 497 37 101 None 875 403 37 89 None 709 416 27 88 None 645 395 27 90 None 630 408 31 96 None 526 421 41 120 None 521 424 27 106 None 474 456 42 98 None 453 435 37 96 None 410 435 45 94 None 441 393 48 73 None
40080.jpg r_winpoint 865 417 47 95 None 831 438 53 93 None 855 396 28 82 None 791 421 48 93 None 765 373 28 87 None 691 376 58 85 None 534 401 36 91 None 499 373 48 91 None 516 358 39 83 None 439 477 32 105 None 403 473 58 102 None 402 444 41 97 None
43365.jpg l_winpoint 453 437 27 104 None 498 478 38 101 None 475 451 38 97 None 478 430 47 94 None 535 416 29 120 None 529 410 35 110 None 623 396 34 89 None 665 424 56 95 None 744 477 34 106 None 831 451 39 93 None 886 427 38 77 None 934 452 35 105 None
41535.jpg r_winpoint 1145 434 34 92 None 1107 421 43 103 None 1072 445 57 98 None 1023 442 55 97 None 1006 431 56 97 None 1034 423 71 104 None 776 373 23 92 None 764 363 29 92 None 601 457 33 99 None 541 423 36 93 None 138 515 100 48 None 107 516 52 112 None
35865.jpg l_winpoint 441 476 67 105 None 432 461 32 98 None 448 439 34 100 None 504 427 63 103 None 534 478 60 101 None 568 452 36 99 None 676 516 29 114 None 745 530 49 120 None 699 528 51 55 None 759 405 31 93 None 850 399 45 88 None 962 440 49 102 None
34980.jpg r_winpoint 362 454 37 100 None 401 478 47 108 None 466 396 35 93 None 534 473 31 105 None 649 366 43 84 None 699 375 34 91 None 792 430 46 96 None 815 481 35 113 None 858 444 38 98 None 859 422 55 91 None 912 415 41 104 None 909 407 44 98 None
34275.jpg l_winpoint 313 432 57 90 None 453 456 50 103 None 435 430 32 106 None 453 404 55 102 None 491 434 47 106 None 515 458 49 96 None 584 518 38 116 None 620 423 44 96 None 652 399 34 91 None 715 412 40 90 None 824 512 53 114 None 818 429 45 88 None
49335.jpg l_winpoint 1001 497 36 105 None 1021 420 36 96 None 938 398 37 87 None 822 416 28 88 None 716 514 51 116 None 654 498 49 125 None 523 477 44 103 None 535 466 39 104 None 474 432 49 101 None 417 438 43 106 None 361 513 46 96 None 328 455 55 101 None
37920.jpg l_winpoint 378 435 38 107 None 405 454 54 107 None 447 413 41 96 None 492 402 51 101 None 522 420 30 116 None 528 500 57 102 None 660 470 27 109 None 724 518 62 109 None 724 408 40 93 None 692 399 29 89 None 886 447 39 95 None 879 384 35 89 None
