43655.jpg l-pass 1080 404 54 128 None 945 354 58 133 None 796 365 77 141 None 782 413 47 161 None 768 381 26 144 None 775 340 35 133 None 667 333 47 131 None 656 322 82 129 None 510 391 54 124 None 379 411 84 75 None 226 413 90 161 None 194 393 54 139 None
80790.jpg r_spike 1007 442 76 129 None 843 381 42 123 None 731 345 50 140 None 744 425 56 140 None 768 451 64 165 setting 670 463 52 72 None 496 364 44 125 None 401 447 77 144 None 495 465 57 147 None 529 428 74 111 None 256 416 88 118 None 140 434 60 148 None
68380.jpg r-pass 835 427 58 165 setting 951 356 77 133 None 1088 459 65 139 None 829 399 65 119 None 763 389 40 127 None 776 485 63 136 None 686 471 49 97 None 622 482 60 145 None 541 417 96 125 None 476 395 57 119 None 459 461 71 131 None 220 413 65 128 None
43810.jpg l_set 1099 392 55 139 None 1019 373 48 137 None 1056 450 46 144 None 691 437 51 147 None 676 414 41 130 None 677 372 49 109 None 561 361 49 112 None 560 380 67 135 None 446 424 62 140 None 262 411 72 132 digging 171 418 70 149 None
80680.jpg l_set 1001 426 65 117 None 912 475 65 132 None 838 384 38 113 None 621 467 62 125 None 631 421 33 112 None 637 351 34 113 None 510 435 66 142 setting 401 360 40 79 None 414 503 47 55 None 368 445 63 107 None 260 509 82 115 None 300 410 45 123 None
77550.jpg r_spike 929 429 57 144 None 969 399 35 131 None 886 380 58 114 None 807 448 57 171 None 725 379 53 135 None 784 278 64 151 spiking 640 284 19 203 blocking 641 280 43 194 blocking 478 434 84 143 None 221 438 74 145 digging 290 367 75 102 None 72 401 57 131 None
43855.jpg l-spike 1102 406 65 126 None 979 361 58 129 digging 1016 482 67 141 digging 714 383 84 120 None 615 350 28 210 blocking 498 376 82 116 None 471 409 75 120 None 424 416 47 139 None 299 357 69 207 spiking 246 431 56 139 digging 237 401 60 135 None
77450.jpg r_spike 1058 396 39 124 None 989 421 65 143 None 896 368 56 112 None 777 427 50 129 None 754 386 54 116 None 732 309 58 143 spiking 668 293 52 143 blocking 501 423 92 109 None 383 367 48 94 None 256 452 65 128 digging 120 401 45 122 None
77585.jpg r-pass 146 385 56 135 None 302 421 52 143 None 335 362 43 105 None 569 411 54 148 None 609 355 54 120 None 632 338 41 124 None 768 344 54 146 digging 857 451 50 152 None 1013 384 73 126 None 889 366 39 135 None 885 312 65 154 None
22480.jpg r-pass 926 420 60 60 None 988 410 99 96 None 925 429 58 130 None 652 368 69 127 None 641 450 89 147 None 590 431 66 154 None 499 357 46 122 None 471 382 51 133 None 336 378 37 123 None 323 437 127 170 None 262 424 65 141 None 179 372 51 127 None
76710.jpg l-pass 260 481 119 106 None 433 405 69 113 None 564 354 55 130 None 532 444 75 158 None 767 454 41 127 None 694 481 68 164 None 1068 338 54 144 None 1082 468 63 153 None 875 381 40 134 None 849 407 43 147 None 865 448 44 168 None
77355.jpg r-pass 902 441 61 134 None 890 363 65 125 setting 720 361 69 97 None 570 342 63 125 None 491 449 30 141 None 512 444 51 123 None 212 407 61 119 None 212 449 41 117 None 334 432 58 134 None 426 437 51 150 None 426 387 51 120 None 405 359 40 110 None
76565.jpg r_set 47 447 85 154 None 39 401 65 134 None 248 385 57 102 None 634 348 55 153 setting 696 375 82 137 None 914 384 69 125 None 1001 378 108 158 None 1138 442 96 141 None 970 513 102 158 None 483 444 57 134 blocking 508 389 41 139 blocking 514 361 40 144 blocking
22150.jpg r_set 612 348 55 151 setting 808 356 71 119 None 911 340 60 110 None 1007 385 97 119 None 952 454 111 141 None 556 350 46 117 None 536 386 52 139 None 528 412 55 168 None 313 363 44 110 None 296 424 52 133 None 191 401 52 120 None 1008 427 82 120 None
71220.jpg r-pass 881 424 64 86 digging 938 495 43 133 None 722 390 85 112 digging 654 399 65 96 None 547 400 41 105 blocking 542 457 40 97 None 466 444 62 110 None 453 475 86 162 None 413 365 58 117 None 361 484 62 116 None 311 430 56 119 None 171 433 50 108 None
24945.jpg r_set 611 351 34 133 setting 884 392 38 105 None 641 423 46 120 None 976 419 46 99 None 1012 445 85 139 None 973 499 106 156 None 541 391 40 136 None 520 447 49 168 None 283 387 44 108 None 301 445 49 136 None 153 440 46 142 None
71155.jpg l-pass 193 445 32 99 None 281 476 48 103 None 344 447 50 69 digging 378 415 41 82 None 420 469 47 101 None 584 454 47 99 None 667 464 28 107 None 657 426 33 105 None 697 433 26 97 None 802 407 35 99 None 871 480 39 90 None 1066 481 58 99 None
29860.jpg r_spike 782 270 35 152 spiking 771 363 57 135 None 860 361 46 116 None 930 344 45 112 None 911 396 79 112 None 848 440 52 133 None 668 265 41 170 blocking 568 400 50 112 None 401 422 72 157 None 324 355 41 102 None 158 433 70 128 None
68425.jpg r_set 880 515 105 158 None 986 350 76 127 None 957 412 40 136 None 888 430 42 137 None 735 362 48 163 setting 648 414 56 150 None 162 402 62 130 None 308 389 45 102 None 211 458 79 132 None 547 461 45 138 None 557 425 36 151 None 553 386 38 127 None
22420.jpg l_set 1015 457 58 117 None 904 351 44 120 None 689 413 49 148 None 695 359 28 137 None 681 325 36 123 None 589 364 51 134 None 421 347 44 124 None 404 325 47 89 None 365 320 58 141 setting 196 449 96 168 None 121 377 82 124 None
80715.jpg l-spike 401 286 63 163 spiking 488 294 35 172 blocking 483 296 69 177 blocking 774 385 59 96 digging 914 412 53 119 None 812 474 55 126 None 620 487 123 116 None 400 426 68 122 None 360 453 72 134 None 355 480 71 136 None 282 426 74 129 None 204 409 51 131 None
43755.jpg l-pass 459 429 70 114 digging 688 406 86 103 None 555 340 55 228 blocking 428 389 69 80 None 407 434 57 150 None 288 384 44 125 None 238 446 52 133 None 272 458 98 161 None 984 393 86 107 digging 1032 489 73 135 digging 1120 426 66 133 digging
25070.jpg r_set 1002 523 115 184 None 1057 420 107 126 None 1065 395 58 115 None 905 365 78 129 None 715 396 54 129 None 632 308 49 176 setting 521 440 52 190 None 171 398 60 125 None 276 430 60 139 None 332 363 60 123 None 560 360 29 166 blocking
22375.jpg l-pass 253 393 60 114 None 310 400 66 133 None 388 431 94 136 None 378 363 34 102 None 452 370 60 120 digging 487 351 46 102 None 886 428 69 120 None 766 356 54 89 None 663 404 97 131 None 594 337 40 105 None 557 307 32 136 blocking 979 387 53 113 None
29740.jpg l-spike 188 404 35 123 None 225 437 54 151 None 282 390 51 113 None 353 317 35 120 spiking 387 385 43 121 None 432 412 48 111 None 530 322 32 165 blocking 790 374 54 114 None 837 464 72 113 digging 966 413 64 117 None 535 319 42 145 blocking
43745.jpg l-spike 255 398 80 191 spiking 278 444 81 143 None 349 378 48 137 None 454 371 79 111 None 396 417 67 149 None 512 427 75 121 None 629 345 42 246 blocking 751 380 72 127 None 1184 426 68 145 None 1024 357 47 134 None 1090 489 68 144 None
71190.jpg l_set 1062 448 70 117 None 966 496 45 116 None 841 389 70 105 None 679 455 59 154 blocking 683 426 44 95 blocking 697 400 30 103 None 623 395 44 143 setting 428 481 76 113 None 386 375 52 86 None 256 471 54 142 None 233 437 86 95 None 213 424 60 87 None
43565.jpg r-pass 1037 492 60 112 None 784 510 75 130 None 752 412 47 93 None 638 432 43 134 None 674 404 75 149 None 798 439 68 102 digging 524 478 65 138 None 413 421 47 116 None 335 465 72 163 None 215 454 56 135 None 588 432 33 134 None 578 409 36 114 None
29655.jpg l-pass 25 477 44 139 None 204 467 44 91 None 335 408 34 84 None 258 466 56 76 digging 440 429 56 88 None 559 436 28 102 None 633 452 30 100 None 748 440 35 109 None 860 459 49 88 None 613 416 28 128 None 627 413 25 90 None 1116 468 58 109 None
43630.jpg r_spike 739 261 57 170 spiking 982 411 61 130 None 793 390 79 97 None 756 449 77 159 None 700 387 63 158 None 636 261 51 192 blocking 499 415 63 136 None 279 429 86 162 None 263 351 49 106 None 116 415 68 144 None
71325.jpg r_spike 117 434 39 109 None 138 484 86 101 None 287 414 50 101 None 482 441 60 133 None 481 400 60 97 None 563 421 33 94 None 792 348 48 152 setting 650 393 33 101 None 649 453 67 126 None 634 449 50 109 None 758 444 58 128 None 1057 508 37 133 None
76605.jpg r-pass 805 435 118 163 digging 1050 526 126 84 None 991 367 62 163 None 886 372 67 118 None 830 383 79 129 None 758 333 80 129 None 523 447 92 148 None 636 354 56 139 None 651 340 47 139 None 366 352 45 116 None 304 440 67 148 None 199 385 54 146 None
76650.jpg r_set 58 385 35 153 None 264 452 85 141 None 277 370 68 110 None 557 436 57 130 None 562 395 54 134 None 586 356 43 105 None 650 353 49 145 None 767 335 69 162 setting 1013 334 105 137 None 936 390 44 123 None 1019 457 83 150 None 934 461 91 164 None
68360.jpg r_spike 137 415 70 123 None 370 381 72 114 None 513 388 69 100 None 613 392 58 174 blocking 599 361 70 163 blocking 687 364 44 118 None 732 381 70 200 spiking 772 383 55 121 None 799 421 53 140 None 884 322 53 137 None 1031 400 44 128 None 291 473 76 128 None
24975.jpg r_spike 1040 404 76 115 None 892 441 52 142 None 862 393 76 128 None 762 383 75 177 spiking 771 324 70 120 None 722 392 50 137 None 644 356 65 225 blocking 598 398 51 124 None 647 361 46 169 blocking 404 366 48 107 None 261 456 67 145 None 152 428 70 124 digging
77340.jpg l-spike 935 475 62 124 None 910 410 88 88 None 752 377 79 101 None 593 354 62 120 None 527 383 45 171 blocking 530 373 43 144 blocking 474 386 45 116 None 406 399 67 158 spiking 376 455 60 122 digging 414 348 43 112 None 232 459 65 116 None 250 402 52 116 None
76535.jpg r-pass 130 395 60 134 None 289 391 38 103 None 493 429 41 138 None 510 399 29 135 None 518 379 35 128 None 593 376 40 116 None 813 409 60 130 None 998 406 41 83 None 980 454 70 76 digging 991 461 45 141 None 1129 370 48 142 None
43700.jpg l_set 1216 391 62 139 None 1114 449 54 154 None 998 341 42 135 None 746 400 34 150 None 749 381 39 152 None 735 347 56 133 None 601 355 56 142 None 474 351 31 133 digging 418 349 62 113 None 458 317 48 98 None 113 404 84 141 None 1 432 82 183 None
71355.jpg l-pass 391 483 75 92 None 611 447 55 139 None 703 385 35 154 None 688 440 49 130 None 403 371 69 114 None 476 426 65 110 None 827 382 44 133 None 988 477 44 123 None 938 424 44 133 None 184 419 41 131 None
43870.jpg r-pass 911 420 72 72 None 989 420 80 105 None 630 394 92 100 None 910 473 58 144 None 528 407 55 175 None 448 369 49 122 None 405 403 79 123 None 357 412 34 134 None 295 434 87 141 None 221 394 37 131 None 224 433 63 141 None
76585.jpg r_spike 1141 432 49 156 None 896 387 82 159 digging 814 474 77 179 None 850 383 46 119 None 789 392 72 134 None 679 329 74 119 spiking 586 304 69 178 blocking 580 292 49 165 blocking 480 441 82 142 None 278 371 60 99 digging 216 462 79 137 None 130 413 48 123 None
22460.jpg l-spike 197 352 50 100 None 288 416 62 138 None 317 377 110 200 spiking 402 340 53 124 None 452 402 51 137 None 567 349 60 175 blocking 586 397 50 144 blocking 687 361 50 124 None 911 353 69 110 digging 977 463 81 138 None 1105 392 64 128 None 350 386 28 135 None
22180.jpg r_spike 979 410 67 128 None 905 338 60 133 None 844 300 73 152 spiking 773 449 73 163 None 777 411 84 165 None 736 292 54 118 None 649 304 52 173 blocking 662 301 37 158 blocking 537 399 79 167 None 282 341 67 105 None 225 392 65 124 None 207 414 86 135 None
22265.jpg l-spike 444 231 45 162 spiking 465 350 60 139 None 879 396 76 139 None 1066 345 64 127 None 839 310 37 121 None 698 392 88 135 None 557 237 60 172 blocking 354 337 37 101 None 373 357 52 129 None 356 421 84 180 None 207 340 66 121 None
80750.jpg r-pass 1007 416 69 133 None 809 463 41 117 None 696 421 97 79 None 671 500 97 53 None 576 415 57 89 digging 606 351 63 119 None 466 454 47 145 None 484 402 38 135 None 467 379 49 122 None 291 446 60 148 None 320 395 41 125 None 157 403 60 138 None
77405.jpg r_set 804 317 64 107 None 999 365 53 131 None 920 427 65 142 None 778 495 73 170 None 816 380 63 169 setting 549 402 45 149 None 461 347 50 97 None 462 390 53 120 None 451 428 41 154 None 206 372 37 112 None 178 431 67 157 None
22200.jpg l-pass 183 373 60 141 None 304 394 92 141 None 333 352 52 84 None 519 320 97 214 setting 678 357 56 135 None 764 317 39 126 None 767 358 60 129 None 765 423 58 175 None 904 423 73 158 None 956 331 67 139 None 988 386 45 124 None
22235.jpg l_set 462 316 54 176 setting 476 298 52 103 None 614 357 39 152 None 751 335 56 133 None 686 348 43 143 None 679 392 71 137 None 354 331 39 146 None 339 417 75 148 None 129 359 65 131 None 857 319 69 135 None 1148 350 45 143 None 1023 417 69 148 None
80650.jpg l-pass 368 442 55 87 digging 328 423 48 108 None 508 376 49 91 None 480 453 91 123 None 446 430 43 102 None 397 481 91 125 None 667 421 43 112 None 774 365 43 102 None 749 402 48 108 None 792 485 58 139 None 911 396 41 98 None 901 437 43 107 None
76580.jpg r_spike 91 402 48 133 None 172 450 64 118 digging 238 372 62 107 digging 483 448 74 146 None 559 296 39 212 blocking 667 302 68 134 spiking 728 394 88 131 None 925 390 69 151 None 844 495 95 169 None 847 382 78 127 None 1118 438 101 160 None
43765.jpg l-pass 406 393 85 83 None 426 412 69 128 None 375 434 55 153 None 533 440 49 150 None 643 410 91 97 None 244 403 51 108 None 204 436 57 148 None 220 448 63 181 None 961 428 94 79 None 1077 399 89 144 None 1005 476 54 144 None 564 447 48 134 None
22355.jpg l-spike 1062 379 50 120 None 953 439 67 123 None 832 335 60 112 None 718 405 56 134 None 614 293 42 166 blocking 608 261 31 169 blocking 496 362 75 128 None 482 267 49 134 spiking 435 415 62 181 None 391 420 54 137 None 412 350 40 113 None 321 373 52 132 None
71450.jpg r_spike 906 358 77 127 None 797 459 60 145 None 823 424 52 117 None 688 409 44 136 None 709 391 41 96 None 553 342 55 120 spiking 428 460 41 148 None 407 432 61 119 None 446 347 27 164 blocking 251 466 51 99 None 136 461 68 141 None 45 421 58 120 None
71210.jpg l-spike 967 513 59 122 None 966 428 42 104 None 786 385 60 118 None 624 398 87 97 None 608 392 30 142 blocking 599 407 45 165 blocking 534 430 49 125 None 454 414 97 163 spiking 431 353 52 115 None 344 428 57 112 None 343 472 59 126 None 217 421 45 105 None
68260.jpg l-pass 268 452 49 79 None 317 463 74 112 digging 374 383 46 101 None 577 437 82 150 None 648 354 46 156 blocking 665 339 24 159 blocking 721 373 38 128 None 790 478 107 153 None 790 479 101 156 None 800 395 46 139 None 905 405 63 134 None 913 391 43 117 None
43520.jpg r-pass 983 498 48 107 digging 942 494 48 112 digging 869 438 37 96 None 791 443 53 107 None 711 415 48 96 None 626 440 48 107 None 548 447 32 118 None 536 435 26 107 None 487 468 37 107 None 344 437 26 91 None 228 457 43 107 None 92 479 69 139 None
68330.jpg r_set 187 422 57 110 None 281 455 50 123 None 313 384 36 103 None 515 447 46 120 None 544 419 35 120 None 544 374 40 118 None 653 341 38 145 setting 695 380 33 107 None 828 518 81 143 None 961 420 94 111 None 1006 394 50 104 None 920 341 69 117 None
77475.jpg r_set 753 376 66 145 setting 806 329 75 147 None 1075 392 52 125 None 909 371 80 120 None 921 385 68 136 None 800 426 83 128 None 692 339 29 123 None 663 355 35 117 None 619 406 55 139 None 425 380 52 103 None 331 429 57 141 None 174 385 51 141 None
77625.jpg r_set 1 373 49 148 None 282 371 47 117 None 219 442 88 160 None 527 429 45 174 None 539 394 29 141 None 548 335 58 147 None 626 350 54 139 None 770 320 50 184 setting 977 512 119 166 None 872 297 88 141 None 952 352 54 127 None 949 396 58 148 None
22515.jpg r_set 102 438 100 144 None 165 399 51 146 None 314 365 49 112 None 520 426 53 142 None 546 396 35 118 None 561 383 28 132 None 710 343 51 163 setting 784 393 65 137 None 920 510 100 165 None 943 426 42 128 None 1034 393 88 123 None 938 376 75 116 None
24910.jpg r-pass 1144 462 51 127 None 965 482 55 117 digging 981 446 34 110 None 934 427 37 96 None 775 477 72 128 None 616 419 49 110 None 519 440 43 131 None 542 435 52 127 None 543 418 37 119 None 360 474 37 125 None 340 429 38 94 None 139 462 41 103 None
68235.jpg r_set 79 430 62 127 None 240 464 56 137 None 281 413 37 101 None 497 468 45 133 None 527 405 47 158 None 517 397 31 86 None 608 367 58 160 setting 886 498 68 152 None 965 441 103 117 None 679 407 72 127 None 864 404 72 115 None 952 345 74 125 None
24995.jpg l-pass 1131 415 47 131 None 891 422 43 152 None 911 386 52 131 None 920 322 43 124 None 750 435 41 161 None 765 385 41 143 None 689 426 41 156 None 631 450 60 154 None 592 421 80 107 None 533 372 124 84 None 276 458 80 141 None 202 403 71 129 None
77445.jpg r_spike 1032 386 37 131 None 976 435 52 139 None 915 366 35 114 None 781 429 47 133 None 735 384 56 120 None 738 279 45 146 spiking 633 286 39 158 blocking 486 412 67 118 None 340 359 65 97 digging 233 439 65 143 digging 77 397 50 124 None
22120.jpg r-pass 1135 390 35 116 None 1037 439 50 105 digging 959 447 84 114 digging 965 363 43 105 None 838 364 58 101 None 661 383 47 114 None 574 388 39 146 None 586 376 48 129 None 548 377 33 107 None 366 373 33 103 None 274 385 41 114 None 209 429 64 120 None
76780.jpg l-spike 937 413 70 107 None 679 331 62 131 None 602 448 99 127 None 497 279 39 188 blocking 495 279 43 156 blocking 348 279 90 125 spiking 406 396 47 143 None 297 388 82 137 None 313 463 74 141 None 209 373 39 131 None 239 372 64 109 None 824 460 49 145 None
71425.jpg l-pass 987 439 55 128 None 940 413 55 102 None 936 355 51 123 None 785 459 70 123 None 739 423 70 121 None 717 378 55 107 None 519 450 51 150 None 483 379 42 122 None 357 467 83 137 None 344 517 47 60 None 231 409 52 120 digging
77280.jpg l-pass 1184 420 45 131 None 1068 375 52 111 None 1015 457 47 127 None 763 427 43 133 None 720 410 52 135 None 749 377 33 137 None 582 450 60 137 None 504 367 56 105 None 434 396 62 115 None 295 383 62 113 None 286 496 82 105 digging 253 467 54 103 digging
77310.jpg l_set 585 378 64 180 setting 486 393 79 120 None 413 352 61 91 None 206 491 112 156 None 230 413 50 116 None 187 452 79 116 None 677 350 53 128 None 673 414 50 134 None 671 449 68 144 None 916 378 46 119 None 1048 432 64 98 None 1008 471 56 137 None
29820.jpg r_set 839 343 45 135 digging 876 363 45 120 digging 926 325 54 111 None 917 421 52 160 None 890 509 65 171 None 717 427 96 148 None 577 355 60 167 None 563 429 48 146 None 265 352 33 107 None 261 436 65 176 None 122 417 54 141 None
71275.jpg r-pass 988 484 58 162 digging 697 356 41 103 None 551 500 53 139 None 501 410 51 107 None 480 443 46 136 None 702 438 55 57 None 355 394 35 115 None 342 436 37 121 None 304 447 44 134 None 110 415 36 107 None 30 438 42 123 None 1 476 31 132 None
77515.jpg r_set 922 489 95 140 None 895 411 42 140 None 944 374 65 133 None 863 317 63 123 None 754 351 62 161 setting 587 369 56 144 None 498 447 42 167 None 530 380 51 154 blocking 537 345 46 132 None 269 371 44 111 None 224 443 65 163 None 0 382 42 149 None
22285.jpg l-pass 991 363 50 126 None 826 410 84 118 None 733 361 92 94 None 686 395 84 109 None 545 323 71 118 None 540 280 37 146 None 399 412 73 160 None 447 362 60 131 None 456 331 41 116 None 351 351 58 112 digging 333 387 43 126 None 173 368 58 107 None
76750.jpg l_set 511 331 59 150 setting 495 424 87 144 None 662 344 60 182 None 646 408 68 171 None 879 334 61 131 None 1017 469 60 131 None 324 326 45 95 None 322 377 41 129 None 222 399 56 145 None 1131 386 71 139 None
25085.jpg l-pass 197 412 59 118 None 311 455 110 103 None 380 421 57 72 None 532 449 95 148 None 599 357 43 162 None 700 330 86 145 None 675 345 70 156 None 845 351 70 116 None 931 489 67 182 None 976 406 92 138 None 1079 395 75 124 None 618 363 32 137 None
25040.jpg r-pass 159 394 54 125 None 256 420 48 161 None 432 405 71 144 None 458 339 35 125 None 504 425 58 185 None 531 358 40 139 None 640 339 54 139 None 760 382 71 145 None 861 332 41 137 setting 998 406 63 161 None 957 393 49 131 None 859 453 99 175 None
22325.jpg l_set 1040 456 79 139 None 866 354 85 124 None 683 399 49 153 None 690 369 38 107 None 688 323 35 125 None 606 346 50 137 None 519 340 55 169 setting 426 349 42 130 None 394 324 60 85 None 284 434 128 167 None 143 383 111 113 None 1210 386 60 147 None
71375.jpg l-pass 417 457 89 83 digging 391 517 51 82 None 701 382 34 114 None 679 440 58 123 None 871 368 68 130 None 591 466 44 134 None 352 361 51 97 None 152 437 60 111 None 1012 414 61 137 None 975 465 44 133 None 373 497 38 70 None
29775.jpg r-pass 692 400 68 114 digging 852 415 68 124 None 784 444 107 114 None 605 362 51 102 None 643 368 49 109 None 547 409 40 114 None 471 395 43 140 None 439 366 37 120 None 380 413 35 134 None 144 382 63 123 None 214 399 47 137 None 247 423 74 162 None
68245.jpg r_spike 924 340 84 126 None 901 440 75 122 None 858 404 71 122 None 829 505 111 144 None 650 421 65 126 None 685 341 60 139 spiking 537 486 50 107 None 574 401 37 150 blocking 560 334 41 167 blocking 264 467 75 131 None 316 397 47 88 None 153 429 48 122 None
22550.jpg r_spike 911 392 55 146 None 864 439 70 126 None 813 384 79 133 None 817 356 62 118 None 699 367 79 175 spiking 697 318 67 119 None 533 357 44 116 None 361 337 42 107 None 303 436 60 137 None 76 401 74 132 None 574 335 74 226 blocking 585 333 49 182 blocking
43600.jpg r_set 1009 459 50 141 None 820 365 90 114 None 772 428 59 75 None 714 360 44 185 setting 649 435 59 153 None 538 458 76 163 None 578 415 37 145 None 578 378 47 96 None 316 379 45 120 None 287 456 68 172 None 130 430 63 137 None 851 526 102 171 digging
31665.jpg r_winpoint 1032 365 74 152 None 938 394 73 184 None 899 339 76 164 None 797 315 59 153 None 744 359 100 147 None 767 429 70 175 None 642 349 77 167 None 586 312 57 140 None 547 411 62 184 None 300 405 81 204 None 236 402 51 145 None 192 410 110 115 None
32835.jpg r_winpoint 733 376 40 146 None 1125 414 58 169 None 989 419 74 163 None 1036 398 61 166 None 1165 355 54 147 None 1215 357 62 141 None 168 483 107 115 None 515 422 65 198 None 565 356 85 132 None 802 467 56 177 None 849 440 63 137 None
51330.jpg r_winpoint 290 428 66 68 None 575 408 67 140 None 402 384 60 161 None 402 345 74 108 None 726 354 52 131 None 733 317 52 112 None 1142 420 78 150 None 1037 383 57 141 None 1080 342 49 154 None 857 411 62 140 None 895 362 71 129 None 890 331 36 92 None
34065.jpg r_winpoint 204 357 31 121 None 249 397 77 157 None 337 390 44 118 None 411 399 46 133 None 442 341 51 116 None 592 367 38 119 None 650 371 69 112 None 720 416 42 142 None 818 372 57 115 None 793 424 105 121 None 899 393 78 130 None
43035.jpg l_winpoint 944 392 62 156 None 834 356 51 153 None 698 435 65 167 None 603 417 58 161 None 625 499 82 62 None 623 375 42 140 None 428 409 58 157 None 395 397 65 152 None 343 427 64 178 None 305 383 97 144 None 263 434 79 158 None 118 414 77 142 None
43890.jpg l_winpoint 1012 384 45 136 None 921 440 62 61 None 898 473 46 137 None 614 380 62 114 None 542 445 50 154 None 517 432 39 140 None 377 396 76 147 None 382 351 46 148 None 323 419 70 131 None 198 431 58 158 None 214 391 42 124 None 163 428 59 131 None
38220.jpg l_winpoint 824 513 114 87 None 863 369 44 150 None 766 351 60 139 None 509 348 59 140 None 474 448 46 165 None 441 477 51 186 None 211 427 83 160 None 102 428 93 168 None 147 416 57 155 None 61 397 69 158 None 266 355 47 170 None 253 412 59 163 None
33510.jpg r_winpoint 117 398 79 227 None 113 430 184 108 None 244 390 127 57 None 505 330 62 152 None 643 432 63 195 None 787 409 64 195 None 917 352 83 175 None 1007 355 86 156 None 959 489 102 202 None 1151 398 97 182 None
40845.jpg l_winpoint 1005 454 45 147 None 978 373 52 139 None 850 359 60 140 None 668 359 42 133 None 611 467 70 177 None 590 431 62 160 None 447 407 79 170 None 432 354 82 148 None 380 410 52 149 None 323 389 52 137 None 248 434 74 152 None
42195.jpg r_winpoint 1223 409 55 130 None 1082 412 123 148 None 981 362 95 139 None 955 404 64 151 None 909 372 70 147 None 908 368 75 143 None 741 367 62 146 None 703 377 58 148 None 660 388 68 185 None 361 370 52 139 None 310 386 62 141 None 317 445 45 152 None
36525.jpg l_winpoint 1050 358 49 156 None 1011 471 59 124 digging 893 336 64 134 None 657 360 52 145 None 566 438 69 180 None 561 415 95 158 None 377 382 64 153 None 371 370 73 139 None 294 409 46 152 None 238 411 64 158 None 196 412 87 189 None 164 383 94 151 None
37140.jpg l_winpoint 1024 436 42 186 None 1067 387 120 164 None 1021 341 54 145 None 1016 318 60 133 None 1164 353 58 149 None 1219 435 59 157 None 749 334 55 139 None 627 332 102 142 None 547 392 74 187 None 341 357 82 192 None 466 384 69 189 None 456 362 41 165 None
