2850.jpg l-pass 1034 340 39 114 None 942 318 48 112 None 861 290 23 105 None 716 341 37 102 None 692 321 32 109 None 683 297 35 102 None 625 356 58 109 None 370 409 60 128 None 409 351 28 121 None 339 351 37 123 None 359 341 56 83 digging 361 272 39 91 None
4450.jpg l-pass 948 363 35 116 None 858 302 50 102 None 790 290 31 98 None 735 274 42 96 None 673 367 42 115 None 604 267 51 92 None 554 239 54 90 None 368 293 35 100 None 239 326 54 110 None 671 332 30 84 None 555 380 106 87 None 399 369 47 103 None
5100.jpg r-pass 1037 378 33 111 None 986 379 82 50 None 1002 304 39 84 None 920 262 29 90 None 865 355 45 113 None 674 320 58 94 None 612 360 37 115 None 623 319 33 107 None 594 313 25 101 None 415 396 56 103 None 359 333 52 111 None 286 313 64 111 None
30955.jpg l-pass 1042 324 54 114 None 963 342 39 100 None 886 309 48 94 None 836 372 45 99 None 768 306 34 99 None 764 291 34 98 None 524 400 56 110 None 436 310 36 114 digging 454 303 33 67 None 246 374 82 64 None 671 285 67 87 None 693 265 35 81 None
4385.jpg r_set 966 349 57 106 None 887 426 75 116 None 895 303 48 93 None 829 268 88 88 None 759 329 48 107 None 751 277 37 128 setting 587 369 43 120 None 588 308 42 116 blocking 576 304 36 100 None 330 399 47 93 None 322 299 46 93 None 245 351 50 104 None
30855.jpg r-pass 864 396 72 107 None 914 345 55 95 None 893 319 56 76 digging 809 265 37 81 None 777 300 51 84 None 644 308 28 95 None 574 330 39 102 None 558 310 28 98 None 483 358 53 98 None 385 319 42 77 None 362 389 44 98 None 218 361 46 114 None
15700.jpg r_spike 961 323 56 111 None 865 366 56 114 None 789 354 93 132 None 818 251 35 98 None 777 302 62 107 None 741 336 67 118 None 656 299 46 186 blocking 606 295 46 109 None 405 279 60 88 None 224 406 91 107 None 78 323 70 107 None
22085.jpg r-pass 1030 396 43 97 None 994 358 72 65 digging 858 399 53 105 None 723 377 33 105 None 583 361 35 99 None 640 325 45 114 None 619 335 27 96 None 452 335 30 96 None 395 320 30 97 None 264 398 63 110 None 1010 338 36 85 None
6205.jpg l-spike 962 328 54 94 None 911 394 62 109 None 804 280 41 94 None 620 287 75 82 None 580 331 26 146 blocking 583 316 26 143 blocking 492 369 39 96 None 431 353 56 135 spiking 390 357 45 107 None 460 289 41 84 None 483 258 39 84 None 249 309 54 97 None
15320.jpg r_set 991 334 45 105 None 848 309 32 107 None 829 254 53 81 None 730 326 54 135 None 897 448 80 125 None 743 269 42 132 setting 624 383 55 122 None 640 338 35 121 None 622 288 47 107 None 435 282 54 84 None 357 376 45 102 None 338 328 55 119 None
4340.jpg r-pass 1019 394 43 94 None 1027 348 34 52 None 971 353 60 60 None 898 265 43 91 None 839 371 51 119 None 675 323 46 99 None 590 361 43 125 None 588 314 32 102 None 553 315 34 100 None 390 364 37 116 None 355 338 44 113 None 247 329 41 113 None
3190.jpg l-pass 854 354 43 118 None 685 410 62 111 None 740 281 43 104 None 707 250 37 102 None 655 317 37 104 None 674 291 39 99 None 574 383 79 113 None 611 301 40 118 None 584 295 48 89 None 406 296 59 88 None 326 403 79 82 None 288 347 48 87 None
15825.jpg l-spike 1052 391 70 121 None 1103 297 69 109 None 916 264 63 95 None 696 336 42 151 blocking 714 314 44 102 None 554 317 63 105 None 494 350 77 123 spiking 427 352 58 114 None 391 319 41 116 None 192 348 65 100 None 541 237 44 104 None
15275.jpg r-pass 827 313 40 94 None 758 340 70 97 digging 725 412 73 106 None 651 361 47 105 None 670 321 45 109 None 756 274 47 96 None 572 369 52 125 None 613 339 26 122 None 587 298 28 99 None 415 303 36 99 None 329 377 51 100 None 327 338 32 108 None
2895.jpg l-spike 919 320 46 97 None 877 367 39 112 None 850 275 44 88 None 623 382 44 106 None 615 263 30 165 blocking 617 282 30 87 None 505 247 47 116 spiking 456 413 61 117 None 451 340 44 107 None 382 311 54 100 None 455 252 34 84 None 225 328 43 100 None
29160.jpg l-spike 1055 319 35 95 None 945 391 55 118 None 889 315 51 81 None 681 359 39 112 None 682 245 30 144 blocking 563 313 81 95 None 584 221 62 121 spiking 489 264 70 86 None 390 334 74 98 None 348 351 35 107 None 263 415 70 140 None
5210.jpg r_set 900 388 51 107 None 807 350 56 107 None 762 265 81 74 None 772 460 74 118 None 696 344 37 100 None 707 285 44 119 setting 567 375 56 121 None 573 321 58 91 None 561 287 35 98 None 346 406 72 93 None 324 289 62 95 None 232 348 46 107 None
22170.jpg r_spike 852 377 55 103 None 788 480 51 119 None 853 341 34 98 None 826 301 59 83 None 736 361 79 84 spiking 685 350 45 99 None 636 314 48 158 blocking 405 296 49 79 None 219 342 51 90 None 250 394 64 104 None
15485.jpg r_set 963 353 39 121 None 871 434 103 133 None 822 335 58 125 None 756 258 56 76 None 693 241 45 135 setting 673 255 35 115 None 575 384 58 129 None 583 321 45 115 None 568 271 60 111 None 333 280 39 103 None 283 368 45 119 None 181 303 43 127 None
15390.jpg l-pass 1079 355 52 124 None 965 265 37 116 None 870 267 50 105 None 822 390 50 141 None 779 292 39 120 None 794 254 33 107 None 661 238 37 107 None 654 234 56 101 None 520 256 60 92 None 473 389 88 135 None 417 301 45 129 setting 252 349 62 129 None
22245.jpg l_set 929 384 35 103 None 923 348 44 74 None 826 313 55 85 None 701 311 32 84 None 669 338 38 96 None 677 364 34 108 None 591 310 34 128 setting 553 332 40 96 None 497 284 53 77 None 351 321 68 94 None 321 428 51 120 None 265 327 48 92 None
11440.jpg l-spike 897 352 42 103 None 910 304 45 98 None 820 281 64 90 None 587 352 47 103 None 563 329 52 107 None 554 292 36 121 None 495 326 41 101 None 460 301 41 105 None 472 263 37 107 None 337 284 81 107 None 290 367 46 124 None 286 266 49 125 spiking
30260.jpg r-pass 931 324 54 95 None 743 368 69 65 None 807 294 84 72 None 573 367 35 103 None 581 351 43 116 None 591 331 38 123 None 511 333 37 115 None 500 313 34 116 None 417 268 44 104 None 371 364 42 107 None 301 334 41 108 None 136 337 45 118 None
30240.jpg l-spike 1008 334 52 96 None 916 366 39 109 None 904 297 52 74 None 626 289 37 156 blocking 527 288 37 160 spiking 530 309 45 113 None 458 385 60 86 None 348 359 39 109 None 174 342 68 111 None 373 242 52 99 None
11505.jpg r_set 865 464 90 115 None 949 354 45 114 None 916 319 50 98 None 873 254 83 79 None 785 241 39 129 setting 703 316 46 121 None 535 367 44 113 None 551 321 30 110 None 534 290 57 106 None 287 371 65 125 digging 307 263 56 112 None 232 327 71 113 None
15430.jpg l-spike 995 366 44 123 None 944 286 42 109 None 892 243 39 111 None 790 376 91 121 None 657 177 39 165 blocking 565 368 62 116 None 576 278 44 126 None 539 177 37 142 spiking 439 282 56 100 None 358 328 42 119 None 192 334 65 123 None
15355.jpg r_spike 1101 320 32 121 None 968 308 39 121 None 871 286 30 100 None 852 405 55 140 None 781 322 44 111 None 768 198 71 127 spiking 723 216 23 145 None 720 195 44 133 blocking 530 387 85 117 None 374 366 58 110 None 415 268 55 86 None 287 358 67 107 None
31030.jpg l-spike 962 324 40 92 None 831 302 34 77 digging 813 392 43 102 None 622 381 60 88 None 557 249 35 139 blocking 465 333 61 103 None 446 235 58 105 spiking 380 333 41 102 None 430 431 58 120 None 261 352 34 113 None 245 338 37 71 None
3100.jpg l-spike 422 352 42 105 None 563 365 47 113 None 603 302 35 112 None 455 282 42 105 None 556 208 32 113 setting 761 276 27 95 None 815 260 45 81 None 776 312 52 102 None 802 358 60 106 None 942 362 52 109 None 947 333 52 97 None 208 255 30 73 None
30335.jpg r_spike 991 339 46 110 None 850 317 40 113 None 766 230 68 91 spiking 778 343 48 108 None 735 409 43 133 None 709 354 46 117 None 647 220 38 153 blocking 582 353 51 122 None 335 285 52 83 None 210 347 51 102 None 320 420 66 88 None
5315.jpg r_set 835 430 47 125 None 907 371 72 99 None 869 286 27 126 setting 817 263 60 72 None 642 353 60 94 None 629 318 32 110 None 536 393 47 110 None 530 337 30 107 None 536 321 37 90 None 263 378 38 111 None 299 281 42 95 None 139 325 67 107 None
6175.jpg l_set 240 330 70 99 None 291 286 37 95 None 430 291 35 123 setting 392 266 58 66 None 554 315 50 118 None 650 372 30 110 None 646 325 35 103 None 629 285 35 99 digging 824 290 33 103 None 926 395 46 111 None 932 326 50 102 None 286 440 108 98 None
30895.jpg r_set 869 430 61 97 None 872 359 45 94 None 881 303 32 94 None 817 271 67 76 None 753 273 35 122 setting 711 348 52 110 None 569 393 37 114 None 576 335 38 80 None 578 305 40 97 None 357 404 42 97 None 370 307 40 80 None 250 345 35 97 None
11270.jpg r-pass 196 346 42 126 None 448 358 41 119 None 575 302 25 119 None 592 315 58 128 None 602 358 39 118 None 692 294 55 98 None 804 370 48 116 None 1008 386 51 93 None 986 342 53 88 digging 966 303 44 67 None 1071 275 32 86 None 365 361 51 109 None
30305.jpg r_set 879 279 67 94 None 826 342 30 116 None 742 325 65 105 None 781 438 77 113 None 686 383 48 106 None 708 275 44 123 setting 533 378 65 128 None 551 341 40 113 None 548 300 52 94 None 270 390 51 110 None 326 295 35 95 None 142 343 51 111 None
3145.jpg r-pass 849 397 64 116 None 920 338 40 121 None 853 248 39 93 None 682 288 41 88 None 647 300 46 89 digging 599 261 30 103 None 561 264 22 103 None 550 293 30 111 None 543 352 52 117 None 336 279 36 104 None 314 369 44 110 None 273 324 49 96 None
2940.jpg r_set 231 321 58 90 None 285 354 60 98 None 350 293 53 98 None 480 256 49 86 None 511 377 51 107 None 525 290 30 90 None 616 314 39 111 None 694 257 53 70 None 791 275 44 100 None 761 407 49 107 None 838 351 42 118 None 920 259 42 130 setting
29150.jpg l_set 909 315 62 82 None 986 386 55 110 None 1081 337 30 100 None 714 344 37 107 None 711 299 34 97 None 712 288 39 89 None 636 279 47 136 setting 580 279 60 100 None 435 270 65 82 None 361 350 42 109 None 332 329 87 89 None 208 412 77 132 None
15580.jpg l_set 281 278 56 91 None 418 312 56 90 None 462 418 60 137 None 590 284 41 151 setting 653 307 37 123 None 537 223 77 77 None 798 266 42 93 None 805 317 39 88 None 800 378 48 126 digging 1052 257 46 112 None 1181 382 44 130 None 1186 309 48 121 None
15220.jpg r-pass 904 297 32 102 None 940 342 54 108 None 975 461 55 137 None 792 329 51 102 None 771 328 35 55 digging 631 276 54 100 None 564 336 41 123 None 576 300 46 127 blocking 546 302 27 105 None 295 378 44 106 None 309 312 35 102 None 347 293 35 97 None
22135.jpg r_set 234 344 44 103 None 288 395 46 101 None 356 309 47 84 None 562 388 42 99 None 567 344 42 115 None 731 376 39 116 setting 756 352 54 101 None 854 324 55 88 None 905 431 65 107 None 980 353 33 86 None 935 287 50 84 None
15610.jpg l-spike 260 297 57 103 None 407 356 50 126 None 474 295 37 114 None 515 323 65 114 None 508 389 57 138 None 514 175 61 127 spiking 622 193 30 134 blocking 632 311 53 123 None 729 372 107 119 None 957 362 49 119 None 1043 318 54 114 None 902 248 42 100 None
22190.jpg l-pass 278 330 35 92 None 352 400 44 82 digging 449 303 50 65 None 675 396 37 96 None 670 338 39 139 blocking 668 365 25 92 None 722 373 37 97 None 729 341 46 103 None 873 378 34 95 None 897 345 33 99 None 858 291 57 89 None 851 489 46 135 None
5240.jpg r_spike 971 349 37 98 None 720 412 55 119 None 517 399 61 100 None 696 328 47 94 None 821 332 67 106 None 820 308 47 91 None 361 277 50 94 digging 245 361 59 102 digging 345 390 67 77 None 638 235 43 140 blocking 653 232 35 107 blocking 717 210 41 121 spiking
15665.jpg r_set 209 357 54 120 None 172 301 59 110 None 368 247 34 109 None 533 362 65 128 None 527 307 48 104 None 534 228 52 87 None 670 306 56 129 None 765 263 46 119 setting 900 347 45 119 None 855 447 81 132 None 947 299 78 107 None 761 235 55 92 None
5265.jpg r-pass 825 355 82 82 digging 789 411 60 86 None 981 348 31 95 None 820 305 65 75 None 701 323 37 114 None 698 283 63 91 None 477 387 85 113 None 357 374 42 102 None 219 330 42 107 None 336 275 37 91 None 643 265 24 97 None 621 249 29 103 None
11455.jpg r-pass 281 367 58 112 None 297 329 63 95 None 321 280 71 111 None 467 338 37 101 None 441 311 37 110 None 460 276 35 99 None 533 287 37 104 None 644 376 47 114 None 590 331 68 120 None 803 280 55 89 None 856 320 46 67 digging 875 352 43 104 None
5140.jpg r_set 811 436 52 104 None 865 366 66 83 None 857 323 42 67 None 772 270 50 86 None 684 295 42 141 None 641 286 39 120 setting 585 384 37 111 None 584 324 34 88 None 596 311 33 137 blocking 244 360 64 97 None 378 418 78 90 None 333 304 42 92 None
39735.jpg l_set 233 386 82 117 None 261 430 109 117 None 336 332 43 94 None 367 269 60 92 None 504 292 47 148 setting 645 368 45 121 None 628 321 43 111 None 632 286 43 88 None 868 315 56 74 digging 878 401 68 105 None 1011 354 68 96 None
4520.jpg l-spike 961 354 72 94 None 754 391 59 110 None 757 275 68 88 digging 557 251 21 118 blocking 554 231 23 133 blocking 492 314 47 87 None 443 224 50 93 spiking 422 366 72 107 None 382 355 41 109 None 402 300 43 80 None 293 285 33 91 None
4410.jpg r_spike 936 367 48 103 None 887 320 34 108 None 814 300 43 87 None 756 229 69 105 spiking 734 327 48 101 None 769 416 53 127 None 655 265 46 125 blocking 666 235 35 122 blocking 560 389 77 103 None 394 421 68 91 None 376 282 54 88 digging 257 351 79 95 digging
2975.jpg r_spike 138 340 41 113 None 282 398 55 92 None 408 375 92 99 None 642 309 54 102 None 678 230 50 92 spiking 720 380 49 119 None 751 279 69 102 None 820 336 51 108 None 1035 322 60 94 None 300 284 47 92 None 572 252 37 128 blocking
11345.jpg l-pass 292 350 68 105 digging 317 372 71 97 digging 386 304 68 71 None 622 378 73 116 None 674 315 29 106 None 635 290 72 91 None 710 299 47 97 None 715 352 70 80 None 734 386 46 130 None 774 275 60 92 None 811 255 44 92 None 941 328 43 97 None
5150.jpg r_spike 866 321 34 90 None 786 367 59 100 None 705 433 76 112 None 652 289 45 94 spiking 642 324 67 96 None 706 271 51 91 None 591 398 39 115 None 593 264 55 153 blocking 360 301 44 92 digging 255 365 51 100 None 366 423 82 89 None
22255.jpg l-spike 901 384 40 100 None 893 352 57 85 None 809 311 48 85 None 644 379 34 94 None 647 332 24 99 None 659 299 30 79 None 555 355 51 103 None 527 280 79 116 spiking 510 268 48 83 None 416 319 60 94 setting 350 428 60 99 None 266 341 61 89 None
30930.jpg r_spike 243 348 61 100 None 394 389 51 89 digging 403 287 41 82 None 505 398 51 103 None 683 235 52 120 blocking 732 326 58 88 None 818 387 44 108 None 851 302 37 97 None 763 222 44 119 spiking 924 345 40 97 None 1025 364 46 97 None
29120.jpg l-pass 193 333 44 126 None 307 370 69 99 None 361 338 44 82 digging 389 312 49 85 digging 482 278 35 96 None 632 361 55 113 None 726 322 38 115 None 724 302 33 101 None 748 286 36 116 None 979 341 41 113 None 978 307 61 104 None 1017 322 40 117 None
15530.jpg l-pass 968 327 51 121 None 956 280 35 124 None 871 395 51 147 None 808 277 51 106 digging 787 256 52 78 None 734 234 60 113 None 682 313 55 126 None 514 367 75 125 None 499 357 75 97 None 440 225 40 115 setting 308 349 60 122 None 1095 302 42 97 None
11310.jpg r_set 310 373 57 114 None 294 339 43 105 None 314 295 72 82 None 534 373 46 100 None 569 310 26 116 None 572 257 41 119 blocking 607 255 34 123 setting 647 285 44 135 blocking 783 428 77 116 None 841 338 74 88 None 866 294 38 88 None 868 264 44 82 None
6125.jpg l-pass 294 410 68 102 None 275 340 54 107 None 400 300 62 90 digging 489 304 65 82 None 652 322 34 128 None 642 372 43 153 None 703 410 82 122 None 702 360 38 116 None 724 262 50 96 None 755 335 70 110 None 809 317 47 103 None 955 329 38 102 None
3180.jpg r_spike 263 346 48 102 None 313 386 69 97 None 377 290 41 94 None 566 377 61 127 None 594 255 24 139 blocking 578 289 30 89 None 634 247 48 133 spiking 631 294 41 113 None 712 278 32 103 None 728 260 49 85 None 718 414 99 116 None 847 350 50 124 None
2885.jpg l_set 258 322 35 102 None 316 326 68 102 None 373 425 92 120 None 410 251 47 72 None 516 288 32 137 setting 503 312 49 119 None 666 369 35 103 None 647 326 35 92 None 646 287 35 72 None 862 277 57 82 None 913 368 43 111 None 951 327 35 101 None
4490.jpg l_set 269 317 60 103 None 330 287 27 101 None 405 246 45 68 None 452 292 41 135 setting 506 299 45 101 None 554 338 50 94 None 626 336 32 106 None 629 310 33 103 None 619 284 41 99 None 908 397 54 107 None 864 319 62 101 None 849 283 28 107 None
11330.jpg r_spike 298 379 60 107 None 297 347 49 87 None 366 282 72 93 digging 599 382 50 121 None 627 293 30 128 None 617 258 37 119 None 660 327 47 102 None 696 400 53 118 None 681 286 57 108 None 746 284 97 119 spiking 787 258 45 88 None 888 311 62 96 None
15450.jpg r-pass 136 311 45 133 None 312 344 62 109 None 398 275 47 109 None 507 347 60 139 None 494 242 37 116 None 522 289 37 111 None 588 255 67 97 None 586 236 37 109 None 738 376 84 120 None 741 260 73 103 None 848 282 47 107 digging 936 360 50 116 None
6040.jpg r-pass 1010 387 46 101 digging 831 378 57 109 None 1000 307 32 70 None 881 260 52 92 None 993 337 44 79 None 694 319 43 95 None 567 317 32 95 None 598 311 30 107 None 602 358 39 119 None 385 377 54 111 None 217 347 44 105 None 391 332 55 107 None
15350.jpg r_spike 1075 330 39 107 None 925 304 55 121 None 859 291 35 107 None 842 406 55 133 None 767 335 44 125 None 780 189 39 114 spiking 710 228 32 156 blocking 715 197 42 137 blocking 547 393 84 114 None 411 266 49 90 None 371 375 53 107 None 317 357 51 102 None
5170.jpg r-pass 873 340 36 101 setting 716 380 62 96 None 716 308 49 96 None 641 426 49 110 None 643 340 46 95 None 667 273 66 85 None 553 393 64 122 None 589 314 43 109 None 375 402 49 107 None 376 295 41 94 None 263 343 49 107 None
39705.jpg l-pass 1103 294 47 120 None 966 369 33 112 None 932 299 57 93 None 691 356 54 123 None 691 327 46 126 None 688 291 49 106 None 600 376 56 123 None 394 372 51 130 None 373 271 44 93 None 329 334 53 109 None 275 434 60 130 None 273 334 39 145 setting
30140.jpg l-pass 1068 371 41 114 None 1037 315 47 76 None 880 282 42 99 None 730 337 53 117 blocking 726 329 37 100 None 758 301 38 108 None 501 398 67 112 None 450 291 55 92 None 361 268 37 100 None 316 311 48 81 digging 297 353 42 94 None 303 379 54 113 None
15625.jpg r-pass 932 327 51 109 None 878 333 57 140 setting 846 252 55 97 None 710 369 84 116 None 600 294 71 114 None 561 238 25 103 None 490 242 56 100 None 446 364 67 122 None 451 304 53 125 None 407 282 34 96 None 336 353 52 128 None 255 292 40 92 None
39750.jpg l-spike 937 341 48 105 None 797 303 69 86 None 802 412 68 105 None 568 386 63 120 None 552 255 30 141 blocking 477 236 49 144 spiking 430 266 40 89 None 406 337 40 110 None 351 426 49 130 None 272 383 63 117 None 303 309 37 103 None 557 286 43 91 None
31000.jpg l_set 968 404 35 108 None 984 329 35 100 None 922 297 40 92 None 689 368 28 112 None 682 328 28 107 None 666 311 35 99 None 551 319 32 105 None 498 276 37 96 setting 411 266 72 75 None 240 349 56 96 None 277 315 36 97 None 328 457 79 112 None
15800.jpg l_set 1199 401 44 131 None 1102 268 41 109 None 842 384 44 131 None 840 320 47 103 None 842 286 40 102 None 696 309 38 121 None 567 287 32 131 setting 445 416 96 135 None 420 297 42 118 None 561 220 51 77 None 37 329 80 108 None 1241 317 37 120 None
32010.jpg l_winpoint 191 345 72 112 None 273 317 42 95 None 281 362 74 109 None 348 348 82 116 None 386 320 49 135 None 397 320 51 105 None 536 332 27 101 None 543 284 35 95 None 591 335 57 82 None 734 295 47 100 None 822 381 54 113 None 1004 306 56 46 None
46620.jpg r_winpoint 273 380 44 133 None 438 301 42 126 None 242 315 43 113 None 417 240 43 95 None 557 270 36 115 None 546 220 36 92 None 693 247 65 118 None 742 248 41 101 None 805 310 47 130 None 861 317 43 114 None 818 268 64 91 None 953 297 76 107 None
30390.jpg l_winpoint 391 300 65 100 None 518 314 90 133 None 597 304 65 122 None 568 273 35 104 None 721 270 52 97 None 719 249 64 98 None 818 300 47 77 None 901 297 37 117 None 922 356 48 110 None 971 324 31 119 None 1028 256 31 106 None 1106 312 37 113 None
33315.jpg l_winpoint 932 344 68 97 None 935 428 49 116 None 828 316 53 99 None 663 287 41 111 None 647 439 65 132 None 568 423 41 127 None 443 371 74 117 None 434 307 46 90 None 385 391 54 137 None 367 371 34 144 None 296 345 54 103 None 191 401 77 111 None
43860.jpg r_winpoint 129 409 100 54 None 250 289 47 77 None 550 219 38 95 None 578 263 37 107 None 20 421 63 123 None 820 340 64 114 None 694 334 79 122 None 675 292 52 134 None 707 265 29 111 None 872 280 60 112 None 811 272 83 105 None 245 343 53 120 None
41580.jpg r_winpoint 255 330 37 123 None 403 326 57 120 None 354 271 40 92 None 518 260 57 109 None 515 362 53 126 None 611 267 39 105 None 954 303 47 107 None 826 356 53 133 None 727 350 63 122 None 720 306 37 112 None 804 297 38 111 None 744 292 56 92 None
51810.jpg r_winpoint 525 288 66 86 None 666 281 43 89 None 411 305 41 95 None 732 376 42 117 None 655 381 48 118 None 444 387 60 119 None 860 328 46 121 None 915 329 51 101 None 954 323 73 100 None 895 366 64 118 None 980 342 50 106 None 1007 366 50 105 None
40995.jpg l_winpoint 455 388 59 142 None 407 299 37 111 None 392 268 30 111 None 499 266 62 129 None 476 270 41 109 None 463 214 44 78 None 660 240 52 103 None 709 286 42 114 None 780 390 87 124 None 855 386 72 94 None 939 264 33 106 None 1050 313 58 125 None
40080.jpg l_winpoint 39 322 35 112 None 162 369 68 125 None 147 348 34 107 None 110 324 57 110 None 184 306 71 108 None 170 264 59 105 None 404 311 44 113 None 582 397 45 125 None 727 379 53 116 None 570 266 57 99 None 535 278 54 62 None 995 471 92 87 None
42735.jpg l_winpoint 427 321 66 106 None 536 351 44 110 None 567 381 63 122 None 579 294 58 121 None 613 277 62 104 None 639 311 66 122 None 827 366 48 130 None 868 382 56 148 None 957 280 45 106 None 1128 289 32 107 None 1176 397 70 133 None 1227 323 45 123 None
31080.jpg l_winpoint 209 347 59 107 None 310 326 57 97 None 355 320 35 105 None 412 326 74 95 None 446 328 40 98 None 449 411 58 123 None 576 263 36 90 None 599 287 42 99 None 685 364 40 108 None 838 361 35 109 None 818 283 45 93 None 980 318 41 98 None
44610.jpg l_winpoint 309 323 43 122 None 304 310 47 109 None 335 281 56 141 None 423 362 45 161 None 450 349 53 134 None 438 317 51 115 None 612 382 61 130 None 592 340 51 143 None 605 311 43 103 None 855 277 47 114 None 1047 298 47 129 None 1098 472 52 141 None
51240.jpg l_winpoint 542 362 70 110 None 478 322 53 94 None 476 283 51 93 None 645 341 65 129 None 665 330 44 110 None 665 325 46 99 None 823 349 46 130 None 842 333 25 102 None 917 405 48 130 None 976 388 34 110 None 1012 283 43 96 None 1091 316 40 104 None
50625.jpg l_winpoint 352 293 52 114 None 415 324 33 114 None 443 320 56 107 None 431 285 45 83 None 488 274 38 98 None 498 280 54 132 None 681 271 41 111 None 759 272 45 98 None 794 298 40 116 None 829 284 41 105 None 895 358 43 115 None 1148 320 41 116 None
33945.jpg r_winpoint 1143 382 77 124 None 1039 361 49 108 None 1026 332 47 102 None 983 322 52 105 None 968 350 42 103 None 952 398 49 113 None 791 295 45 108 None 751 271 56 86 None 542 299 38 93 None 574 413 29 124 None 395 311 32 97 None 350 431 51 71 None
34545.jpg l_winpoint 394 377 72 103 None 437 313 30 107 None 286 383 95 113 None 266 391 63 102 None 274 349 58 109 None 302 339 40 87 None 674 393 38 105 None 655 347 37 105 None 706 326 43 103 None 894 371 38 104 None 880 326 29 97 None 832 282 56 91 None
