53865.jpg l_set 1076 432 45 111 None 1057 400 50 103 digging 936 353 49 89 None 736 421 35 116 None 727 370 36 110 None 724 340 34 103 None 630 365 46 146 setting 592 350 51 92 None 484 311 70 87 None 360 381 41 105 None 322 496 89 58 None 241 459 83 128 None
26055.jpg l_set 341 307 34 130 setting 334 404 42 111 None 429 456 49 132 None 593 308 44 96 None 675 422 58 128 None 693 385 51 124 None 812 354 29 107 None 879 424 49 127 None 1125 370 33 100 None 1093 445 76 113 None 1074 341 36 103 None 826 370 35 116 None
37870.jpg r-pass 919 377 50 102 digging 811 361 34 103 None 743 385 47 109 None 497 385 50 121 None 531 459 51 127 None 524 338 36 94 None 6 428 45 121 None 145 418 38 112 None 398 436 55 126 None 301 381 48 111 None 305 356 42 102 None
29485.jpg r-pass 804 444 61 115 None 819 413 61 106 digging 762 367 50 92 None 526 350 39 152 blocking 519 338 52 139 blocking 514 334 35 130 blocking 440 386 48 126 None 374 419 58 120 None 357 354 44 126 None 391 325 59 96 None 337 493 79 138 None 186 446 54 108 None
53975.jpg l-pass 1007 367 49 141 None 925 366 51 101 None 783 477 68 107 None 707 414 39 127 None 733 384 25 121 None 706 355 37 110 None 646 455 52 118 None 538 325 43 101 None 471 408 67 101 None 447 498 74 67 None 325 377 44 102 None 233 461 68 123 None
22020.jpg r-pass 1126 383 65 80 None 945 445 36 66 None 775 395 59 89 None 765 346 40 92 None 750 431 42 102 None 755 495 61 124 None 699 468 45 133 None 724 408 27 108 None 670 337 59 97 None 487 359 61 101 None 367 502 80 88 None 294 426 56 106 digging
26000.jpg r_spike 1074 384 58 104 None 973 338 39 108 None 919 414 45 113 None 767 384 49 117 None 705 382 63 126 spiking 709 358 46 95 None 640 379 25 161 blocking 607 378 61 138 setting 458 327 52 97 None 403 472 76 102 None 338 386 61 106 None 307 432 55 92 None
49705.jpg l_set 1042 365 43 106 None 1002 451 50 104 None 925 331 40 100 None 679 402 39 109 None 670 354 42 118 None 668 337 39 99 None 551 294 38 136 None 496 311 39 154 setting 430 293 53 83 None 369 325 54 112 None 331 367 40 108 None 294 457 76 127 None
22205.jpg l-spike 1029 351 57 98 None 1010 458 58 112 None 850 339 53 85 None 594 371 37 169 blocking 567 344 75 164 blocking 373 369 75 150 spiking 436 404 54 107 None 454 357 66 115 None 416 281 48 100 None 272 403 46 117 None 203 350 49 112 None
29360.jpg l-spike 125 418 58 96 None 319 496 60 147 None 321 434 81 107 None 418 407 37 112 None 347 373 47 106 None 381 283 77 102 spiking 508 311 26 149 blocking 511 373 43 125 blocking 514 372 33 151 blocking 771 357 40 79 None 835 408 49 111 None 785 451 48 120 None
53910.jpg r-pass 812 450 70 97 digging 855 371 41 106 None 778 378 41 70 None 568 413 68 93 digging 551 380 48 91 digging 628 328 41 85 None 454 414 68 123 None 517 355 26 141 blocking 484 328 41 98 None 318 367 36 108 None 207 424 54 98 None 272 466 45 136 None
37775.jpg l-spike 909 455 52 99 digging 926 387 44 94 digging 796 372 42 77 None 564 419 49 123 None 558 316 54 141 blocking 551 279 34 137 blocking 470 266 61 117 spiking 511 354 38 100 None 431 389 65 96 None 369 404 42 114 None 218 414 55 90 None 204 469 48 138 None
49470.jpg r_set 1014 383 37 102 None 990 487 71 126 None 1005 311 71 96 None 923 301 51 82 None 819 289 40 103 setting 794 362 40 110 None 577 407 58 119 None 608 352 39 119 None 615 323 33 104 None 327 434 54 111 None 342 324 34 113 None 262 385 43 107 None
42955.jpg r-pass 356 383 42 87 None 548 348 63 92 None 479 487 73 65 None 655 450 68 104 None 733 441 55 137 None 751 475 42 122 None 807 406 66 106 digging 844 468 92 83 digging 809 478 44 110 digging 947 337 59 84 None 979 372 60 82 None 1103 413 53 104 None
43095.jpg l_set 293 401 45 107 None 369 400 64 119 None 478 316 35 142 setting 472 337 41 100 None 535 334 35 107 None 485 301 56 74 None 704 354 38 106 None 745 360 32 89 None 707 413 40 108 None 920 328 37 99 None 1080 377 46 103 None 1050 444 56 120 None
42215.jpg l_set 1031 376 43 94 None 985 430 33 115 None 913 337 37 94 None 662 414 40 116 None 660 355 38 110 None 659 338 31 86 None 583 332 42 134 setting 548 327 44 101 None 420 299 47 91 None 337 373 102 93 None 342 455 96 115 None 175 382 69 87 None
29300.jpg l-pass 1133 415 51 126 None 1041 451 42 117 None 951 396 37 111 None 772 431 42 122 None 767 412 36 119 None 766 386 36 104 None 638 440 52 117 None 514 374 68 96 None 347 481 60 134 None 310 439 52 126 digging 352 402 47 100 None 368 379 45 96 None
37820.jpg r-pass 242 469 39 130 None 271 410 50 111 None 230 380 52 95 None 442 411 40 106 None 475 392 27 117 None 477 363 31 106 None 530 357 38 110 None 629 462 46 136 None 591 325 41 85 None 759 370 44 63 None 779 421 46 88 None 797 384 41 112 digging
54020.jpg l-spike 954 389 52 102 None 888 465 40 99 None 864 369 43 84 None 640 425 65 113 None 619 326 50 131 blocking 529 312 69 127 spiking 497 319 62 99 None 367 384 29 113 None 293 457 60 137 None 427 554 47 116 None 516 447 72 118 None
53835.jpg l-pass 1151 385 41 109 None 1076 415 42 109 None 1022 357 60 90 None 788 400 37 113 None 794 370 24 113 None 783 354 35 96 None 711 405 41 119 None 543 334 65 95 None 524 310 53 91 None 402 369 40 100 None 414 465 57 83 digging 229 424 35 122 None
22115.jpg l-pass 300 420 38 125 None 429 434 50 116 None 522 345 59 104 None 605 420 75 109 None 720 319 38 103 None 724 321 45 104 digging 786 366 57 110 None 786 423 57 141 None 896 416 63 107 None 874 378 47 91 digging 914 329 48 99 None 1042 393 46 109 None
21960.jpg r-pass 891 394 44 73 digging 865 444 57 106 None 702 360 69 89 None 543 387 45 94 None 625 313 40 100 None 459 439 51 129 None 481 401 37 84 None 453 385 58 114 None 127 463 68 125 None 148 416 36 89 None 130 380 42 96 None 887 416 34 95 None
22090.jpg r_spike 289 435 76 107 None 415 457 80 127 None 477 342 45 100 None 620 426 60 100 None 736 288 49 133 blocking 737 281 46 121 blocking 808 374 33 105 None 845 273 56 114 spiking 892 370 57 90 None 802 472 55 137 None 965 437 36 116 None 989 419 49 104 None
22160.jpg l_set 1057 444 64 116 None 931 369 65 105 None 862 383 43 105 None 688 417 41 119 None 695 370 31 117 None 686 358 33 112 None 572 343 41 108 None 504 281 38 111 setting 469 365 41 108 None 434 323 42 101 None 250 410 41 116 None 127 480 72 127 None
53880.jpg l-spike 673 366 36 150 blocking 638 303 43 134 blocking 553 280 67 131 spiking 529 321 55 89 None 536 416 64 112 None 345 377 51 112 None 272 458 56 97 None 312 463 43 131 None 889 358 39 82 None 971 453 53 96 None 973 382 46 101 None
54115.jpg r_spike 353 451 53 127 None 340 405 43 93 None 469 342 64 97 None 597 354 87 89 None 711 379 32 146 blocking 718 405 44 151 blocking 758 378 48 106 None 789 329 41 103 None 816 447 59 120 None 789 426 68 135 spiking 877 383 50 111 None 956 457 41 118 None
29425.jpg l-pass 1048 451 59 119 None 1071 401 41 101 None 994 352 58 98 None 751 426 33 125 None 778 362 39 107 None 738 345 41 98 None 493 316 60 100 None 453 412 78 100 None 376 372 55 108 None 320 453 39 128 setting 374 471 68 134 None 681 430 48 127 None
25960.jpg l-pass 1093 406 42 121 None 1058 372 64 90 None 1001 419 52 86 None 791 388 48 112 None 750 402 43 118 None 726 366 51 136 blocking 493 375 61 103 None 482 333 51 93 None 432 454 94 117 None 311 452 70 97 digging 305 411 51 82 None 327 371 48 66 digging
42100.jpg r-pass 1013 475 69 110 None 955 423 52 106 None 896 326 39 99 None 695 377 49 102 None 594 517 65 123 None 551 581 78 136 digging 561 441 38 125 None 559 395 33 119 None 556 361 36 109 None 383 451 28 125 None 338 365 43 106 None 323 358 57 85 None
54155.jpg l-pass 259 449 49 111 None 440 549 57 146 digging 507 338 38 104 None 660 318 43 107 None 729 422 49 116 None 761 483 41 136 None 855 346 39 114 None 874 394 55 122 None 926 420 61 111 None 858 504 55 146 None 1024 463 57 119 None 1001 379 68 118 None
38110.jpg l_set 1109 385 47 107 None 998 445 53 127 None 965 352 49 89 None 724 398 42 123 None 724 369 46 118 None 727 326 32 108 None 585 318 42 133 setting 591 346 66 103 None 549 296 60 78 None 438 340 43 106 None 391 402 35 115 None 228 463 89 118 None
38045.jpg r_spike 969 381 48 111 None 901 358 38 100 None 880 444 55 134 None 898 279 38 112 spiking 754 439 44 132 None 733 362 38 106 None 688 365 34 90 None 688 300 30 141 blocking 388 454 75 117 None 378 341 52 86 None 263 422 61 96 None
49620.jpg l-spike 25 458 57 112 None 266 358 41 103 None 296 324 43 113 None 375 258 64 126 spiking 423 384 59 120 None 361 441 58 136 None 484 265 54 132 blocking 485 268 49 138 blocking 763 319 45 96 None 903 455 54 106 None 942 361 51 109 None
21995.jpg r_set 1006 386 71 71 None 859 401 53 105 None 828 501 59 132 None 692 388 43 139 None 676 318 60 90 None 620 335 50 126 setting 575 367 39 107 None 567 431 49 95 None 566 475 50 125 None 288 356 56 103 None 228 501 94 99 None 161 425 58 114 None
37760.jpg l_set 1021 406 55 95 None 978 461 53 110 None 880 362 40 84 None 646 417 42 120 None 645 374 38 118 None 649 348 31 81 None 545 332 38 143 setting 486 329 72 84 None 548 303 55 98 None 319 411 92 109 None 282 435 40 108 None 190 458 60 129 None
49575.jpg l_set 1083 416 65 108 None 1099 349 35 112 None 920 313 37 103 None 704 405 37 115 None 688 370 48 116 None 686 348 43 99 None 534 314 41 108 None 391 280 48 90 None 374 380 54 65 None 333 411 47 143 setting 339 378 40 107 None 284 500 68 146 None
22005.jpg r_spike 1041 396 62 61 None 882 399 31 106 None 741 503 69 125 None 697 350 69 129 spiking 669 372 50 112 None 695 340 34 95 None 612 492 46 105 None 632 355 30 140 blocking 614 355 40 98 None 376 361 36 104 None 274 486 85 107 None 208 428 46 105 None
42905.jpg r_set 238 426 49 92 None 305 344 44 108 None 289 458 68 106 None 574 352 35 104 None 572 361 39 136 blocking 537 421 58 116 None 740 309 43 114 setting 848 313 42 77 None 730 386 61 98 None 903 385 67 98 None 868 484 91 126 None 1034 420 52 53 None
22050.jpg r_set 999 361 59 98 None 815 424 48 101 digging 812 520 111 52 None 736 515 66 147 None 683 411 37 126 None 759 322 37 81 None 593 346 35 109 None 584 398 34 125 None 596 456 42 129 None 376 358 58 109 None 316 455 54 112 None 266 407 40 117 None
49430.jpg r-pass 156 366 51 124 None 335 364 33 114 None 415 384 42 124 None 604 330 25 116 None 602 334 25 131 None 593 387 37 122 None 676 356 43 96 None 842 313 41 104 None 954 339 63 97 digging 1073 298 39 92 None 1007 380 45 99 None 1052 426 47 109 None
42995.jpg r_set 304 392 33 99 None 370 331 46 103 None 378 443 51 113 None 584 369 33 99 None 614 425 41 120 None 588 470 55 116 None 685 397 40 127 None 756 411 37 118 setting 792 456 58 122 None 803 534 69 140 None 951 406 34 109 None 903 307 46 84 None
54045.jpg r-pass 324 451 41 136 None 415 378 41 109 None 407 502 42 120 None 536 427 41 127 None 575 372 28 118 None 545 325 46 102 None 618 358 49 106 None 706 330 38 96 None 692 419 77 87 digging 788 379 47 96 None 840 417 32 101 None 946 344 43 148 None
42000.jpg l_set 306 402 27 104 None 280 384 83 104 None 366 317 63 88 None 518 361 50 121 None 465 381 44 147 setting 305 487 103 120 None 652 372 36 95 None 651 392 46 115 None 651 442 57 124 None 924 344 35 95 None 1040 388 41 102 None 994 442 58 98 None
43125.jpg l-spike 275 383 47 84 None 348 431 55 133 None 383 395 42 99 None 410 342 51 100 None 487 354 56 105 None 520 263 72 101 spiking 642 306 29 112 blocking 624 260 33 111 blocking 920 326 38 94 None 994 448 61 106 None 1152 414 69 100 None
38065.jpg l-pass 421 376 42 137 setting 452 347 73 86 None 454 426 63 114 None 771 315 32 123 blocking 755 331 51 108 None 757 369 34 110 None 816 362 51 99 None 820 414 43 121 None 926 358 57 96 None 958 331 53 103 None 943 435 64 122 None 1089 387 59 116 None
42135.jpg r-pass 995 459 47 112 None 914 414 46 110 digging 782 339 43 100 None 631 377 43 97 None 598 452 49 127 None 438 593 69 125 None 413 453 46 119 None 413 436 43 108 None 430 392 42 114 None 432 360 46 110 None 268 392 45 99 None 202 392 41 104 None
29470.jpg l-spike 277 502 87 126 None 153 460 67 117 None 320 386 73 109 None 366 323 69 90 None 445 348 65 120 spiking 488 364 46 155 setting 598 364 40 109 None 598 395 42 115 None 604 434 44 111 None 834 363 40 92 None 911 391 47 114 None 881 458 57 117 None
38000.jpg r_set 895 390 57 97 None 743 435 57 152 setting 679 384 59 93 None 682 302 35 90 None 606 461 47 135 None 563 383 30 128 None 483 408 39 119 None 494 376 40 123 None 499 329 29 120 None 327 347 61 105 None 225 457 39 128 None 176 415 40 104 None
53950.jpg r_spike 954 347 39 158 None 896 361 47 106 None 772 444 50 136 setting 695 403 42 121 None 714 373 40 113 None 705 335 41 99 None 623 455 41 115 None 574 392 47 116 None 589 342 47 98 None 355 378 49 90 None 357 432 39 107 None 296 468 88 116 None
54090.jpg r_set 942 389 78 95 None 893 444 50 108 None 846 464 70 125 None 714 371 39 139 setting 749 324 47 77 None 652 364 43 114 None 593 453 38 133 None 585 398 31 124 None 581 342 28 105 None 325 355 39 96 None 271 425 51 103 None 246 447 51 129 None
42175.jpg l-pass 1112 390 32 110 None 1053 443 33 110 None 922 350 35 99 None 720 455 46 121 None 695 386 53 115 None 708 365 30 93 None 634 419 47 122 None 450 347 41 102 None 386 326 44 95 None 341 453 68 125 None 269 379 38 135 setting 235 388 45 109 None
26015.jpg l-pass 274 449 60 86 None 318 396 64 102 None 366 476 98 92 digging 449 346 70 103 None 639 409 38 109 None 623 409 53 129 None 678 432 58 107 None 712 362 73 102 None 806 378 53 118 None 870 419 43 119 None 956 338 45 102 None 1013 385 75 109 None
43050.jpg l-pass 1035 417 47 114 None 922 355 41 91 None 843 446 45 132 None 798 479 60 124 None 778 365 61 105 None 768 338 63 96 None 720 327 39 92 None 696 325 38 92 None 620 397 36 92 digging 497 414 51 111 None 494 356 41 75 None 370 407 65 86 None
43030.jpg r_spike 286 417 63 92 None 399 334 49 89 None 415 431 63 112 None 582 419 70 112 None 689 272 29 125 blocking 668 295 48 130 blocking 741 368 57 100 None 746 484 53 129 None 808 467 44 135 None 892 371 38 87 None 923 422 51 122 None 794 271 41 120 spiking
29475.jpg l-spike 176 450 50 114 None 284 498 89 125 None 352 388 51 110 None 367 325 73 96 None 445 342 63 112 spiking 452 409 60 133 None 571 371 41 110 None 576 383 38 129 blocking 573 380 45 157 blocking 813 365 42 91 None 887 398 47 112 None 850 457 63 118 None
54005.jpg l_set 1020 400 45 101 None 905 373 34 86 None 894 464 56 105 None 685 427 35 116 None 671 386 42 110 None 671 348 32 103 None 591 403 51 147 setting 553 372 44 106 None 453 320 63 86 None 310 390 45 103 None 233 468 72 125 None 477 553 66 78 None
29370.jpg r-pass 741 411 54 105 digging 693 356 36 85 digging 697 438 52 103 digging 435 397 48 108 None 427 337 37 120 blocking 426 328 27 108 blocking 358 304 49 98 None 371 407 38 116 None 292 379 42 111 None 286 487 63 142 None 248 438 61 98 None 88 414 60 99 None
26105.jpg l-spike 284 409 58 101 None 334 415 66 147 spiking 455 430 48 112 None 518 386 46 122 None 507 326 41 94 None 631 427 49 120 None 644 345 61 129 None 713 466 65 121 None 965 437 56 104 None 907 363 54 93 None 878 345 42 93 digging 96 290 37 93 None
42025.jpg l-spike 182 440 64 88 None 291 391 42 106 None 344 322 50 98 None 435 388 44 100 None 251 486 58 115 None 344 427 77 129 spiking 493 385 40 142 blocking 499 402 31 162 blocking 554 383 81 69 None 735 356 65 81 None 882 378 59 83 None 881 483 47 98 None
43140.jpg r-pass 1075 415 50 95 digging 971 440 67 103 None 863 325 42 100 None 595 322 34 102 None 568 294 52 118 blocking 539 324 33 95 None 447 360 57 109 None 369 357 38 108 None 330 398 42 103 None 302 435 44 127 None 220 384 33 96 None
37915.jpg l-pass 1143 408 46 115 None 1024 431 60 131 None 967 355 34 95 None 701 410 32 119 None 693 363 36 138 blocking 694 358 33 97 None 639 428 46 129 None 478 424 51 90 digging 447 366 51 111 None 412 306 41 97 None 242 390 42 112 None 184 427 33 121 None
37950.jpg l-spike 1043 412 42 107 None 951 452 81 115 None 809 364 48 83 None 662 391 31 127 None 657 365 36 130 None 657 339 37 99 None 614 333 38 155 spiking 538 338 54 146 setting 434 302 76 90 None 336 377 96 104 None 387 435 37 111 None 229 447 67 123 None
49415.jpg l-spike 296 296 55 150 spiking 531 350 31 115 None 615 356 46 120 None 769 333 37 106 None 794 328 31 127 None 790 376 39 124 None 870 357 53 94 None 1027 319 47 95 None 1183 340 51 100 digging 1231 394 44 96 None
49495.jpg r_spike 1141 384 54 105 None 1031 362 71 78 None 1061 311 47 96 None 895 233 45 123 spiking 928 452 63 134 None 815 363 62 118 None 751 269 37 142 blocking 755 251 48 119 blocking 661 410 75 122 None 442 421 72 107 None 471 307 55 98 None 356 389 53 98 digging
42935.jpg r_spike 328 414 48 73 None 393 478 56 101 digging 500 378 61 85 None 678 405 52 106 None 722 376 44 151 blocking 719 386 45 161 blocking 783 408 64 100 None 806 409 62 162 spiking 856 451 52 104 None 873 334 51 97 None 944 362 41 92 None 1134 420 54 86 None
41960.jpg l-pass 1187 401 46 119 None 1057 424 52 88 None 1062 352 41 107 None 825 399 33 117 None 831 374 50 105 None 800 362 44 135 blocking 671 423 57 114 None 565 350 53 113 None 547 312 44 97 None 419 427 48 125 None 400 381 46 102 None 426 331 43 91 digging
53890.jpg r-pass 870 463 51 93 None 878 376 51 101 None 817 362 40 80 None 596 392 47 110 None 591 337 48 96 None 573 350 41 122 blocking 468 414 59 125 None 532 360 44 96 None 497 312 47 99 None 297 482 73 126 None 214 433 43 111 None 316 374 42 109 None
29340.jpg l_set 216 429 75 92 None 359 501 69 126 None 409 376 86 106 None 461 340 63 89 None 554 337 47 142 None 569 352 37 150 setting 713 374 35 108 None 709 396 42 102 blocking 718 443 42 113 None 964 372 41 93 None 1056 422 52 110 None 986 480 63 113 None
42035.jpg r-pass 138 441 49 99 None 196 490 53 116 None 250 419 67 95 None 335 324 49 101 None 389 378 44 110 None 340 446 80 115 None 445 409 45 151 blocking 444 411 43 157 blocking 525 389 70 65 None 689 357 75 82 digging 846 389 65 80 digging 827 487 43 96 digging
38145.jpg l-spike 302 409 55 108 None 301 338 37 105 None 378 369 61 153 spiking 426 334 51 88 None 489 314 40 116 None 489 283 53 108 None 545 339 59 145 blocking 546 347 49 172 blocking 607 348 60 101 None 813 337 64 83 digging 918 446 67 114 None 981 368 52 99 None
49655.jpg l-pass 1115 364 38 117 None 1033 438 45 110 None 917 327 37 102 None 695 325 34 106 None 671 348 42 101 None 671 323 31 98 None 575 331 55 100 None 480 366 55 105 None 390 433 90 127 None 389 330 59 109 None 264 423 85 119 None 266 383 49 113 digging
49785.jpg l_winpoint 506 394 62 120 None 466 391 49 102 None 437 369 44 101 None 466 339 50 110 None 525 342 33 92 None 548 358 33 118 None 646 323 37 97 None 766 287 43 97 None 934 290 32 92 None 871 436 42 117 None 814 389 37 118 None 1008 374 38 104 None
42270.jpg l_winpoint 390 362 39 118 None 485 415 53 122 None 500 365 27 102 None 521 329 42 102 None 539 355 44 105 None 535 372 37 111 None 636 325 51 102 None 660 337 43 117 None 709 397 60 122 None 916 393 31 110 None 896 337 41 100 None 932 352 52 107 None
45945.jpg r_winpoint 847 511 52 125 None 487 424 45 119 None 367 419 40 104 None 424 348 44 101 None 419 420 39 116 None 120 357 37 103 None 992 492 37 115 None 865 378 32 116 None 866 395 59 102 None 899 385 28 104 None 1222 353 41 103 None
43230.jpg l_winpoint 409 379 47 115 None 466 370 45 111 None 521 365 43 107 None 567 315 25 112 None 548 325 35 92 None 985 390 32 110 None 929 339 33 102 None 871 328 44 104 None 749 332 33 110 None 722 324 36 91 None 561 322 38 97 None 561 323 32 96 None
32865.jpg r_winpoint 214 395 47 123 None 214 365 44 102 None 257 355 48 110 None 509 388 57 124 None 469 378 55 117 None 443 326 63 115 None 902 368 55 122 None 870 374 30 112 None 822 356 40 115 None 862 362 35 110 None 855 350 29 102 None 1105 399 37 117 None
31365.jpg l_winpoint 1064 356 52 116 None 965 407 39 113 None 970 365 34 111 None 794 443 52 120 None 764 431 48 123 None 769 391 55 108 None 538 485 38 101 None 328 392 37 117 None 412 394 45 112 None 382 394 68 120 None 383 395 36 119 None 375 371 56 115 None
34590.jpg l_winpoint 942 389 50 112 None 895 430 44 105 None 767 295 37 89 None 729 340 29 105 None 652 331 29 96 None 631 361 48 105 None 439 415 61 116 None 435 385 43 114 None 398 387 54 109 None 339 435 69 124 None 339 398 51 118 None 327 395 46 113 None
30150.jpg r_winpoint 267 433 46 112 None 263 366 45 112 None 307 433 41 123 None 489 350 50 103 None 528 355 41 110 None 531 434 60 124 None 722 375 47 118 None 765 370 32 114 None 776 369 35 139 None 742 405 66 113 None 820 396 69 106 None 816 387 64 97 None
32235.jpg l_winpoint 301 372 46 105 None 300 368 41 112 None 346 359 57 118 None 362 369 44 117 None 323 373 67 120 None 301 373 68 126 None 755 384 42 122 None 848 417 56 124 None 884 367 64 106 None 942 326 48 104 None 1144 449 63 133 None 1033 428 46 115 None
51735.jpg r_winpoint 987 410 40 107 None 884 348 44 107 None 795 408 49 129 None 800 387 48 125 None 751 418 50 129 None 744 384 56 134 None 645 458 44 132 None 572 464 67 134 None 477 377 38 121 None 489 351 39 109 None 382 476 52 92 None 257 407 53 113 None
