133335.jpg l-pass 1005 500 49 128 None 1091 461 46 127 None 1043 458 96 103 None 822 467 32 128 None 821 442 26 136 None 815 427 51 120 None 705 495 55 117 None 564 433 58 120 None 389 470 49 111 None 409 445 55 97 digging 308 460 43 119 None 125 503 54 144 None
94540.jpg r_spike 969 446 44 125 None 804 443 74 127 None 715 399 83 167 spiking 798 364 44 136 None 725 312 41 110 None 712 366 51 133 None 646 389 38 173 blocking 622 388 66 164 blocking 526 383 77 113 None 319 396 52 102 None 261 485 71 139 None 202 419 54 133 None
133475.jpg r_set 917 420 60 112 None 902 557 81 126 None 775 496 51 119 digging 759 359 44 100 None 876 362 37 74 None 609 417 53 126 None 146 504 49 137 None 48 473 44 123 None 145 423 39 111 None 493 500 39 119 None 496 467 48 118 None 503 406 28 98 None
130505.jpg r-pass 790 521 69 110 digging 782 572 59 141 None 705 417 86 97 None 692 515 49 62 None 578 571 97 60 None 401 467 35 107 None 79 523 39 139 None 32 461 52 117 None 305 534 41 122 None 317 486 32 121 None 328 472 30 102 None
49115.jpg l_set 998 471 54 124 None 950 441 47 95 None 906 521 43 123 None 683 494 42 128 None 700 454 38 128 None 714 423 31 114 None 590 487 63 139 None 500 443 43 148 setting 467 410 61 74 None 363 482 38 117 None 283 469 52 100 None 206 548 97 131 None
94510.jpg r_set 614 292 37 152 setting 648 342 61 122 None 708 326 50 107 None 873 431 48 128 None 949 415 89 118 None 825 470 88 137 None 497 357 55 135 None 482 405 44 144 None 466 453 40 125 None 202 443 44 144 None 252 364 57 120 None 253 400 41 127 None
106135.jpg r_set 57 483 46 135 None 105 437 46 114 None 100 533 46 140 None 383 526 37 123 None 409 468 41 133 None 419 447 32 130 None 621 399 44 135 setting 636 463 65 114 None 672 391 79 105 None 726 514 69 114 None 722 604 72 107 None 810 481 72 104 None
133675.jpg r_set 918 450 67 105 None 705 589 145 44 None 680 418 57 98 None 634 462 75 92 digging 561 556 60 147 None 510 508 42 151 None 406 481 43 123 None 415 438 36 112 None 336 506 37 124 None 147 532 70 147 None 105 483 67 126 None 30 455 46 123 None
105970.jpg r-pass 852 487 54 116 None 601 525 74 105 None 626 459 42 77 None 467 539 71 105 None 399 412 47 119 None 419 414 52 116 None 362 420 34 112 None 305 462 45 119 None 260 528 69 116 None 173 443 34 130 None 98 523 42 146 None 71 488 42 140 None
25000.jpg l-pass 903 437 59 110 None 819 414 41 112 None 770 470 33 108 None 734 495 50 118 None 663 443 61 102 None 641 426 40 90 None 561 436 44 118 None 555 438 37 104 None 400 477 110 49 None 367 461 35 100 None 295 506 65 112 None 292 486 48 106 None
48960.jpg l-spike 986 499 57 90 None 886 439 52 82 None 836 535 59 107 None 672 500 72 111 None 575 376 44 153 blocking 576 334 36 150 blocking 455 350 65 110 spiking 496 430 53 111 None 388 470 49 116 None 241 450 65 102 None 352 508 72 113 None 288 530 63 134 None
89180.jpg r-pass 130 457 53 139 None 229 453 51 136 None 366 477 50 147 None 400 444 43 153 None 523 430 51 122 None 685 503 65 132 None 1062 397 54 139 None 832 442 46 116 digging 944 462 62 122 None 918 504 43 135 None
105950.jpg l-spike 982 482 55 126 None 794 531 86 100 None 805 441 49 98 None 571 520 79 126 None 560 385 46 172 blocking 563 367 37 151 blocking 480 343 58 149 spiking 490 454 44 123 None 456 510 53 119 None 264 543 58 137 None 249 450 72 114 None 216 471 49 142 None
105805.jpg l-pass 306 392 82 119 digging 532 397 51 125 None 405 534 57 137 None 764 454 47 106 None 830 506 44 149 None 738 553 50 130 None 934 511 43 134 None 1183 484 63 124 None 1212 445 40 116 None 931 442 46 114 None 928 473 47 138 None
115365.jpg r_set 744 534 109 54 None 811 436 54 116 None 655 379 74 88 None 580 422 44 156 setting 572 587 72 124 None 446 507 54 126 None 318 488 46 128 None 345 459 39 130 None 326 437 32 126 None 104 495 40 153 None 5 434 55 128 None 1 493 33 127 None
133390.jpg l-spike 273 520 70 155 None 254 490 40 115 None 488 422 52 117 None 477 336 62 119 spiking 586 367 37 165 blocking 593 338 40 147 blocking 641 470 52 115 None 863 504 78 103 None 876 424 55 100 None 992 495 74 100 None 357 446 52 100 None 402 467 70 122 None
94375.jpg l-pass 1025 435 84 135 None 936 372 50 124 None 933 450 54 122 None 910 459 56 150 None 914 534 67 131 None 819 478 58 169 None 808 497 90 160 None 693 452 97 69 digging 598 422 77 101 None 486 532 56 124 None 485 447 64 126 None
105735.jpg r_spike 998 416 56 92 None 981 494 51 104 None 721 433 42 107 None 669 502 56 116 None 747 519 95 132 spiking 578 466 47 188 blocking 418 441 70 96 None 171 546 63 130 None 39 530 79 106 None
91590.jpg l_set 1025 445 73 139 None 910 451 45 157 None 915 431 54 133 None 928 378 44 111 None 815 400 49 147 None 743 441 53 147 None 597 418 49 157 setting 611 382 67 83 None 482 428 42 131 None 251 418 62 80 None
64490.jpg r_set 912 392 46 108 None 711 421 49 115 digging 687 363 35 82 None 651 475 58 139 None 601 538 74 130 None 384 408 43 127 None 225 492 37 128 None 234 463 13 137 None 250 421 27 137 None
31055.jpg r-pass 169 436 56 107 None 209 476 56 119 None 236 508 74 116 None 356 455 34 128 None 359 431 32 114 None 444 406 32 116 None 517 389 48 102 None 856 415 76 100 None 783 361 30 121 setting 717 504 63 121 None 749 488 60 118 None
106095.jpg r-pass 894 535 68 72 None 916 465 49 104 None 713 575 76 118 None 692 467 60 134 digging 702 405 52 117 None 624 458 60 106 None 509 513 35 127 None 536 465 33 142 None 476 446 44 122 None 224 458 49 122 None 168 531 44 144 None 124 491 67 133 None
115330.jpg r-pass 162 468 67 138 None 235 479 54 126 None 360 489 43 119 None 281 477 81 133 None 265 426 64 112 None 632 504 60 129 None 950 429 74 107 None 730 464 36 60 digging 589 397 52 128 None 424 520 56 124 None 421 482 54 104 None
64410.jpg l_set 940 430 54 99 None 1017 507 48 138 None 1025 486 50 108 None 694 488 51 125 None 699 442 54 124 None 720 435 37 110 None 536 441 48 107 None 514 403 57 152 setting 389 418 61 91 None 297 443 61 106 None 241 508 79 107 None 149 536 93 137 None
106145.jpg r_spike 700 603 82 108 None 733 521 36 119 None 765 489 69 106 None 610 414 94 131 spiking 679 448 61 113 setting 670 403 88 94 None 118 540 55 133 None 84 489 48 128 None 124 459 66 102 None 425 542 46 106 None 448 480 39 127 None 451 452 45 99 None
94340.jpg r_set 606 382 49 159 setting 826 527 92 139 None 663 445 74 168 setting 783 352 72 102 None 933 451 85 111 None 1013 419 60 119 None 517 505 37 116 None 554 455 27 134 blocking 541 416 52 137 None 378 436 66 97 None 207 497 48 134 None 243 471 54 120 None
24695.jpg l-spike 854 526 60 110 None 874 470 62 86 None 810 432 42 97 None 641 434 41 80 None 525 418 55 147 blocking 374 470 52 144 spiking 406 467 43 98 None 462 416 37 100 None 480 422 49 114 None 336 440 40 112 None 211 507 48 98 None
105930.jpg l_set 1008 459 43 117 None 892 525 54 113 None 832 442 60 103 None 611 513 41 135 None 599 464 47 137 None 607 420 45 121 None 533 431 41 148 None 519 437 54 145 setting 403 431 72 94 None 177 547 99 139 None 150 482 78 117 None 217 471 49 127 None
105890.jpg l-pass 814 515 51 123 None 698 435 40 110 None 64 505 55 144 None 5 431 44 125 None 302 505 58 123 None 416 485 51 113 digging 363 509 44 100 None 323 462 68 85 None 928 456 48 116 None 501 506 49 130 None 486 485 29 142 None 493 467 49 133 None
64570.jpg r-pass 921 477 64 131 None 988 418 74 122 None 1043 462 63 121 None 729 531 59 110 None 773 444 61 150 setting 770 430 43 112 None 667 510 46 139 None 666 495 43 127 None 630 470 37 158 None 470 431 48 105 None 383 483 37 141 None 171 437 35 123 None
105755.jpg l-pass 1180 430 47 115 None 1067 521 51 111 None 863 581 55 118 None 870 542 52 128 None 805 510 84 115 None 831 438 57 128 None 736 571 44 115 None 748 519 31 134 blocking 725 544 36 97 None 546 451 87 90 None 319 553 75 137 digging 169 548 63 85 None
115305.jpg l-spike 463 424 43 191 spiking 396 514 83 117 None 441 409 42 126 None 423 462 41 114 None 201 439 46 130 None 330 484 70 112 None 573 424 53 195 blocking 700 420 85 119 None 877 522 67 125 None 823 426 61 91 None 1084 435 61 102 None
133740.jpg l-pass 62 519 46 113 None 291 463 63 187 setting 336 440 43 108 None 592 527 34 125 None 554 511 49 133 None 584 508 43 128 None 646 509 38 131 None 670 456 40 130 None 701 427 57 117 None 731 487 51 111 None 766 514 50 130 None 1028 456 52 133 None
24885.jpg r_spike 877 419 41 98 None 941 488 41 112 None 976 467 66 84 None 776 443 74 107 None 758 482 43 110 None 735 542 73 72 None 648 438 42 169 blocking 572 457 41 102 None 383 437 53 95 None 326 535 51 122 None 231 491 85 97 None
31010.jpg l-spike 948 493 55 90 None 873 519 68 105 None 847 439 52 84 None 666 502 45 114 None 585 414 45 122 None 591 355 42 143 blocking 496 427 75 121 None 471 355 81 110 spiking 393 459 39 92 None 383 529 70 122 None 373 528 75 98 None 218 467 42 105 None
91655.jpg r-pass 998 427 74 117 None 635 433 98 164 setting 643 388 52 119 None 520 345 50 123 None 521 372 62 109 None 483 381 50 115 None 297 452 86 135 None 382 414 39 154 None 317 373 62 101 None 194 408 58 121 None 85 486 43 129 None 53 438 41 127 None
89340.jpg l-spike 1156 505 86 128 None 1090 437 82 89 None 888 397 84 116 None 774 410 52 103 digging 640 431 42 197 blocking 626 414 63 192 blocking 546 448 58 132 None 487 481 58 161 spiking 438 465 60 117 None 356 481 65 119 None 242 444 62 106 None 211 468 46 127 None
94470.jpg r-pass 935 430 55 121 None 753 442 43 112 None 722 380 52 101 None 652 471 74 102 None 464 352 64 127 None 229 430 77 131 None 307 469 84 108 None 319 404 81 123 None 80 479 68 153 None 361 360 47 106 None
64610.jpg r_set 42 456 44 127 None 157 437 55 103 None 193 474 54 142 None 457 505 35 119 None 449 486 40 111 None 447 424 41 111 None 626 363 43 133 setting 583 466 63 119 None 689 541 82 123 None 870 456 65 137 None 819 440 52 105 None 817 378 85 94 None
91710.jpg r_spike 855 510 54 112 None 844 453 120 118 spiking 726 414 65 117 None 724 350 90 148 None 773 341 35 129 None 651 424 41 203 blocking 602 379 77 114 None 670 377 35 134 None 393 428 65 107 None 304 449 43 123 digging 343 516 57 117 None 921 427 70 142 None
133595.jpg l_set 216 551 98 125 None 190 481 107 114 None 445 448 34 122 None 517 448 47 158 setting 496 438 44 103 None 604 465 54 136 None 876 521 41 121 None 954 467 58 118 None 895 442 33 110 None 718 423 36 116 None 680 505 52 115 None 697 464 39 130 None
115220.jpg l-pass 275 485 79 92 None 408 496 86 116 digging 479 429 79 116 None 722 524 56 139 None 761 512 45 160 blocking 1088 472 52 118 None 941 533 54 129 None 899 539 50 131 None 847 439 52 129 None 872 487 39 137 None
24715.jpg l-pass 987 448 65 105 None 852 410 59 110 None 918 516 77 104 None 702 431 66 84 None 592 494 47 120 None 583 508 34 107 None 523 473 44 110 None 445 455 47 110 None 445 419 47 102 None 489 421 37 120 None 379 384 60 140 None 274 489 37 115 None
24855.jpg r_set 891 449 53 112 None 774 503 63 119 None 757 549 86 121 None 724 391 35 112 setting 829 384 69 88 None 475 499 49 111 None 478 454 41 116 None 472 421 32 79 None 640 400 63 95 None 178 504 58 130 None 227 434 51 100 None 158 473 35 114 None
31095.jpg r_set 894 553 73 122 None 756 407 41 127 setting 768 375 59 94 None 956 429 47 116 None 979 409 51 94 None 594 422 35 123 None 512 502 39 113 None 510 468 51 112 None 518 440 35 106 None 197 503 56 139 None 242 436 31 105 None 52 479 44 120 None
138185.jpg l_set 1007 487 47 117 None 923 438 47 105 None 918 514 54 133 None 697 519 50 109 None 688 451 39 115 None 701 431 43 103 None 604 416 54 141 setting 538 393 58 103 None 583 400 41 160 None 487 469 37 127 None 420 437 31 119 None 399 577 76 133 None
48890.jpg l-pass 1216 485 65 83 None 1083 470 69 127 None 1034 480 36 119 None 881 481 38 116 None 888 443 57 123 None 853 451 35 134 None 744 505 58 125 None 594 438 73 108 None 435 507 65 116 None 372 469 41 111 digging 436 422 48 117 None 219 489 49 142 None
89315.jpg l_set 198 550 68 132 None 440 567 76 143 None 398 412 51 112 None 481 446 47 137 setting 667 463 45 150 None 762 455 55 86 None 770 425 51 110 None 1087 387 56 130 None 1154 432 62 137 None 1152 494 50 141 None 776 510 45 141 None 361 442 68 121 None
130405.jpg r_set 205 479 69 106 None 254 515 41 139 None 488 536 43 122 None 497 488 43 108 None 570 385 40 128 setting 635 463 68 107 None 875 413 69 105 None 798 576 97 130 None 935 477 77 107 None 1071 513 56 81 None 494 466 45 69 None
24805.jpg r-pass 818 524 72 68 None 700 498 54 110 None 755 418 37 99 None 457 384 88 137 None 378 439 58 106 None 328 413 44 94 None 307 436 29 100 None 260 486 61 91 None 38 470 32 102 None 131 506 72 120 None 919 456 40 88 None
91620.jpg l-spike 1099 452 99 122 None 983 393 54 109 None 964 524 62 120 None 660 341 37 180 blocking 660 323 52 171 blocking 558 418 58 146 None 490 448 94 129 None 267 504 69 126 None 278 438 43 116 None 132 391 99 116 None 532 314 56 97 spiking
31130.jpg r_spike 1019 451 52 120 None 939 437 38 88 None 902 510 45 110 None 810 461 55 104 None 738 455 66 122 None 806 360 45 105 spiking 669 361 68 138 blocking 685 354 27 139 blocking 511 515 56 100 None 397 512 76 114 None 338 442 48 83 None 166 496 58 110 None
130545.jpg r_set 877 519 88 111 None 800 472 75 102 None 768 405 58 91 None 681 584 79 65 None 653 596 86 116 None 502 420 40 141 setting 400 560 44 105 None 400 513 48 100 None 406 473 34 92 None 151 528 51 141 None 141 461 51 110 None 53 477 41 137 None
30985.jpg l_set 1089 470 38 114 None 965 445 42 95 None 968 543 59 109 None 750 499 35 109 None 752 460 37 122 None 758 437 36 100 None 562 461 44 154 setting 539 440 77 117 None 463 467 49 112 None 458 397 70 84 None 316 511 53 82 None 278 566 85 125 None
133370.jpg l_set 1051 480 58 108 None 912 526 57 116 None 904 423 43 100 None 707 477 39 125 None 701 446 49 116 None 719 423 34 117 None 548 400 46 155 setting 418 422 57 89 None 357 481 49 126 None 303 468 105 108 None 166 555 105 140 None
94365.jpg r_spike 843 438 77 165 spiking 962 423 56 133 None 873 362 52 142 None 822 442 42 165 None 756 413 54 187 blocking 658 413 83 106 None 395 529 65 133 None 512 435 86 94 None 402 446 64 125 None
49080.jpg l-pass 1120 444 48 99 None 939 470 50 129 None 770 529 56 118 None 744 443 69 120 None 678 471 47 118 None 655 438 71 139 blocking 587 446 43 173 setting 534 524 67 131 None 549 449 50 111 None 337 520 77 126 None 278 483 37 114 None 220 438 48 107 None
105860.jpg l-spike 1008 468 68 109 None 952 541 51 117 None 849 442 51 95 None 584 427 37 183 blocking 567 411 63 156 blocking 473 470 92 109 None 410 502 51 100 None 420 462 72 110 None 351 429 51 175 spiking 239 457 57 127 None 69 399 43 114 None
91545.jpg l-pass 518 420 54 106 digging 579 504 62 126 None 916 427 46 136 None 921 397 36 134 None 909 387 34 127 None 962 476 50 97 None 995 407 48 139 None 1021 478 64 164 None 1043 363 52 116 None 1110 394 60 126 None 1216 444 53 120 None 551 450 53 126 None
130430.jpg r_spike 904 461 32 137 None 736 567 86 110 None 754 448 40 102 None 707 432 35 118 None 548 526 84 118 None 652 377 26 205 blocking 822 368 59 132 spiking 312 456 48 102 None 338 518 79 130 None 187 512 75 127 None 1170 485 68 115 None
133805.jpg l-spike 1080 474 69 105 None 954 534 57 111 None 897 440 60 94 None 610 385 40 193 blocking 615 376 43 164 blocking 538 448 38 119 None 489 494 49 128 None 427 499 66 131 None 366 448 72 102 None 336 399 57 134 spiking 240 494 48 134 None
89220.jpg r_set 62 469 65 144 None 180 524 51 130 None 279 431 52 100 None 468 491 42 147 None 476 461 47 138 None 480 431 52 116 None 733 367 38 167 setting 678 491 61 137 None 834 418 46 116 None 838 457 117 120 None 847 568 53 145 None 923 364 79 103 None
91520.jpg r_spike 960 403 35 123 None 853 434 88 141 None 810 530 95 154 None 745 380 89 103 None 675 396 81 117 None 693 341 85 142 spiking 575 463 46 147 None 605 342 29 176 blocking 591 342 37 149 blocking 296 517 58 120 None 238 455 47 128 None 318 414 82 98 None
115270.jpg l_set 1006 406 51 112 None 1132 466 51 128 None 1087 506 45 126 None 723 509 54 124 None 716 468 51 128 None 719 423 43 107 None 592 413 50 101 None 547 435 44 111 None 477 428 46 161 setting 359 412 46 132 None 383 489 59 137 None 387 579 75 131 None
64375.jpg l-pass 1190 523 60 145 None 1091 469 41 127 None 1020 437 47 120 None 816 492 30 127 None 808 463 32 131 None 807 449 32 122 None 708 508 52 117 None 489 491 57 136 None 428 453 57 111 digging 384 487 43 117 None 261 501 34 125 None 143 519 44 141 None
130585.jpg l-pass 1098 450 32 130 None 967 492 60 137 None 947 488 42 117 None 982 470 23 121 None 863 563 89 123 None 844 439 84 84 None 785 442 40 120 None 793 407 32 110 None 616 538 78 106 None 448 531 61 106 digging 449 502 67 103 None 448 447 58 81 None
48980.jpg r-pass 807 497 84 97 digging 701 434 74 79 None 679 508 72 116 None 543 495 58 116 None 393 384 30 125 blocking 382 407 39 111 None 283 439 60 112 None 307 399 53 105 None 207 509 74 112 None 218 466 69 121 None 93 504 67 140 None 35 470 69 97 None
133555.jpg r_spike 175 482 35 125 None 278 501 59 144 None 595 537 49 136 None 615 452 37 145 blocking 603 457 37 88 None 697 430 42 130 spiking 698 532 44 134 None 817 609 58 98 None 853 412 54 95 None 884 456 44 107 None 954 465 37 128 None 422 479 45 110 None
130670.jpg r_set 956 481 68 120 None 783 470 60 108 None 790 398 57 92 None 708 593 69 117 None 579 464 71 137 None 529 418 54 139 setting 428 544 43 134 None 433 469 55 117 blocking 437 459 72 111 blocking 185 515 61 142 None 144 473 71 108 None 99 480 46 137 None
94420.jpg l_set 1073 422 94 127 None 1159 457 65 132 None 937 402 67 126 None 726 483 45 135 None 714 406 54 129 None 613 478 46 130 None 586 380 56 130 setting 498 496 55 148 None 445 374 55 118 None 163 522 76 150 None 426 383 74 124 None 714 374 39 126 None
24975.jpg r_spike 147 495 38 93 None 218 515 49 127 None 252 463 34 102 None 387 429 60 95 None 448 458 37 125 blocking 445 418 27 131 blocking 540 397 46 136 spiking 650 501 47 115 None 744 488 52 103 None 787 417 49 105 None 879 442 41 99 None
64635.jpg r_spike 877 412 46 117 None 696 314 37 112 spiking 714 425 53 130 None 699 425 37 81 None 602 435 53 133 None 648 534 75 109 None 405 490 88 131 None 481 441 53 126 None 529 322 29 165 blocking 195 472 93 120 None 151 431 43 112 None 167 419 40 81 None
89245.jpg r_spike 781 490 58 131 None 940 383 60 117 None 958 470 42 102 None 859 434 85 206 spiking 1069 448 79 122 None 706 419 52 212 blocking 669 461 57 120 None 330 555 75 110 None 407 440 70 100 None 245 485 72 110 None
24745.jpg l-pass 1137 450 47 117 None 1051 422 27 114 None 997 504 45 115 None 850 535 37 130 None 774 463 42 125 None 819 433 38 96 None 652 478 45 129 None 378 455 41 99 setting 587 424 50 111 None 520 469 50 104 None 515 398 45 86 None 544 415 40 90 None
133655.jpg r-pass 805 572 161 67 None 1008 451 63 112 None 742 462 100 74 None 622 446 84 102 None 499 550 53 121 None 507 519 39 121 None 358 479 65 142 None 378 427 46 114 None 286 540 58 151 None 303 493 37 116 None 228 475 55 123 None 30 478 53 116 None
64420.jpg l-spike 211 533 82 142 None 342 498 43 116 None 309 442 78 107 None 443 441 43 137 None 439 409 68 100 None 521 375 102 124 spiking 662 493 49 116 None 664 412 23 133 blocking 670 431 49 93 None 918 422 46 107 None 987 510 51 133 None 1002 491 53 102 None
48930.jpg l_set 938 529 59 119 None 1009 432 35 105 None 1094 472 67 129 None 739 498 49 113 None 430 502 56 122 None 282 487 79 105 None 429 391 75 76 None 539 429 66 110 None 495 417 42 122 setting 202 566 94 150 None 757 430 39 147 None
91685.jpg r_set 1046 494 105 134 None 709 499 68 114 None 744 379 51 131 None 715 383 55 100 None 632 361 43 148 setting 705 350 63 102 None 513 455 49 145 None 501 400 43 122 None 520 410 49 125 None 302 405 49 116 None 236 496 43 128 None 186 442 57 128 None
133765.jpg l_set 1009 458 65 125 None 816 517 45 131 None 795 457 30 107 None 640 485 37 120 None 655 450 37 130 None 662 437 33 121 None 528 506 40 111 None 507 482 39 120 digging 388 510 79 130 None 343 448 47 110 None 307 520 67 129 None 79 501 90 117 None
24900.jpg l-pass 953 494 47 118 None 980 472 55 90 None 903 429 48 110 None 853 473 72 99 None 798 523 42 91 None 764 532 45 100 None 233 516 58 69 None 428 445 65 80 None 390 516 51 110 None 561 476 55 100 None 653 530 61 116 None 685 470 32 124 None
24790.jpg l-spike 1057 467 55 88 None 947 510 49 100 None 911 422 48 99 None 854 502 49 114 None 601 357 52 145 blocking 503 431 48 110 None 448 427 49 99 None 415 476 61 94 None 292 503 69 114 None 119 461 79 85 None 438 356 65 99 spiking
105655.jpg r-pass 726 450 51 99 digging 861 440 48 116 None 771 512 43 125 None 619 406 37 115 None 658 390 62 110 None 440 450 56 119 None 352 456 62 124 None 368 511 39 121 None 86 519 70 141 None 19 436 48 133 None 56 486 37 132 None 356 488 6 48 None
91510.jpg r_set 818 537 95 149 None 911 455 105 112 None 910 402 37 118 None 784 383 70 105 None 660 407 67 121 None 611 360 65 140 setting 511 467 39 142 None 519 416 39 118 None 524 397 42 128 None 286 415 60 98 None 243 492 42 133 None 167 453 44 126 None
24690.jpg l-spike 900 479 68 77 None 863 527 44 88 None 819 434 48 91 None 628 434 81 78 None 569 446 36 164 blocking 525 424 39 115 None 487 414 43 101 None 432 464 48 100 None 364 439 46 106 None 343 486 58 133 spiking 227 504 57 102 None
89265.jpg l-pass 266 468 58 122 None 457 453 52 99 None 484 546 60 101 None 639 526 45 129 digging 765 537 43 135 None 723 529 75 135 None 843 553 96 140 None 846 508 61 140 None 887 512 77 131 None 1107 445 64 134 None 987 463 66 134 None 962 408 72 127 None
24665.jpg l_set 1062 467 34 114 None 946 437 40 96 None 884 520 52 103 None 707 486 48 106 digging 710 442 38 88 None 735 432 37 97 None 579 418 38 133 setting 597 429 44 113 None 482 407 55 80 None 424 419 44 105 None 355 486 52 105 None 211 537 96 119 None
94450.jpg l-spike 1051 431 55 125 None 925 467 45 127 None 880 379 50 104 digging 684 447 62 127 None 590 337 47 189 blocking 578 309 42 168 blocking 434 454 62 117 None 342 437 71 127 None 434 401 80 125 None 369 386 57 117 None 433 301 89 127 spiking 180 503 82 152 None
133525.jpg r-pass 137 488 43 122 None 299 520 63 137 None 351 459 77 100 None 565 479 74 103 None 625 518 58 156 spiking 625 510 41 144 None 995 455 61 119 None 993 440 79 102 None 821 413 65 125 None 799 541 57 102 digging 700 543 72 128 None 715 488 57 117 None
115155.jpg r_set 731 520 46 115 setting 782 537 83 64 None 753 577 58 135 None 459 447 47 130 None 691 473 47 129 None 616 375 54 112 None 240 454 55 148 None 233 511 41 130 None
24940.jpg l_set 1038 467 32 124 None 960 422 62 114 None 918 510 55 112 None 774 442 35 101 None 734 503 33 114 None 731 464 43 104 None 237 510 57 81 None 252 542 79 130 None 520 413 37 82 None 507 514 61 136 None 488 442 48 110 None 540 495 47 110 digging
115200.jpg r_spike 917 487 54 116 None 728 475 82 179 spiking 690 520 72 127 digging 651 508 54 135 None 687 435 43 120 None 514 474 43 177 blocking 498 456 70 164 blocking 240 440 65 110 None 135 534 49 112 None
106040.jpg l-pass 406 533 55 129 digging 358 502 56 112 None 472 470 52 109 None 644 442 40 110 None 755 527 74 117 None 1098 577 101 69 None 1069 456 43 118 None 865 515 57 132 None 868 448 60 140 None 898 416 39 126 None 982 530 50 106 None 736 451 35 131 None
24635.jpg l-pass 472 414 49 94 None 575 411 72 105 None 488 411 44 123 setting 698 472 40 113 None 407 488 60 100 None 187 524 34 133 None 798 437 27 94 None 787 473 26 116 None 770 423 30 127 blocking 1136 512 61 119 None 998 427 27 117 None 975 492 27 119 None
91480.jpg r-pass 726 444 87 67 None 793 424 62 124 None 883 451 58 124 None 632 499 47 152 None 521 394 82 112 None 641 440 82 122 None 352 401 52 170 None 329 455 42 155 None 108 445 44 127 None 115 483 30 135 None
130630.jpg r-pass 899 452 65 100 None 830 466 67 105 digging 825 556 59 127 None 731 487 42 145 None 768 388 49 111 None 517 456 28 109 None 393 522 45 123 None 417 461 50 127 None 430 442 43 127 None 171 452 59 110 None 100 521 91 135 None 126 481 57 138 None
105865.jpg l-spike 987 468 55 110 None 913 539 41 111 None 802 441 48 102 None 544 433 40 168 blocking 543 417 51 151 blocking 438 477 83 102 None 379 501 51 92 None 386 462 69 103 None 350 462 80 144 None 191 456 43 134 None 39 407 49 114 None
49140.jpg l-spike 899 486 73 89 None 868 552 64 102 None 802 450 71 88 None 614 430 44 105 None 421 494 73 130 None 417 394 53 101 None 226 529 48 104 None 298 491 89 136 spiking 351 458 62 86 None 541 462 44 158 blocking 347 497 50 108 None
115100.jpg r-pass 634 451 59 114 None 797 429 45 115 None 727 383 44 121 None 1007 453 49 105 None 986 536 66 112 None 340 480 40 123 None 87 539 45 145 None 96 487 44 89 None 539 489 26 146 None 551 434 30 142 blocking 506 452 43 130 None 984 510 46 103 digging
37245.jpg l_winpoint 398 431 35 108 None 705 372 50 131 None 726 423 36 124 None 669 446 68 115 None 634 423 35 110 None 1141 480 41 130 None 1077 437 44 137 None 1035 405 40 120 None 644 438 59 117 None
43005.jpg l_winpoint 1182 448 33 119 None 993 425 82 119 None 1051 483 61 132 None 991 451 60 132 None 696 445 53 132 None 791 452 47 117 None 627 564 46 131 None 522 457 67 124 None 575 434 55 119 None 599 415 37 106 None
39330.jpg l_winpoint 86 450 44 110 None 180 459 63 113 None 249 442 41 117 None 293 495 56 143 None 281 396 53 107 None 320 417 41 118 None 403 398 57 126 None 642 408 49 97 None 728 435 46 113 None 659 487 56 125 None 509 497 72 134 None
41445.jpg r_winpoint 207 506 49 130 None 120 471 53 132 None 175 460 43 115 None 384 423 48 112 None 480 470 43 123 None 488 567 42 137 None 883 453 52 116 None 688 485 35 120 None 642 487 51 125 None 622 479 32 135 None 643 440 46 96 None 608 465 35 120 None
35580.jpg r_winpoint 256 511 54 82 None 527 503 50 122 None 602 403 30 120 None 510 422 36 100 None 670 506 60 124 None 708 477 47 131 None 1094 477 46 117 None 992 509 57 116 None 925 431 56 121 None 891 467 39 147 None 875 467 33 124 None 849 442 57 120 None
31170.jpg l_winpoint 910 457 67 119 None 854 485 41 118 None 845 428 65 104 None 884 431 53 69 None 764 442 50 114 None 690 460 56 116 None 635 380 38 126 None 554 402 70 112 None 448 467 81 122 None 385 427 44 104 None 291 499 63 131 None 204 469 46 115 None
43635.jpg r_winpoint 231 515 39 124 None 196 464 46 128 None 320 428 42 119 None 465 454 68 111 None 519 553 72 134 None 532 487 48 133 None 701 499 36 133 None 819 533 77 116 None 908 485 77 114 None 722 452 68 121 None 756 445 46 106 None 718 427 36 107 None
37920.jpg l_winpoint 836 505 69 68 None 668 488 42 123 None 580 425 43 104 None 420 406 34 112 None 404 369 32 115 None 356 381 43 120 None 203 464 99 123 None 240 433 40 122 None 142 398 42 80 None 120 435 41 119 None 60 419 37 104 None
34395.jpg r_winpoint 1160 466 40 102 None 1104 471 60 146 None 1086 517 43 133 None 1031 455 47 121 None 1013 448 50 114 None 917 422 70 115 None 949 421 34 102 None 882 510 48 127 None 734 439 54 94 None 673 513 58 119 None 507 510 77 67 None
44805.jpg l_winpoint 401 484 55 120 None 405 455 49 122 None 421 445 60 114 None 507 424 48 130 None 444 520 54 149 None 573 470 52 120 None 755 450 42 129 None 818 433 56 102 None 838 485 55 129 None 1043 479 71 126 None 1129 419 40 127 None 1125 467 56 125 None
33825.jpg l_winpoint 975 440 43 117 None 827 443 40 109 None 783 499 79 112 None 762 389 40 109 None 682 444 42 127 None 664 498 49 126 None 583 475 58 166 None 533 505 65 135 None 518 415 38 109 None 434 427 46 110 None 295 481 52 151 None 264 446 63 94 None
31920.jpg l_winpoint 843 445 40 115 None 832 433 34 104 None 752 480 39 126 None 683 461 41 123 None 634 434 51 122 None 631 405 61 99 None 522 448 75 134 None 501 447 35 118 None 486 421 69 109 None 403 451 62 110 None 374 481 68 119 None 252 452 67 106 None
44265.jpg r_winpoint 384 385 40 115 None 453 473 39 118 None 517 433 45 119 None 622 390 40 114 None 621 447 37 122 None 596 468 48 129 None 758 429 57 121 None 810 427 48 110 None 790 450 65 126 None 921 411 47 123 None 887 438 67 116 None 896 473 55 127 None
