1985.jpg r-pass 1278 588 73 164 None 971 645 73 172 None 807 691 73 203 None 936 526 63 146 None 838 410 52 133 None 1270 797 81 165 digging 544 610 54 192 None 535 532 42 174 None 531 445 59 134 None 256 561 49 162 None 200 497 64 163 None 46 619 63 179 None
9185.jpg l-pass 448 525 70 178 None 696 615 124 155 None 658 534 58 153 None 886 518 76 142 None 961 626 56 189 None 973 592 101 176 digging 1106 594 66 185 digging 1233 674 86 203 None 1230 579 80 144 None 1403 516 64 140 None 1391 439 72 149 None
1130.jpg l-spike 1383 679 91 144 None 1452 601 65 136 None 1219 505 82 131 None 944 624 111 156 None 930 502 41 192 None 925 426 44 164 blocking 863 581 61 173 None 799 693 76 188 None 687 638 100 163 None 665 558 50 170 None 349 583 80 141 None 766 418 84 142 spiking
5400.jpg l-spike 320 693 101 171 None 383 588 67 146 None 205 560 68 136 None 449 519 80 163 None 513 395 86 178 spiking 535 531 108 160 None 691 399 63 181 blocking 702 415 58 212 blocking 734 571 68 170 None 1131 500 59 109 digging 1173 657 69 150 digging 1317 556 61 144 None
1070.jpg l-pass 601 657 63 168 None 549 614 70 121 digging 602 576 84 127 digging 638 510 56 128 None 812 504 96 117 None 1005 600 59 144 None 1136 531 51 151 None 1132 547 52 153 None 1135 593 53 164 None 1394 525 62 134 None 1611 530 77 122 None 1662 682 80 133 None
19780.jpg r_set 1346 494 71 178 setting 1301 597 90 189 None 1143 596 73 196 None 1066 533 70 95 None 992 450 55 160 None 1150 390 55 123 None 888 504 42 184 None 832 588 55 180 None 855 413 50 126 None 503 532 50 165 None 432 621 121 178 None 418 513 60 150 None
2945.jpg r-pass 196 616 64 167 None 495 635 65 145 None 543 547 59 170 None 635 462 72 149 None 667 532 60 176 None 683 654 63 191 None 784 562 60 151 None 760 676 70 170 None 909 493 51 151 None 989 515 81 135 digging 1137 528 71 132 None 1152 673 102 143 None
6820.jpg l_set 1462 672 76 173 None 1446 560 43 155 None 1343 518 56 125 None 956 626 63 173 None 954 575 65 164 None 952 510 50 150 None 740 549 59 208 digging 703 501 58 205 setting 606 443 67 117 None 457 566 138 139 None 355 727 94 189 None 163 504 69 99 None
6910.jpg r_set 446 509 58 148 None 542 523 100 150 None 492 620 99 180 None 834 603 64 188 None 793 619 59 186 None 823 504 46 154 None 922 610 50 187 None 970 691 102 180 digging 1118 761 93 205 None 1350 596 48 158 None 1317 476 61 135 None 1158 430 44 138 None
9055.jpg r_set 1417 503 52 151 None 1295 528 115 156 None 1259 428 107 132 None 1278 707 96 201 None 1076 531 87 246 None 1040 415 62 200 setting 849 608 100 189 None 879 529 66 217 None 850 479 64 176 None 481 645 127 185 None 482 497 67 150 None 291 612 97 168 digging
2910.jpg l_set 1423 575 70 130 None 1360 657 65 145 None 1242 514 70 123 None 917 628 60 143 None 903 535 43 161 blocking 898 511 55 155 None 792 528 59 204 setting 702 446 95 191 None 565 462 58 110 None 420 526 137 177 None 570 696 146 185 None 300 600 53 152 None
2930.jpg l-spike 198 623 56 153 None 511 539 76 174 None 583 593 63 172 None 635 558 78 238 spiking 678 529 73 151 None 599 444 70 155 None 761 543 40 156 None 762 562 66 224 blocking 841 527 69 125 digging 992 533 78 106 None 1212 538 66 117 digging 1231 695 62 139 digging
2860.jpg l-pass 1694 632 80 136 None 1676 480 72 138 None 1451 474 77 144 None 1188 549 44 173 None 1185 504 47 160 None 1177 486 49 160 None 1006 567 91 160 None 843 434 79 143 None 629 456 57 135 digging 574 494 66 162 None 569 610 84 188 None 510 549 62 141 digging
19820.jpg r_spike 264 608 136 156 None 648 494 49 145 None 653 634 135 174 None 968 531 86 148 None 1079 357 48 205 blocking 1076 359 55 220 blocking 1188 379 86 134 spiking 1171 499 71 165 None 1300 514 53 153 None 1171 609 63 193 None 1515 580 73 183 None 1606 553 91 168 None
2050.jpg r_spike 503 550 78 151 digging 628 533 88 129 None 523 667 91 134 None 977 605 77 163 None 1040 422 62 216 blocking 1058 444 45 245 blocking 1164 442 54 151 None 1240 410 82 207 spiking 1109 571 45 147 None 1118 567 104 186 None 1542 678 73 195 None 1174 677 76 189 None
3115.jpg l_set 1670 654 79 161 None 1692 558 55 160 None 1462 503 60 130 None 1089 576 48 168 None 1080 538 58 166 None 1073 491 51 156 None 863 529 51 174 None 640 432 81 111 None 554 478 72 145 None 565 441 48 124 None 519 519 56 193 setting 506 707 113 178 None
3220.jpg l_set 421 538 64 144 None 534 472 87 143 None 758 423 73 117 None 854 433 56 190 None 687 467 79 205 setting 551 688 114 187 None 969 458 46 179 None 971 508 59 183 None 972 584 75 185 None 1355 478 51 132 None 1553 559 61 144 None 1378 640 90 150 None
9250.jpg l-spike 326 586 84 177 None 516 511 75 160 None 600 462 60 152 None 694 462 61 175 None 648 361 85 188 spiking 666 582 61 183 None 799 374 62 160 None 806 411 67 160 None 873 517 60 147 None 1201 460 88 135 None 1172 606 85 177 None 1395 533 73 149 None
6735.jpg r_spike 1596 570 61 149 None 1424 497 81 122 None 1273 604 97 158 None 1175 590 111 226 spiking 1138 614 72 145 None 1201 482 57 141 None 1070 557 78 234 blocking 1077 539 47 228 blocking 934 504 70 123 None 668 516 70 130 None 608 673 95 167 None 542 592 77 142 None
19740.jpg r-pass 286 658 123 189 None 370 626 68 189 None 199 561 60 146 None 467 539 101 115 None 595 513 53 185 None 554 432 55 150 None 671 481 54 158 None 661 471 84 137 None 813 559 96 124 digging 877 545 134 96 None 954 591 84 162 None 1125 570 67 162 None
6765.jpg l-pass 388 657 95 191 None 373 576 102 155 None 490 469 51 154 digging 689 488 83 157 None 794 684 58 210 None 854 720 147 195 None 1052 700 64 207 None 1061 584 61 192 None 1056 513 51 156 None 1233 635 62 176 None 1437 524 67 152 None 1471 610 51 166 None
3175.jpg l-pass 211 543 101 131 None 381 606 117 145 None 497 613 99 166 None 576 491 83 162 None 518 422 64 200 setting 705 493 49 133 None 751 459 64 150 None 764 444 52 170 None 775 483 62 150 None 1118 489 52 124 None 1246 631 90 163 None 1473 537 90 152 None
1870.jpg l-pass 521 609 70 127 None 572 579 94 111 digging 617 551 78 106 digging 577 652 68 175 None 806 473 86 135 None 932 596 97 157 None 1136 520 56 159 None 1139 534 56 169 None 1151 576 56 180 None 1398 501 80 147 None 1614 667 79 137 None 1729 511 68 145 None
1190.jpg r_set 1460 601 66 161 None 1247 583 142 147 None 1018 478 48 176 setting 1039 485 57 141 None 991 457 59 134 None 814 649 84 172 None 807 576 61 184 None 801 478 53 148 None 489 498 71 144 None 407 661 67 158 None 281 588 90 149 None 1225 752 127 193 None
1935.jpg l-spike 1229 687 58 120 digging 1232 556 86 127 None 1078 540 77 117 digging 766 548 106 131 None 730 573 45 244 blocking 722 567 81 184 blocking 615 529 74 152 None 552 479 58 143 None 534 557 67 256 spiking 377 671 69 147 None 303 594 92 154 None 328 541 76 158 None
19825.jpg r_spike 311 603 87 153 digging 691 491 49 144 None 712 620 112 155 None 951 544 104 142 None 1094 367 87 205 blocking 1207 395 52 149 spiking 1204 512 74 137 None 1195 591 63 180 None 1339 514 43 152 None 1545 576 68 180 None 1684 548 54 173 None
6965.jpg l-pass 494 613 68 166 None 669 531 73 121 None 798 607 72 192 setting 902 502 75 157 None 1020 590 96 185 None 1041 643 77 169 None 1106 577 64 146 None 1153 559 96 178 None 1145 504 62 143 None 1386 536 65 146 None 1406 610 73 163 None 1285 759 91 203 None
9110.jpg r-pass 1267 435 120 146 digging 1132 500 97 163 None 951 553 90 183 None 873 681 114 192 None 884 499 73 162 None 869 447 105 154 None 730 445 54 156 None 661 436 56 148 None 495 593 99 183 None 245 603 115 196 None 220 448 52 160 None 150 547 77 202 None
22685.jpg r_spike 1467 564 54 156 None 1402 458 78 128 None 1210 565 67 161 None 1135 559 120 162 spiking 1070 522 126 159 None 963 532 61 179 None 944 478 56 123 None 878 588 69 164 None 625 537 66 143 None 488 671 119 168 None 421 599 63 173 None 1231 748 103 192 None
3045.jpg l-pass 323 537 74 162 digging 587 479 87 138 None 732 494 71 108 digging 658 641 74 162 None 1043 583 67 214 None 1060 584 53 209 None 1156 499 84 145 None 1141 584 123 173 None 1193 639 82 154 None 1333 564 93 139 None 1429 642 93 154 None 1569 567 79 165 None
9210.jpg l_set 529 643 87 160 None 435 526 89 185 None 568 529 53 170 None 705 477 87 146 None 820 538 71 224 setting 911 577 73 202 None 1004 561 93 184 None 1101 509 54 162 None 1069 590 83 260 None 1273 593 103 179 None 1393 445 55 153 None 1645 502 54 153 None
3155.jpg l-spike 1480 551 63 145 None 1289 653 60 167 None 1159 475 68 120 None 758 426 42 194 blocking 734 377 61 196 blocking 566 508 99 147 digging 586 389 81 163 spiking 491 494 62 150 digging 549 639 82 159 None 350 587 61 161 None 249 512 48 150 None
5490.jpg r_spike 532 580 82 154 digging 731 642 105 160 None 778 469 76 135 None 1039 565 129 133 None 1127 405 48 208 blocking 1204 539 47 157 None 1199 492 51 166 None 1139 385 51 178 blocking 1238 370 55 173 spiking 1319 465 52 162 None 1408 556 81 164 None 1626 592 72 183 None
6710.jpg r_set 434 594 63 181 None 551 526 59 125 None 495 658 102 168 None 842 509 73 147 None 851 624 61 154 None 862 583 60 166 None 1063 587 78 189 None 1143 449 51 161 setting 1073 447 84 130 None 1359 569 97 132 None 1327 520 57 137 None 1291 734 129 202 None
9075.jpg r_spike 1518 485 70 159 None 1261 317 55 184 spiking 1276 511 83 171 None 1223 484 49 165 None 1116 661 132 192 None 1116 565 66 190 None 897 578 87 172 None 1043 378 57 249 blocking 595 435 64 128 None 503 542 87 172 digging 562 590 147 157 None
5370.jpg l_set 1344 508 55 145 None 1523 638 72 192 None 1532 546 49 144 None 1001 613 71 179 None 996 552 68 99 None 996 502 48 157 None 823 512 77 141 None 616 538 65 173 setting 468 527 84 143 None 514 454 87 112 None 291 570 62 142 None 307 703 134 194 None
6950.jpg r_spike 431 576 85 148 None 1402 601 57 153 None 1371 519 64 151 None 1101 752 109 217 None 1093 538 102 216 spiking 1089 569 88 154 None 1151 502 43 146 None 911 521 99 133 None 989 552 79 216 blocking 1008 545 51 198 blocking 701 606 80 173 None 647 509 72 129 None
1110.jpg l_set 637 713 146 173 None 503 566 131 155 None 343 608 63 149 None 673 482 52 101 None 807 526 66 219 setting 850 532 49 169 None 985 518 55 161 None 985 544 61 170 blocking 1007 632 57 163 None 1296 535 81 133 None 1483 585 76 146 None 1470 660 65 153 None
1210.jpg r_spike 212 590 85 145 None 503 526 78 136 None 409 694 95 141 None 878 646 65 169 None 864 517 52 111 None 901 522 46 222 blocking 1035 567 82 130 None 1007 511 68 152 None 1002 463 49 152 None 1110 513 56 188 spiking 1074 723 96 177 None 1446 614 82 155 None
2995.jpg r_set 328 557 94 143 None 456 647 66 161 None 571 478 63 147 None 907 601 69 179 None 881 452 50 142 None 901 551 54 174 None 1043 544 59 177 None 1183 637 101 167 digging 1308 536 66 153 None 1206 421 52 124 None 1291 497 59 140 None 1270 763 86 219 None
1910.jpg l_set 1416 654 76 140 None 1459 559 64 139 None 1302 525 71 127 None 952 640 71 182 None 947 546 63 135 blocking 946 509 52 161 None 748 499 80 154 None 677 524 62 205 setting 504 535 81 136 None 413 615 63 152 None 494 720 72 185 None 384 548 85 150 None
7010.jpg l_set 1468 664 83 170 None 1368 565 58 147 None 1292 524 72 129 None 978 574 65 182 blocking 975 525 60 158 None 979 492 48 161 None 910 509 58 239 setting 861 514 58 142 None 631 454 90 124 None 438 725 100 187 None 460 584 76 139 None 309 572 77 149 None
9160.jpg r_spike 374 556 124 162 digging 613 609 82 155 digging 687 482 67 139 digging 948 501 81 150 None 983 477 101 244 blocking 1014 465 67 259 blocking 1113 459 93 227 spiking 1390 509 62 182 None 1311 413 74 158 None 1422 459 70 152 None 1321 700 86 233 None
6845.jpg l-spike 1362 702 98 153 None 1342 586 72 118 None 1145 528 79 104 digging 929 530 93 123 None 822 567 53 232 blocking 806 542 56 223 blocking 675 597 93 168 digging 621 577 91 143 None 659 534 57 134 None 660 456 75 149 None 559 549 71 255 spiking 135 562 62 144 None
1145.jpg r-pass 307 576 54 140 None 565 644 110 158 None 696 659 98 160 None 754 582 62 192 None 727 502 86 144 None 623 542 70 154 None 806 486 49 145 None 855 486 52 151 None 958 629 108 153 None 1182 513 71 115 None 1328 602 78 145 None 1241 634 78 162 None
6855.jpg r-pass 155 587 76 157 None 612 679 112 179 None 617 594 71 146 None 588 580 87 147 None 666 538 79 137 None 621 467 81 159 None 754 545 108 257 blocking 759 560 80 248 blocking 889 522 99 133 None 1096 549 84 87 None 1308 592 74 127 None 1300 685 103 172 None
5465.jpg r_set 1461 586 97 174 None 1442 581 94 124 None 1197 439 57 120 None 1150 449 60 146 None 1118 443 52 176 setting 1054 466 45 145 None 948 576 48 161 None 962 518 46 172 None 940 462 63 149 None 719 462 66 139 None 563 615 102 160 None 485 552 50 146 None
19705.jpg l-spike 429 703 105 190 None 322 573 57 167 None 585 581 72 156 None 589 546 79 150 None 667 461 83 128 None 741 408 73 202 spiking 874 421 45 231 blocking 883 577 61 182 None 1231 488 63 123 digging 1415 552 66 145 None 1331 643 87 171 None
3240.jpg l-spike 368 606 68 146 None 478 497 84 143 None 573 532 60 153 None 600 588 121 203 spiking 723 485 73 152 None 688 434 71 128 None 847 557 53 154 None 835 573 66 232 blocking 935 487 58 129 None 1167 510 91 131 digging 1367 536 86 146 digging 1260 659 64 131 None
9140.jpg r_set 1235 737 97 226 None 1124 576 72 168 None 1391 515 106 151 None 1191 413 73 117 None 1104 482 85 155 setting 800 585 59 183 None 818 499 72 176 None 846 472 61 156 None 440 608 90 186 None 299 555 64 192 None 421 453 96 159 None 1689 507 145 88 None
19720.jpg l-spike 1077 627 83 170 None 1188 578 62 147 None 1042 482 56 126 None 711 529 73 199 setting 666 440 42 236 blocking 631 369 73 205 blocking 591 544 64 151 None 525 365 72 202 spiking 433 532 67 159 digging 361 709 104 172 None 296 634 75 190 None 150 557 50 171 None
5425.jpg r-pass 1299 536 75 151 None 1103 600 70 176 None 1081 503 63 128 None 820 525 101 129 digging 769 480 78 143 None 799 468 50 142 None 706 494 45 141 None 644 525 68 153 None 575 504 65 141 None 515 592 118 153 None 309 612 66 179 None 291 558 50 139 None
2030.jpg r_set 1263 571 130 140 None 1053 446 64 119 None 969 506 58 207 setting 1026 609 73 196 None 1159 777 78 199 None 847 642 81 166 None 857 590 62 195 None 842 521 62 132 None 563 521 77 127 None 320 558 62 156 None 363 683 72 134 None 1449 812 69 189 None
37140.jpg r_winpoint 490 514 43 184 None 747 410 72 137 None 614 539 90 186 None 688 571 88 176 None 1010 385 45 166 None 1053 428 48 150 None 1433 471 25 150 None 1400 466 43 159 None 1610 541 51 162 None 1161 565 81 176 None 1322 569 63 166 None 1231 522 88 177 None
43605.jpg l_winpoint 229 622 88 154 None 486 614 93 160 None 577 612 76 150 None 545 549 64 168 None 604 522 62 109 None 589 576 76 169 None 1514 544 65 155 None 1381 609 78 154 None 1359 553 57 155 None 1031 615 57 160 None 1112 552 54 147 None 1042 560 77 172 None
36480.jpg l_winpoint 537 441 71 177 None 498 502 50 180 None 603 527 103 175 None 701 547 94 180 None 781 464 60 151 None 753 485 82 176 None 1457 462 51 146 None 1259 435 88 149 None 1196 486 56 153 None 1110 536 72 172 None 994 498 94 179 None 1028 614 83 189 None
33900.jpg l_winpoint 225 547 100 162 None 514 599 63 195 None 550 532 54 171 None 613 557 86 167 None 605 518 90 170 None 586 445 59 122 None 1017 410 53 147 None 1185 473 64 160 None 1306 479 78 138 None 1390 621 63 191 None 891 707 107 218 None 823 634 68 196 None
32445.jpg l_winpoint 457 517 51 135 None 507 553 57 152 None 583 537 59 170 None 516 614 65 116 None 553 575 66 169 None 618 576 54 162 None 1031 502 46 147 None 1035 575 68 163 None 1063 527 69 157 None 1353 519 42 140 None 1491 505 46 145 None 1452 591 50 154 None
48030.jpg r_winpoint 202 729 105 191 None 159 711 75 180 None 383 540 65 167 None 514 576 62 165 None 487 501 60 149 None 690 475 65 152 None 726 652 70 171 None 1152 535 75 170 None 1248 530 69 136 None 1252 550 66 160 None 1301 543 45 157 None 1336 568 60 155 None
35835.jpg l_winpoint 1475 517 62 169 None 1484 497 78 157 None 1340 531 52 162 None 1085 587 58 177 None 978 535 82 180 None 1033 475 53 170 None 582 625 63 189 None 585 531 62 173 None 512 551 75 203 None 515 553 53 151 None 491 552 84 168 None 479 502 71 163 None
49800.jpg l_winpoint 441 646 96 172 None 476 632 71 162 None 558 637 92 164 None 650 643 118 154 None 710 584 82 166 None 721 563 63 144 None 1074 551 87 146 None 1255 573 59 185 None 1426 528 60 149 None 1510 576 44 148 None 1414 641 76 183 None 1556 677 78 167 None
48525.jpg l_winpoint 1438 551 81 147 None 1345 482 53 142 None 1180 592 67 175 None 1207 572 64 153 None 1063 489 65 152 None 1029 493 51 137 None 852 526 62 167 None 875 510 60 151 None 841 522 48 142 None 762 530 81 150 None 708 566 71 190 None 529 564 52 149 None
45420.jpg r_winpoint 1407 582 65 149 None 1278 529 66 160 None 1215 542 92 162 None 1209 528 75 141 None 1163 511 52 158 None 1188 636 46 181 None 967 481 87 146 None 934 562 42 144 None 931 646 56 163 None 859 527 67 158 None 718 523 47 132 None 694 578 48 165 None
46035.jpg l_winpoint 1568 580 59 176 None 1497 632 88 176 None 1432 550 88 159 None 1183 601 97 166 None 1136 584 70 190 None 1195 485 52 140 None 542 566 75 173 None 585 562 44 153 None 502 561 85 172 None 555 560 39 155 None 525 545 109 170 None 399 594 50 159 None
35850.jpg l_winpoint 529 547 112 186 None 573 536 60 187 None 508 516 84 167 None 526 567 68 183 None 522 547 60 172 None 979 551 83 186 None 1064 486 59 167 None 1154 583 66 183 None 1359 511 63 154 None 1504 522 80 165 None 1540 482 69 169 None
46590.jpg l_winpoint 718 511 90 164 None 801 504 104 170 None 940 494 62 174 None 860 571 74 181 None 1076 684 101 189 None 1084 717 60 213 None 1228 621 48 171 None 1261 584 78 179 None 1317 533 60 154 None 1473 529 76 160 None 1438 626 84 172 None 1654 607 57 163 None
42315.jpg r_winpoint 1350 516 58 195 None 1207 485 110 159 None 1162 479 52 163 None 1076 539 74 151 None 1023 489 103 172 None 1089 470 70 158 None 867 596 64 186 None 743 416 49 151 None 482 484 65 163 None 474 593 64 178 None 353 504 45 150 None
35010.jpg r_winpoint 1406 519 75 182 None 1347 472 84 183 None 1257 530 87 225 None 1276 451 85 157 None 1212 473 98 157 None 1627 542 71 130 None 790 532 101 188 None 815 489 70 165 None 747 580 55 185 None 485 517 71 151 None 475 550 61 179 None 418 564 66 176 None
