35730.jpg l-spike 1246 501 32 103 None 954 420 54 132 None 928 534 62 122 None 790 439 70 119 None 711 326 41 155 blocking 630 331 42 132 spiking 610 444 46 91 None 576 490 41 133 None 461 470 67 130 None 511 425 42 106 None 252 457 50 107 None
35805.jpg r_set 205 493 37 125 None 319 421 40 120 None 324 514 72 144 None 613 482 38 139 None 606 450 35 131 None 620 439 43 116 None 682 538 71 114 None 744 461 51 145 None 861 356 43 167 setting 986 388 110 108 None 1052 474 100 103 None 840 544 86 130 None
35635.jpg l-spike 1028 503 41 125 None 1025 455 48 100 None 931 416 46 116 digging 709 495 72 109 None 694 427 56 90 None 690 366 39 151 blocking 639 408 44 144 None 591 356 55 147 spiking 575 399 70 88 None 485 542 60 130 None 424 437 62 112 None 217 390 44 93 None
23155.jpg r_set 750 452 51 173 setting 659 392 55 95 None 649 571 82 141 None 844 442 75 120 None 660 491 49 130 None 501 448 55 144 None 95 415 47 119 None 26 498 43 147 None 352 429 42 117 None 376 529 51 135 None 374 487 37 130 None
35590.jpg l-pass 1210 503 35 129 None 1182 444 49 130 None 1206 389 28 119 None 973 489 51 128 None 850 443 49 131 None 860 422 26 112 None 701 459 47 129 None 588 417 45 122 None 619 384 40 102 None 475 388 33 113 setting 365 415 65 110 None
35680.jpg l-pass 340 437 51 111 digging 557 444 47 120 None 636 387 48 97 None 587 512 87 137 None 685 460 49 127 None 714 430 37 132 None 835 471 45 131 None 856 450 27 132 None 862 422 35 117 None 1045 403 72 117 None 1083 489 52 124 None 1139 440 63 131 None
71105.jpg r-pass 692 497 137 72 None 816 485 54 125 None 614 464 66 136 None 698 351 57 116 None 767 412 55 88 None 417 426 65 116 None 291 478 46 147 None 278 449 63 145 None 315 424 44 119 None 17 488 65 137 None 6 407 24 125 None
26500.jpg l-spike 241 439 69 121 None 311 401 42 111 None 473 394 82 149 spiking 555 445 40 135 None 625 446 69 118 None 629 406 63 109 None 716 396 50 152 blocking 705 371 67 163 blocking 991 413 64 111 None 1117 518 57 121 None 1234 425 43 124 None
94665.jpg r_spike 426 405 80 93 None 320 497 76 135 None 104 428 73 101 None 675 437 45 185 blocking 766 469 76 100 None 824 440 78 146 spiking 680 386 42 180 blocking 878 385 61 117 None 941 465 63 132 None 1015 478 45 135 None 1178 463 48 124 None
72245.jpg l_set 323 515 75 119 None 362 565 49 140 None 411 473 92 110 None 572 396 52 99 None 662 410 55 167 None 715 412 42 164 setting 799 502 51 123 None 789 467 47 115 None 799 422 51 116 None 1015 431 43 117 None 1118 520 68 120 None 1178 483 58 117 None
41295.jpg l_set 978 426 35 121 None 953 451 46 137 None 941 487 46 137 None 818 442 37 126 None 725 475 55 130 None 626 414 46 151 setting 665 382 44 77 None 470 459 35 123 None 358 530 79 130 None
23110.jpg r_spike 1115 411 44 122 None 1021 430 55 127 None 910 505 44 137 None 788 486 79 100 None 809 486 47 99 None 807 399 50 118 None 716 441 52 153 blocking 716 422 49 142 blocking 538 425 90 105 None 430 430 90 97 None 261 453 74 109 None 346 526 49 130 None
23300.jpg r_spike 853 533 58 131 None 945 465 54 137 None 944 431 54 125 None 766 468 55 134 None 812 450 44 134 None 817 314 55 161 spiking 730 383 32 148 blocking 649 479 61 137 None 711 341 48 164 blocking 403 487 80 130 None 309 493 102 110 None 383 428 54 102 None
72165.jpg r-pass 1009 389 41 99 None 880 526 71 116 digging 867 440 41 109 None 806 339 37 82 None 740 377 43 114 None 609 436 52 131 None 502 484 47 135 None 334 450 88 126 None 391 414 47 116 None 173 493 28 122 None 170 420 52 116 None
59505.jpg l_set 1066 458 51 110 None 986 407 63 106 None 1024 500 48 129 None 713 399 47 102 None 712 386 32 163 blocking 720 466 49 128 None 569 434 62 150 setting 563 398 61 162 setting 447 466 50 116 None 467 379 52 80 None 281 455 39 115 None 253 533 75 125 None
94670.jpg r_spike 137 432 55 100 None 397 489 52 141 None 454 403 61 89 None 716 424 49 189 blocking 708 423 48 159 blocking 718 397 54 142 blocking 799 477 75 96 digging 819 433 74 130 spiking 886 390 49 119 None 975 457 52 142 None 1050 478 44 145 None 1214 465 44 130 None
72270.jpg l-spike 1031 535 66 132 None 1055 480 62 107 None 946 440 60 93 None 679 424 59 116 None 660 436 43 159 blocking 650 443 37 167 blocking 601 457 38 114 None 534 467 38 117 None 540 400 52 109 None 440 447 57 156 spiking 454 458 62 123 None 206 527 51 137 None
23105.jpg r_spike 1049 415 63 109 None 979 431 51 125 None 882 503 46 119 None 782 455 72 145 spiking 761 476 67 125 None 758 395 59 122 None 672 421 44 184 blocking 685 420 38 157 blocking 543 420 68 106 None 377 426 66 97 None 298 521 53 133 None 237 447 69 115 None
23075.jpg r_set 908 562 110 123 None 873 476 50 128 None 831 424 64 82 None 714 416 52 161 None 758 379 49 159 setting 763 351 68 103 None 504 497 65 132 None 525 446 51 133 None 499 414 51 127 None 186 487 50 148 None 142 472 45 121 None 218 435 54 79 None
71125.jpg r_set 90 398 39 115 None 37 477 72 157 None 5 445 52 147 None 397 392 34 131 None 373 429 46 136 None 363 472 57 148 None 488 331 66 178 setting 557 466 86 125 None 653 435 73 123 None 718 344 82 104 None 828 397 73 112 None 772 512 90 131 None
23240.jpg r-pass 448 427 67 101 None 1014 432 52 127 None 823 373 79 129 None 741 394 48 136 setting 735 436 91 120 None 735 481 73 134 None 561 401 40 120 None 525 394 31 114 None 308 491 87 140 None 247 418 46 115 None 136 474 42 136 None 865 475 65 121 None
41405.jpg l_set 1206 497 45 130 None 1159 407 40 122 None 874 492 53 132 None 887 455 47 125 None 900 421 42 131 None 675 421 37 127 None 615 383 61 74 None 509 382 42 151 setting 488 541 75 147 None 340 475 67 120 None 343 423 58 110 None
23025.jpg r-pass 887 502 52 148 None 778 452 48 102 None 808 412 57 111 digging 686 389 65 120 None 673 350 48 105 None 485 427 49 122 None 401 442 44 148 None 380 426 37 130 None 368 477 43 131 None 117 483 35 147 None 61 428 35 127 None 7 474 40 134 None
71230.jpg l-spike 1052 421 70 119 None 967 371 80 103 None 1008 487 82 122 None 387 488 87 135 None 714 359 58 117 None 683 346 44 166 blocking 683 323 36 176 blocking 613 342 45 125 None 589 326 41 127 None 547 381 49 116 None 501 348 77 151 spiking 367 396 37 130 None
71150.jpg r_spike 1108 405 42 127 None 807 495 68 142 None 733 424 55 142 None 778 365 39 135 None 793 251 64 164 spiking 668 385 39 119 blocking 673 320 30 83 blocking 567 448 67 130 None 360 399 45 103 None 272 457 82 128 None 303 430 49 118 None 859 407 61 119 None
94625.jpg r_set 1009 430 51 119 None 974 362 58 112 None 939 477 65 86 None 902 532 77 140 None 697 434 51 142 None 632 500 62 118 digging 453 484 49 147 None 493 451 46 146 None 494 432 46 123 None 206 396 46 119 None 148 482 42 146 None 138 432 63 125 None
41460.jpg r-pass 1079 416 45 119 None 968 510 54 117 None 834 457 45 95 digging 794 391 34 122 None 791 378 42 132 blocking 746 422 35 110 None 687 439 67 119 None 558 440 65 95 None 455 486 80 125 None 391 475 65 119 None 431 457 57 110 None
50070.jpg l-pass 1244 427 35 114 None 1047 498 48 143 None 1006 450 65 112 None 960 400 47 116 None 929 400 49 100 None 767 418 57 131 None 656 500 60 143 None 553 407 65 102 None 503 410 55 136 digging 275 534 44 121 None 106 545 77 121 None
71400.jpg l-spike 1154 533 82 119 None 1155 452 92 127 None 1038 415 87 104 None 790 390 57 120 None 755 422 45 188 blocking 761 403 42 166 blocking 695 476 42 140 None 647 364 42 121 None 537 437 107 163 spiking 574 440 65 130 None 557 432 60 112 None 334 437 37 132 None
94585.jpg r-pass 872 404 57 123 None 735 411 54 100 None 712 476 44 128 None 655 492 146 54 None 533 447 68 135 None 338 403 47 128 None 233 418 32 127 None 235 441 43 137 None 193 455 53 142 None
26395.jpg r_spike 170 490 75 119 None 371 413 44 102 None 438 511 94 122 None 587 435 58 123 None 655 342 63 153 blocking 732 350 52 123 spiking 741 440 71 113 None 812 397 49 108 None 832 468 52 119 None 978 497 58 145 None 1091 425 48 131 None
41440.jpg l-spike 1033 532 64 121 None 881 450 47 110 None 794 332 45 161 blocking 811 326 43 167 blocking 704 328 71 134 spiking 697 435 56 108 None 531 431 42 104 None 496 490 52 127 None 371 471 51 118 None 362 439 72 121 None 1130 421 48 110 None
35540.jpg r-pass 927 371 48 125 None 842 518 45 101 digging 834 473 36 100 None 806 414 44 112 None 628 436 39 110 None 460 437 48 119 None 324 468 35 131 None 356 460 39 129 None 365 429 29 127 None 132 483 46 139 None 84 471 48 117 None
26300.jpg r-pass 826 416 44 102 digging 736 525 68 125 None 1018 493 55 117 None 312 527 74 116 None 495 372 34 120 blocking 496 373 27 117 blocking 389 455 71 96 None 253 460 52 117 None 250 443 34 97 None 402 410 38 117 None 30 486 49 102 None
71375.jpg l_set 405 509 87 128 None 426 417 43 112 None 487 448 57 117 None 613 367 68 96 None 731 464 79 142 None 805 383 43 183 setting 905 477 54 137 None 910 435 52 137 None 914 389 60 131 None 1120 420 60 120 None
35760.jpg r-pass 1187 502 40 130 None 1037 400 53 120 None 757 546 93 68 None 801 451 46 120 None 796 419 61 116 None 703 415 51 95 None 599 406 43 96 None 623 442 42 114 None 617 482 37 134 None 429 436 70 109 None 427 474 35 128 None 251 468 36 114 None
92370.jpg r_set 450 433 50 146 None 502 386 52 147 blocking 621 301 35 165 setting 662 342 62 175 None 882 344 76 104 None 879 419 86 107 None 828 521 82 116 None 1023 413 59 114 None 131 438 57 107 None 192 451 45 136 None 207 376 33 102 None
26190.jpg l-pass 1082 459 58 99 None 918 472 42 130 None 753 463 38 122 None 704 417 27 125 None 534 482 68 119 None 228 507 78 104 digging 253 436 41 100 None 191 524 47 107 None 38 517 43 134 None 341 520 92 133 None 866 422 47 114 None 685 453 56 139 blocking
35835.jpg r_spike 301 520 58 108 None 416 427 48 108 None 415 527 52 114 None 660 503 91 127 None 762 366 54 144 blocking 857 464 58 111 None 858 540 72 139 None 945 330 52 148 spiking 940 461 69 108 None 1021 487 48 131 None 1106 424 69 127 None
59510.jpg l-spike 1004 510 62 120 None 1042 459 48 107 None 965 410 60 105 None 699 441 43 154 blocking 672 365 47 156 blocking 697 401 39 107 None 567 382 65 150 spiking 527 471 75 114 None 458 370 86 94 None 425 454 56 118 None 266 529 137 122 None 255 457 41 116 None
26255.jpg l_set 310 563 84 135 None 452 474 65 119 None 480 432 32 97 None 602 378 36 95 None 747 475 65 132 None 925 498 40 126 None 952 429 38 123 None 919 464 42 119 None 544 426 56 137 setting
26575.jpg r_set 670 385 45 152 setting 711 389 82 96 None 855 435 96 105 None 1031 433 71 131 None 810 552 115 114 None 588 482 64 150 None 490 412 43 120 None 503 460 47 129 None 498 492 48 141 None 224 479 43 141 None 194 425 54 101 None 111 482 60 113 None
26600.jpg r_spike 948 437 53 137 None 885 355 60 156 spiking 865 521 65 125 None 780 488 45 139 None 730 366 47 149 blocking 678 482 71 111 None 430 497 78 115 None 345 477 46 107 None 395 436 65 92 None 1152 428 47 128 None 814 381 55 119 None
23320.jpg l-pass 1102 462 55 134 None 996 416 48 113 None 937 504 65 142 None 894 468 51 153 None 935 461 49 127 None 894 390 38 113 None 802 399 63 106 digging 844 389 37 100 None 714 455 69 117 None 572 480 66 102 None 534 458 68 55 None 379 483 57 123 None
26335.jpg r-pass 846 418 50 131 None 594 434 64 98 None 662 511 54 129 digging 414 431 41 105 None 361 376 62 86 None 281 403 43 123 None 189 425 35 119 None 199 447 33 135 None 136 464 49 137 None 2 508 66 137 None
23365.jpg l_set 1229 461 49 121 None 1092 420 72 124 None 887 400 60 130 None 877 447 55 137 None 867 488 57 141 None 752 405 44 127 None 639 373 61 83 None 614 419 51 172 setting 500 404 37 104 None 432 476 77 109 None 384 542 82 127 None
72205.jpg l-pass 529 544 50 115 digging 813 485 37 136 None 572 461 51 135 None 524 389 57 104 None 350 450 62 123 None 225 494 48 141 None 892 440 40 137 None 963 509 44 118 None 1070 413 51 127 None 948 389 55 120 None 1245 499 33 145 None
26450.jpg l_set 232 435 48 73 None 468 520 77 131 None 609 336 30 143 setting 844 447 54 131 None 875 403 30 126 None 848 371 37 96 None 1037 463 39 143 None 1035 427 37 137 None 1056 412 54 137 None
26290.jpg l-spike 419 445 41 123 None 417 428 44 96 None 532 329 51 142 spiking 569 445 89 110 None 679 350 41 170 blocking 659 340 55 150 blocking 921 544 77 120 None 1023 412 57 106 None 1190 494 54 130 None 227 468 54 110 None 435 522 72 123 None
92380.jpg r_spike 744 322 71 150 spiking 718 335 83 169 setting 889 348 63 110 None 886 422 81 126 None 1114 412 62 121 None 837 516 57 124 None 628 334 44 192 blocking 567 456 84 135 None 334 470 66 121 None 308 385 47 108 None 263 424 47 118 None
41505.jpg r_set 977 496 52 130 None 1006 489 86 114 None 897 445 51 137 setting 806 532 58 123 None 782 358 43 103 None 678 414 48 130 None 562 491 41 130 None 584 454 37 147 None 559 435 38 114 None 260 487 43 137 None 251 429 54 105 None 165 477 37 123 None
71310.jpg r_spike 985 475 57 134 None 957 382 42 136 None 910 411 43 133 None 768 468 56 140 None 766 426 55 147 None 783 384 59 140 setting 289 473 81 140 None 371 433 59 135 None 359 380 38 102 None 589 462 76 143 None 670 414 42 137 None 632 395 52 135 None
41180.jpg r-pass 121 471 28 93 None 135 497 28 142 None 339 484 42 137 None 376 449 30 123 None 389 459 40 135 None 503 448 60 116 None 595 381 48 114 None 687 406 55 118 None 821 438 53 110 None 834 494 53 93 digging 863 507 57 126 None
59470.jpg l-pass 219 485 46 139 None 411 498 65 102 None 469 502 107 72 None 479 383 38 107 None 587 413 57 123 None 710 511 55 97 None 832 444 50 132 None 832 424 27 132 None 827 408 27 113 None 1141 493 37 133 None 1159 446 38 124 None 1171 401 43 115 None
71175.jpg l-pass 1187 399 61 123 None 1134 364 60 133 None 1026 452 44 137 None 998 398 46 147 None 997 373 44 94 None 911 355 66 123 None 875 339 63 102 None 819 425 57 130 None 601 431 110 77 None 534 414 51 111 None 488 426 41 130 None
50145.jpg r_set 241 473 44 121 None 260 437 53 98 None 291 499 77 114 None 527 489 39 133 None 546 453 49 128 None 555 428 35 125 None 613 389 39 158 setting 690 425 70 98 None 716 483 105 128 None 784 427 41 121 None 928 470 79 100 None 763 581 98 133 None
26410.jpg l-pass 1070 471 54 129 None 1078 401 73 112 None 1006 426 58 131 None 988 420 41 118 None 922 412 43 111 None 902 405 58 109 None 837 432 56 124 None 686 502 69 120 None 657 416 60 92 None 412 475 73 101 None
26525.jpg r-pass 833 406 65 112 digging 721 463 51 133 None 611 408 53 117 None 355 472 71 121 None 385 450 54 113 None 372 491 81 122 None 270 440 36 134 None 268 426 38 112 None 287 413 28 111 None 185 458 39 124 None 121 461 42 132 None
26705.jpg r_set 139 433 41 127 None 185 471 43 139 None 223 408 47 103 None 484 484 33 148 None 494 414 35 119 None 589 437 33 139 None 737 350 50 101 None 817 427 45 117 None 828 434 45 145 setting 907 539 96 131 None 994 436 99 127 None 501 447 41 129 None
71330.jpg l_set 400 487 65 142 None 457 470 77 123 None 464 398 42 109 None 608 391 39 128 None 684 417 51 172 setting 749 477 56 154 None 847 469 56 139 None 840 425 39 130 None 854 399 30 144 None 1032 389 44 140 None 1043 433 69 130 None 1202 477 67 144 None
50120.jpg r_set 1018 453 58 114 None 883 575 55 139 None 804 464 65 135 None 754 402 32 144 setting 808 398 65 98 None 556 421 34 126 None 484 480 35 135 None 498 441 48 135 None 502 414 32 137 blocking 216 495 46 140 None 185 465 44 123 None 136 455 65 100 None
26660.jpg r-pass 258 494 42 137 None 293 437 42 109 None 500 449 53 125 None 597 430 45 130 None 525 393 42 97 None 606 389 42 107 None 809 446 67 110 None 846 426 39 112 None 672 399 50 107 None 704 433 59 110 digging 741 482 72 109 None 1027 433 42 123 None
41330.jpg l-spike 1242 532 35 109 None 974 424 74 107 None 754 464 30 181 blocking 757 438 49 170 blocking 618 476 82 115 None 499 467 101 148 spiking 553 497 41 96 None 560 424 57 109 None 357 495 63 117 None 381 456 68 109 None
41220.jpg r_spike 1063 488 58 114 None 854 549 103 124 None 830 456 64 106 None 723 417 47 121 None 726 379 65 144 spiking 754 375 68 121 None 582 513 51 128 None 611 390 32 158 blocking 585 436 35 99 None 304 515 60 126 None 245 490 57 106 None 302 441 50 98 None
49885.jpg r-pass 844 536 55 130 None 871 507 49 116 None 824 494 67 77 None 801 440 48 92 None 637 522 68 141 None 613 424 46 105 None 402 467 34 139 blocking 368 470 42 118 None 327 478 35 133 None 143 478 35 125 None 64 480 46 131 None 0 550 60 123 None
26745.jpg r_spike 1257 573 22 139 None 1238 468 39 112 None 1051 465 105 122 None 873 483 48 126 None 794 459 58 150 spiking 755 507 56 109 None 767 396 54 116 None 665 425 47 178 blocking 665 423 50 163 blocking 461 410 58 92 None 260 476 58 120 None 164 416 65 105 None
59610.jpg r_spike 866 425 33 130 None 814 471 42 118 None 729 400 40 107 None 620 502 40 107 None 635 428 51 106 None 633 328 52 153 spiking 565 333 40 152 blocking 436 487 74 122 None 233 467 52 130 None 272 409 38 88 None 143 461 74 120 None
35725.jpg l-spike 963 538 79 118 None 988 419 45 126 None 789 435 45 118 None 735 329 35 158 blocking 249 452 71 105 None 522 426 45 107 None 483 471 73 126 None 578 499 54 135 None 628 441 58 97 None 624 331 77 105 spiking
23120.jpg r-pass 1160 442 82 114 None 1033 458 63 113 None 934 479 64 146 spiking 814 535 49 120 None 838 468 74 126 None 825 418 81 116 None 708 490 91 156 blocking 760 506 37 136 blocking 573 414 82 112 None 467 426 87 93 None 370 514 56 140 None 296 447 70 112 None
23275.jpg r_set 217 490 61 123 None 262 424 51 106 None 265 489 54 156 None 556 430 46 94 None 555 482 40 139 None 585 430 40 147 blocking 678 386 45 158 setting 741 442 55 145 None 836 424 38 119 None 830 365 96 113 None 937 542 113 130 None 969 468 58 96 None
26620.jpg l-pass 1253 422 26 122 None 1083 443 41 130 None 934 494 60 138 None 886 459 51 143 None 924 434 36 120 None 910 389 76 101 None 817 437 47 123 None 829 428 43 110 None 719 458 79 110 None 587 463 150 43 None 478 485 63 117 None 441 464 60 119 None
41360.jpg l-pass 1200 454 58 121 None 1072 503 72 123 None 827 414 45 109 None 627 495 29 137 None 624 507 74 143 None 624 533 64 117 None 551 511 52 139 None 484 477 74 121 None 405 480 60 131 None 482 417 45 105 digging 301 490 45 121 None 138 466 40 112 None
23195.jpg r_spike 885 426 42 126 None 744 483 61 117 None 771 428 65 113 None 686 439 57 109 None 685 324 53 134 spiking 578 383 32 163 blocking 583 334 37 151 blocking 578 325 49 131 blocking 325 505 93 134 None 223 420 51 109 None 13 506 89 121 None 1055 591 66 121 None
49930.jpg r_set 612 398 51 151 setting 780 413 46 97 None 678 471 48 137 None 979 487 68 86 None 918 489 75 103 None 782 565 105 142 None 548 440 29 110 None 554 480 32 119 None 521 511 41 134 None 280 457 51 92 None 246 528 77 137 None 203 502 69 111 None
26645.jpg l-spike 1027 422 64 132 None 891 429 34 123 None 821 437 50 122 None 754 465 57 135 None 730 432 44 116 None 715 333 40 167 blocking 623 337 61 146 spiking 613 435 50 131 None 587 425 38 67 None 530 446 45 121 None 209 506 82 129 None 249 445 66 114 None
71205.jpg l_set 279 474 128 133 None 422 434 77 104 None 551 378 38 114 None 681 339 51 89 None 776 365 60 103 None 752 351 43 159 setting 866 433 60 133 blocking 863 394 41 127 blocking 865 363 51 120 blocking 1124 361 42 128 None 1215 404 52 95 None 1245 472 32 127 None
59540.jpg r-pass 61 446 64 111 None 242 442 52 118 None 274 505 50 143 None 348 485 41 124 None 449 441 41 129 None 410 390 52 109 None 515 467 77 111 None 548 443 47 114 None 583 399 50 107 None 675 413 48 107 None 604 577 143 64 None 859 439 45 120 None
71265.jpg r_set 869 436 46 128 None 742 395 77 110 None 693 369 71 102 None 615 574 131 62 None 585 418 53 145 setting 604 409 43 133 None 476 369 41 135 None 458 424 69 117 None 433 353 41 126 None 361 400 44 133 None 273 466 53 152 None 281 437 48 121 None
35640.jpg l-spike 200 399 45 94 None 449 448 52 111 None 503 523 62 143 None 581 392 64 98 None 594 394 66 111 spiking 627 455 47 111 None 670 387 49 162 blocking 709 398 39 127 blocking 914 425 49 107 digging 1012 454 52 111 None 1001 504 52 111 None 694 491 72 113 None
35625.jpg l_set 1091 505 40 131 None 1075 464 52 107 None 1002 400 54 125 None 757 485 70 119 None 749 391 32 164 blocking 763 412 35 127 None 658 356 79 173 None 622 432 54 115 None 557 385 43 85 None 372 435 61 115 None 290 382 30 82 None 415 553 70 128 None
92330.jpg r-pass 960 361 48 115 None 866 445 41 94 None 843 466 52 127 None 825 415 57 77 digging 646 380 66 103 None 483 395 41 127 None 370 404 41 132 None 336 395 49 125 None 287 395 47 136 None 75 421 40 136 None 107 398 29 125 None
31095.jpg r_winpoint 997 446 56 111 None 995 428 55 125 None 944 414 100 131 None 922 424 64 122 None 908 426 52 131 None 873 445 71 133 None 605 451 46 135 None 421 437 63 134 None 410 348 44 119 None 327 423 44 122 None 304 458 39 135 None 215 494 38 129 None
42855.jpg r_winpoint 716 469 56 150 None 725 418 56 132 None 638 394 66 113 None 529 436 56 130 None 471 418 71 129 None 520 398 72 104 None 237 484 55 140 None 213 445 59 130 None 183 427 62 115 None 0 498 39 137 None
46470.jpg l_winpoint 1112 479 57 126 None 1076 418 41 124 None 1104 439 49 126 None 700 441 85 151 None 615 451 57 147 None 687 399 40 117 None 612 419 36 135 None 627 462 43 113 None 700 438 50 127 None
49455.jpg l_winpoint 860 395 59 116 None 782 417 62 121 None 649 432 45 113 None 574 409 47 131 None 503 414 67 123 None 490 401 49 127 None 49 504 76 140 None 232 408 81 111 None 234 440 53 151 None 205 470 84 131 None 157 473 60 126 None 188 456 60 122 None
39660.jpg l_winpoint 998 429 55 131 None 892 434 62 129 None 926 381 45 115 None 826 360 74 110 None 683 426 53 132 None 666 353 46 123 None 313 430 56 115 None 403 449 39 134 None 430 428 65 129 None 490 398 70 119 None 531 391 54 142 None 549 391 42 110 None
50985.jpg r_winpoint 663 407 82 143 None 662 394 63 136 None 607 452 64 147 None 603 389 48 126 None 476 390 72 116 None 439 373 71 93 None 275 431 47 136 None 154 384 54 111 None 143 430 54 115 None 124 495 58 142 None 97 479 55 140 None
48105.jpg l_winpoint 957 502 64 127 None 960 394 48 130 None 907 440 42 127 None 864 474 61 129 None 805 460 67 135 None 762 516 53 135 None 584 468 64 143 None 572 418 51 119 None 547 517 44 152 None 473 461 67 137 None 409 423 66 142 None 371 482 55 137 None
37980.jpg r_winpoint 1063 412 98 136 None 1064 446 36 131 None 1071 440 36 133 None 994 461 66 155 None 986 466 82 146 None 1021 446 38 130 None 838 464 72 138 None 808 439 43 139 None 734 430 54 119 None 604 458 56 129 None 517 424 56 124 None 514 392 68 123 None
39090.jpg r_winpoint 1106 463 52 134 None 1040 462 97 138 None 1102 458 44 121 None 1079 415 79 153 None 1003 451 75 138 None 956 438 58 124 None 721 420 52 126 None 674 436 46 130 None 649 414 49 110 None 405 443 44 111 None 367 524 66 119 None 334 495 61 135 None
44160.jpg r_winpoint 1190 491 75 139 None 1203 467 59 142 None 1184 451 90 137 None 1079 462 63 136 None 1050 439 48 136 None 1079 429 54 121 None 771 487 37 141 None 715 396 52 92 None 650 445 50 111 None
50205.jpg r_winpoint 1177 482 94 137 None 1189 474 50 127 None 1132 462 68 132 None 1093 495 100 147 None 1113 472 61 129 None 1069 465 44 136 None 962 446 35 137 None 916 489 49 135 None 838 441 68 106 None 760 414 60 105 None 626 489 60 135 None 597 455 30 131 None
42315.jpg l_winpoint 861 482 63 149 None 783 485 53 141 None 911 376 65 133 None 1050 404 50 130 None 1205 483 45 142 None 1173 415 54 135 None 633 458 71 120 None 682 410 48 124 None 604 407 49 106 None 461 461 89 133 None 429 430 63 125 None 577 454 74 133 None
