15300.jpg r_spike 729 395 67 156 spiking 479 319 74 133 None 905 439 82 135 None 997 334 53 150 None 778 275 59 135 None 747 367 49 165 None 724 351 54 126 None 639 355 32 189 blocking 617 359 35 162 blocking 222 343 93 115 None 165 446 70 167 None 110 393 85 124 None
68040.jpg r-pass 947 461 66 119 None 881 375 50 128 None 781 468 70 99 digging 823 439 47 73 None 653 424 76 127 None 638 344 53 110 None 590 358 37 111 None 576 382 37 133 None 386 469 47 140 None 398 380 31 95 None 256 452 82 134 None 243 493 47 64 None
67945.jpg r_set 842 438 37 139 None 733 413 76 98 None 816 350 56 100 None 581 351 47 147 None 537 365 41 156 setting 441 472 52 139 None 438 444 45 136 None 49 434 92 123 None 186 389 50 123 None 210 473 68 133 None 387 365 60 109 None 699 509 66 133 None
69935.jpg r-pass 158 448 60 135 None 190 328 53 119 None 278 392 88 128 None 230 469 44 140 None 261 518 44 142 None 344 450 49 149 None 455 483 56 144 None 573 461 72 130 None 550 429 74 77 digging 699 387 84 102 None 763 434 63 116 None 791 414 67 105 None
69100.jpg l-spike 868 505 60 118 None 932 377 49 115 None 440 308 62 120 spiking 576 333 49 155 blocking 584 323 45 160 blocking 322 387 58 130 None 123 425 61 127 None 241 455 74 123 None 460 461 59 131 None 448 416 93 125 None 1155 446 83 127 None
16095.jpg l-spike 1190 396 69 131 None 902 333 69 138 None 820 436 82 149 None 692 358 48 145 None 604 221 33 191 blocking 584 221 46 172 blocking 436 360 88 146 None 434 351 107 120 None 463 204 67 159 spiking 291 353 60 141 None 223 446 79 145 None 220 432 81 133 None
69670.jpg l-pass 1107 362 39 146 None 1211 456 69 155 None 1035 438 42 140 None 834 418 37 149 None 848 386 30 122 None 809 360 40 171 blocking 592 459 58 132 None 428 460 65 130 None 550 364 82 129 None 467 310 40 124 None 346 416 50 112 None 432 373 50 125 digging
16055.jpg l_set 1234 355 43 142 None 1168 473 81 140 None 1049 345 53 145 None 803 417 47 145 None 804 375 46 148 None 791 331 43 118 None 632 351 53 156 None 478 330 65 139 None 505 283 41 100 None 291 391 57 189 setting 200 369 78 142 None 101 484 113 149 None
15920.jpg r-pass 794 455 67 114 None 747 456 74 142 None 788 347 67 137 None 646 361 53 149 None 618 305 58 139 None 409 367 60 140 None 260 438 46 147 None 288 367 53 196 blocking 287 370 34 146 None 57 362 39 144 None
80075.jpg r_spike 1024 382 42 113 None 903 364 35 125 None 833 457 72 140 None 861 417 75 139 None 816 396 51 107 None 750 315 52 133 spiking 671 297 67 147 blocking 489 482 92 109 None 331 474 89 124 None 441 375 54 119 None 166 459 62 125 digging
69920.jpg l-spike 556 470 40 144 None 607 451 60 141 None 665 393 60 103 None 833 376 68 116 None 899 446 65 89 None 909 416 60 100 None 465 438 52 137 None 404 391 65 127 None 363 414 55 184 spiking 340 456 52 136 None 304 439 48 131 None 341 301 49 105 None
67825.jpg l-pass 970 448 39 133 None 847 419 66 134 None 889 368 46 129 None 722 471 101 143 None 761 422 60 101 None 715 420 48 140 None 646 434 38 152 None 643 404 36 144 None 575 413 72 111 None 429 414 78 108 digging 263 421 90 107 None 348 490 54 135 None
30615.jpg r_set 166 381 47 135 None 305 320 47 135 None 318 431 78 104 None 533 394 40 154 None 558 248 49 162 blocking 556 336 41 146 None 881 442 107 154 None 948 381 110 126 None 983 297 57 115 None 1021 356 70 120 None 613 260 62 167 setting 669 281 55 179 spiking
15230.jpg r-pass 383 333 78 131 None 215 351 88 111 None 116 468 87 135 None 636 462 51 144 None 589 447 74 164 None 1045 331 82 109 None 941 470 68 127 None 914 420 86 132 None 727 469 64 155 digging 750 322 81 148 None 730 410 87 138 None
83540.jpg l-pass 1154 408 57 149 None 985 354 50 141 None 924 419 33 141 None 732 410 25 138 None 744 377 34 121 None 706 357 49 163 blocking 522 452 92 135 None 435 371 66 122 None 370 419 54 138 setting 315 370 52 127 None 360 303 46 121 None 246 440 55 114 digging
49290.jpg l_set 209 370 46 145 None 461 419 56 136 None 498 364 62 147 None 1003 336 36 139 None 1077 457 63 145 None 1127 379 41 140 None 711 412 60 145 digging 702 377 44 142 None 711 346 50 126 None 363 330 72 90 None 321 346 56 159 setting 77 502 82 164 None
68720.jpg r-pass 971 347 38 126 None 808 405 69 96 digging 846 431 50 131 None 775 468 72 137 None 665 463 53 153 None 480 423 37 112 None 374 450 47 139 None 392 432 51 141 None 338 429 42 130 None 151 411 40 134 None 40 402 45 132 None
30650.jpg l-pass 1171 404 61 141 None 882 405 66 146 None 954 299 77 140 None 787 405 53 123 None 789 338 56 158 None 802 321 73 121 None 719 350 49 183 blocking 702 348 59 130 None 579 328 84 127 None 435 343 87 120 None 386 446 52 127 None 362 355 66 122 digging
49330.jpg l-spike 1042 426 80 133 None 823 373 60 124 None 719 453 75 137 None 504 255 54 167 blocking 503 259 52 171 blocking 503 268 56 169 blocking 398 250 47 154 spiking 417 384 67 139 None 275 408 71 126 None 146 364 71 133 None 47 474 79 154 None 56 416 103 167 None
49255.jpg l_set 1046 441 53 142 None 868 397 74 131 None 852 368 78 132 None 468 406 63 177 setting 426 375 46 140 None 713 441 57 157 None 686 435 54 141 None 686 358 58 141 None 294 459 58 126 None 315 359 51 122 None 99 471 70 155 None 135 384 58 108 None
16005.jpg l-pass 654 385 80 132 digging 554 451 88 132 None 295 402 61 151 None 432 409 74 128 None 411 397 123 75 None 773 329 38 131 None 862 457 63 168 None 948 423 46 165 None 936 347 55 145 None 834 388 51 156 None 838 348 57 110 None 1206 441 69 139 None
69815.jpg r_spike 1111 422 90 130 None 827 406 43 133 None 806 328 90 102 None 638 286 43 167 spiking 601 409 48 111 None 637 497 77 131 None 489 473 78 104 None 520 358 30 130 None 531 310 34 177 blocking 281 376 51 110 None 231 462 77 121 digging 175 409 65 120 None
80085.jpg r-pass 181 453 61 141 None 349 449 54 151 None 477 362 49 135 None 507 477 96 118 None 672 351 64 119 blocking 713 342 32 126 blocking 762 356 55 124 None 833 374 55 129 digging 864 463 55 123 None 882 419 78 140 None 905 374 40 104 digging 1024 397 61 102 None
68910.jpg l-pass 231 460 68 128 setting 130 446 58 114 digging 334 492 82 125 None 455 428 43 102 None 456 442 75 128 None 423 384 50 108 None 543 361 60 145 blocking 541 379 63 156 blocking 867 379 53 112 None 923 404 43 125 None 959 470 60 135 None
15365.jpg l_set 1235 367 42 136 None 1138 420 89 143 None 1020 340 75 131 None 765 409 51 153 None 784 362 59 149 None 767 315 59 114 None 651 339 65 175 setting 590 422 69 153 None 524 279 65 107 None 397 304 58 136 None 290 364 94 146 None 213 483 84 167 None
69805.jpg r_set 1088 429 72 117 None 806 396 56 125 None 815 314 59 102 None 560 358 62 130 None 518 331 45 152 setting 426 370 44 126 None 433 398 48 108 None 439 450 61 139 None 184 372 65 113 None 126 423 47 102 None 139 455 70 128 None 638 510 108 135 None
74285.jpg l_set 972 444 71 105 None 896 385 45 116 None 880 504 65 118 None 687 382 40 130 None 670 421 43 143 None 671 449 43 129 None 576 390 55 168 setting 540 362 45 172 setting 360 362 91 104 None 259 442 78 110 None 247 418 57 107 None 351 528 68 137 None
30815.jpg r_set 978 359 51 147 None 932 343 98 112 None 878 416 65 140 None 701 436 90 147 None 711 286 44 168 setting 646 356 41 154 None 489 411 42 149 None 493 392 53 133 None 511 340 35 114 None 271 322 49 147 None 159 442 58 135 None 68 377 41 144 None
68850.jpg l_set 518 472 74 177 digging 628 422 61 133 None 441 404 63 123 None 548 364 42 130 None 721 315 51 104 None 824 362 44 133 None 993 425 41 135 None 970 401 40 137 None 1025 372 25 119 None
79990.jpg r-pass 999 422 70 100 None 699 445 57 134 None 716 321 36 142 setting 399 387 75 106 None 389 336 61 156 None 381 357 50 124 None 38 390 40 148 None 150 457 86 140 None 170 375 39 126 None 229 414 43 130 None 286 395 58 131 None 282 364 36 128 None
79965.jpg l-spike 1228 447 49 125 None 982 476 66 144 None 1004 398 47 109 None 658 304 51 172 blocking 661 288 59 168 blocking 536 301 73 113 spiking 561 404 72 121 None 492 411 45 122 None 466 368 41 123 None 419 454 56 133 None 313 389 59 126 None
70080.jpg l_set 415 469 71 98 None 610 515 86 137 None 671 399 50 177 setting 815 372 60 137 None 921 471 70 128 digging 927 420 63 102 None 970 387 35 124 None 1223 371 54 140 None 674 335 57 105 None 467 391 82 114 None
79970.jpg l-spike 273 399 54 127 None 388 457 96 128 None 419 365 41 130 None 440 414 55 123 None 506 309 68 128 spiking 510 409 75 117 None 606 291 72 172 blocking 929 474 68 144 None 957 401 51 105 None 1201 455 75 133 None
67980.jpg l-pass 1068 435 52 129 None 1047 398 37 135 None 895 485 70 154 None 915 437 37 92 None 829 404 80 123 None 840 344 92 123 None 629 470 86 123 None 498 453 60 113 digging 462 452 74 96 digging 467 375 52 111 None 771 330 52 150 blocking 784 319 54 139 blocking
79925.jpg l_set 520 362 55 135 None 658 349 46 151 setting 700 397 51 124 None 842 387 43 137 None 695 343 32 103 None 964 462 47 140 None 1059 469 57 117 None 940 384 52 123 None 961 359 40 112 None 1235 442 43 130 None 1227 390 44 119 None 377 494 107 133 None
69060.jpg l_set 291 421 54 132 None 367 332 49 121 None 330 520 70 162 None 425 466 51 157 digging 592 415 40 145 None 537 534 59 157 None 704 462 62 133 None 713 419 40 143 None 731 387 36 119 None 1008 483 56 142 None 1033 363 39 122 None 1057 412 42 142 None
15960.jpg r_set 1055 439 62 144 None 1002 366 98 125 None 832 289 95 116 None 720 353 76 191 None 675 330 53 175 setting 501 454 62 123 None 547 404 42 158 None 537 348 65 133 None 338 369 79 111 None 169 470 75 152 None 95 381 52 158 None 868 495 69 149 None
15210.jpg r_spike 85 466 76 192 None 223 357 87 115 None 362 344 93 132 None 554 349 83 198 blocking 584 367 43 224 blocking 669 388 69 156 None 701 403 103 166 spiking 699 298 58 146 None 912 311 97 111 None 902 379 60 156 None 872 456 89 134 None
68895.jpg l-spike 242 388 49 133 None 314 432 51 145 None 347 484 60 145 None 426 338 77 153 spiking 475 371 77 113 None 546 417 68 142 None 638 336 49 175 blocking 638 314 54 167 blocking 979 364 48 122 None 1019 394 40 127 None 1041 480 58 122 None
15270.jpg r_set 189 325 57 137 None 89 404 63 168 None 3 369 49 152 None 476 380 72 145 None 608 367 56 154 None 500 321 58 149 None 688 266 58 180 setting 914 342 58 124 None 921 421 86 142 None 802 511 138 137 None 442 445 49 156 None 741 293 95 117 None
74370.jpg r_set 949 385 52 120 None 830 490 58 139 None 815 423 50 131 digging 737 322 50 107 None 641 460 109 60 None 591 409 60 143 None 477 478 56 131 None 481 412 37 103 None 431 361 50 109 None 268 380 54 120 None 237 448 43 148 None 60 443 52 129 None
79800.jpg r-pass 867 491 56 122 digging 845 424 71 79 digging 855 406 52 79 None 729 346 50 122 None 653 494 56 146 None 495 431 60 103 None 371 458 24 139 None 344 443 35 139 None 381 431 54 143 blocking 187 440 50 148 None 80 430 50 141 None
49225.jpg r_spike 1031 415 65 135 None 864 440 54 164 None 863 365 70 162 spiking 674 424 72 155 None 728 377 65 127 None 678 357 88 130 None 556 451 47 142 None 514 413 47 144 None 376 365 66 131 None 156 466 67 150 None 143 444 63 116 None 135 385 67 128 None
67910.jpg r-pass 144 366 52 132 None 216 356 75 105 None 202 462 54 146 None 333 386 43 128 None 462 448 71 141 None 518 401 39 143 None 609 393 51 124 None 781 465 66 128 None 795 371 67 102 None 862 443 77 79 None 999 348 65 129 None 981 451 63 124 None
79885.jpg l-pass 1038 478 63 158 None 1126 419 42 125 None 1129 366 55 112 None 942 478 77 84 None 966 352 55 137 None 952 332 65 130 None 519 426 70 123 None 566 464 75 131 None 588 367 54 119 setting 771 365 75 110 None 851 434 38 113 None 868 408 35 122 None
49185.jpg r-pass 135 403 48 156 None 179 445 52 162 None 215 348 55 149 None 515 449 39 139 None 522 399 38 162 None 530 381 29 138 None 604 447 64 101 None 656 451 91 153 None 743 326 64 122 None 879 486 82 166 None 831 507 138 90 None 1013 400 57 117 None
15175.jpg r_set 820 489 94 154 None 855 424 77 135 None 871 370 71 148 None 657 286 97 103 None 591 294 52 171 setting 558 399 64 139 None 314 439 43 152 None 334 380 67 165 None 342 337 41 143 None 64 338 82 135 None
68075.jpg r_set 213 431 79 130 None 315 453 71 131 None 335 377 46 111 None 520 473 51 144 None 547 408 30 134 None 547 377 40 119 None 648 421 72 130 None 682 401 37 114 None 710 368 61 167 setting 829 469 77 145 None 949 444 44 139 None 929 372 46 123 None
69740.jpg l-spike 437 234 58 172 spiking 537 270 45 190 blocking 655 448 88 119 None 903 457 61 104 None 983 428 60 102 None 873 350 49 112 None 430 401 41 147 None 383 365 61 127 None 384 467 67 127 None 206 451 55 144 None 167 402 65 124 None
30640.jpg r_spike 770 318 40 139 None 775 335 41 149 None 825 379 51 177 spiking 946 302 53 126 None 905 384 64 157 None 1161 390 72 137 None 719 314 40 160 blocking 702 334 36 201 blocking 610 337 99 114 None 349 454 67 117 None 418 337 83 129 None 332 356 53 133 None
67760.jpg r-pass 7 436 46 142 None 141 405 41 134 None 308 451 54 131 None 347 479 38 148 None 368 456 43 123 None 453 437 41 107 None 606 493 65 153 None 706 486 63 123 digging 825 493 63 107 None 788 408 63 107 None 933 365 43 128 None
79845.jpg r_set 966 440 62 112 None 920 506 82 134 None 905 373 57 120 None 742 334 91 105 None 718 403 52 108 None 671 311 40 139 setting 518 467 48 140 None 534 404 46 125 None 545 372 51 122 None 252 482 83 136 None 143 432 74 128 None 240 375 42 128 None
67850.jpg l_set 422 405 76 110 None 527 478 43 145 None 612 456 69 43 None 744 453 87 148 digging 734 387 50 112 None 799 413 43 139 None 942 476 55 146 None 923 405 44 130 None 947 406 32 120 None 1110 435 43 137 None 1164 458 42 135 None 1138 382 41 119 None
68995.jpg l-spike 981 400 62 127 None 849 492 73 121 None 813 377 64 125 None 620 449 72 126 None 587 395 45 109 None 497 409 58 168 blocking 406 424 88 176 spiking 427 408 52 140 None 414 365 49 130 None 258 486 45 140 None 283 452 49 128 None 136 414 62 132 None
67815.jpg r_spike 918 448 42 134 None 854 356 45 127 None 782 401 72 126 None 690 398 62 170 spiking 684 425 51 97 None 662 430 45 133 None 541 409 80 117 None 594 414 45 142 None 589 397 57 161 blocking 377 406 76 108 None 295 490 70 136 None 227 429 66 114 None
79870.jpg r_spike 936 387 59 124 None 847 478 56 151 None 851 343 55 147 None 841 381 76 84 digging 784 364 64 131 None 750 326 44 123 None 638 374 49 173 blocking 643 364 32 111 None 673 333 27 158 blocking 366 478 75 124 None 383 393 59 115 digging 330 443 54 114 None
70110.jpg l-spike 674 402 79 175 blocking 706 404 48 123 None 777 406 75 106 None 592 403 49 147 None 567 423 65 168 spiking 503 333 35 127 None 449 393 49 131 None 407 486 57 133 None 286 446 80 128 None 978 375 54 130 None 1040 492 58 136 None 1125 393 69 134 None
74315.jpg l-spike 875 423 58 107 None 705 456 87 107 None 767 390 66 96 None 617 462 79 121 None 492 420 41 138 None 490 284 34 149 blocking 389 291 49 132 spiking 415 426 51 143 None 310 447 83 130 None 374 499 56 149 None 350 393 62 111 None 150 399 56 123 None
74410.jpg r_spike 17 413 87 120 None 258 467 68 123 None 337 395 85 112 None 581 413 68 181 blocking 577 410 43 175 blocking 674 448 76 123 None 717 444 74 142 spiking 767 475 76 120 None 804 429 57 115 None 998 431 54 142 None 774 376 57 115 None
15325.jpg l-pass 246 361 111 140 None 345 438 86 156 None 384 304 62 135 None 697 254 52 189 setting 720 436 69 183 None 816 459 63 153 None 1130 434 69 154 None 915 460 59 149 None 942 380 58 172 None 949 289 60 140 None 997 331 50 149 None
15985.jpg r_spike 800 232 83 151 spiking 902 348 61 148 None 1100 443 92 134 None 848 434 74 142 None 787 477 66 164 None 744 437 60 162 None 691 253 43 184 blocking 642 393 79 137 None 579 463 71 141 None 359 349 74 113 None 345 436 88 145 None 219 437 96 120 None
68750.jpg r_set 989 403 56 124 None 882 331 79 105 None 851 448 65 107 None 773 487 103 141 None 573 432 69 128 None 579 400 67 118 setting 440 454 52 135 None 439 437 41 133 None 441 397 54 116 None 180 381 47 114 None 92 476 60 129 None 86 435 60 126 None
68955.jpg l_set 340 406 38 114 None 371 453 41 142 None 346 502 89 133 None 484 380 57 125 None 651 363 60 175 None 770 424 40 128 None 756 391 32 137 None 750 373 37 114 None 1083 469 60 136 None 1132 405 54 128 None 1086 365 37 134 None 631 299 40 142 setting
80140.jpg r_set 864 341 40 140 setting 881 514 75 145 None 772 322 54 106 None 752 380 55 114 None 673 394 40 125 None 651 434 43 150 None 452 461 57 135 None 470 415 44 127 None 477 398 50 102 None 218 360 50 135 None 168 474 53 157 None 44 422 50 140 None
74330.jpg r-pass 830 416 62 111 None 623 431 101 50 None 634 452 86 110 None 586 453 62 120 None 420 427 60 135 None 411 350 31 105 None 324 338 70 116 None 294 397 75 100 None 297 415 55 130 None 282 497 70 160 None 210 427 43 141 None 24 415 55 132 None
69010.jpg l-pass 2 444 88 99 None 239 441 72 186 setting 284 420 78 186 setting 314 385 68 131 None 369 422 50 141 None 404 499 43 125 None 467 525 49 131 None 529 406 72 111 None 610 455 68 121 None 725 500 58 137 None 781 378 41 137 None 912 405 52 137 None
80025.jpg r_set 149 461 56 144 None 131 392 39 130 None 121 372 70 137 None 380 444 37 130 None 403 405 31 137 None 405 374 29 118 None 548 375 55 129 None 645 427 50 122 None 662 335 64 90 None 942 399 58 119 None 816 338 41 102 None 748 342 58 137 setting
67790.jpg r_spike 800 343 75 109 None 824 445 61 130 None 692 390 67 116 None 664 500 65 137 None 495 458 67 125 None 446 344 67 152 spiking 389 338 42 163 blocking 383 442 45 152 None 381 473 46 144 None 158 398 51 108 None 1 449 59 123 None 18 470 70 136 None
69710.jpg l_set 1177 398 59 135 None 1053 353 50 127 None 1019 483 63 126 None 754 437 53 142 None 766 399 41 79 None 791 375 38 118 None 356 494 81 129 None 352 434 58 109 None 354 380 69 87 None 471 309 71 113 None 537 370 47 167 setting 535 345 60 178 None
15140.jpg r-pass 804 433 63 136 None 725 345 63 148 None 688 452 74 156 digging 580 365 68 156 None 554 303 57 111 None 381 374 79 147 None 201 447 48 151 None 229 373 30 156 None 232 376 55 195 blocking 0 366 37 144 None
67890.jpg l-spike 1172 478 73 135 None 1167 409 39 129 None 1204 369 62 128 None 950 458 89 133 None 975 370 46 121 None 857 382 38 124 None 723 398 59 141 None 648 457 55 144 None 573 399 52 121 None 521 286 59 139 spiking 448 446 63 137 None 436 357 34 119 None
30570.jpg r-pass 918 335 65 128 None 797 472 58 115 digging 783 399 48 122 None 779 381 50 98 None 522 447 87 147 None 416 364 58 120 None 232 429 29 162 None 231 362 47 185 blocking 208 386 48 150 None
69980.jpg r_set 751 364 48 155 setting 875 364 56 133 None 835 328 61 98 None 601 389 37 120 None 537 427 65 155 None 662 530 69 155 None 359 473 59 136 None 349 416 40 136 None 374 387 28 88 None 47 468 89 144 None 83 366 49 133 None
15390.jpg l-spike 255 354 91 154 None 373 369 78 186 spiking 450 412 97 126 None 559 405 58 162 None 377 342 57 148 None 512 275 57 134 None 690 326 82 133 None 645 403 36 135 None 655 362 36 168 None 956 344 81 134 None 1085 375 64 128 None 1041 427 92 161 None
49155.jpg r-pass 940 403 52 108 None 900 504 70 123 None 806 516 124 80 None 639 467 98 142 None 762 315 67 117 None 517 404 100 122 None 422 438 35 140 None 427 383 32 160 None 421 381 38 111 None 128 434 57 158 None 61 417 82 148 None 55 342 72 133 None
70030.jpg l-pass 947 488 85 137 None 1078 435 51 131 None 1039 380 38 120 None 913 425 65 131 None 901 417 41 100 None 835 348 83 120 None 674 316 89 139 blocking 726 301 40 161 blocking 563 462 91 105 None 362 471 66 120 None 237 477 58 106 digging 351 366 51 110 None
67970.jpg r_spike 356 380 49 89 digging 337 442 69 110 digging 372 455 72 116 None 542 467 92 139 None 651 352 43 172 blocking 655 300 35 179 blocking 696 407 63 116 None 772 428 49 97 None 757 485 58 153 None 807 260 37 167 spiking 906 398 55 131 None 960 431 41 137 None
30760.jpg l-spike 1135 389 69 137 None 889 325 88 128 None 846 415 62 149 None 663 366 58 149 None 628 257 44 193 blocking 621 248 42 186 blocking 543 244 51 161 spiking 399 398 102 146 None 401 378 62 153 None 326 326 56 146 None 110 377 42 147 None 0 497 46 137 None
69760.jpg r-pass 59 454 82 135 None 61 375 41 124 None 115 399 47 141 None 161 339 48 118 None 383 443 56 131 None 225 332 40 128 None 240 341 54 123 None 634 364 62 168 setting 683 405 62 121 None 544 344 79 101 None
68780.jpg r_spike 546 450 94 136 None 332 480 72 119 digging 304 431 65 111 digging 323 374 41 74 None 688 297 37 175 blocking 850 254 57 161 spiking 1120 432 83 133 None 924 467 92 55 None 877 446 69 125 None 834 470 55 150 None 731 426 94 122 None
74250.jpg l-pass 342 476 48 118 digging 448 365 42 115 None 431 445 70 106 digging 462 475 71 147 None 552 368 48 130 None 675 440 65 138 None 826 380 53 150 None 838 414 60 137 None 876 387 76 132 None 1031 423 70 133 None 1114 406 64 142 None 1120 410 107 117 None
68990.jpg l-spike 1020 402 65 116 None 897 499 107 116 None 844 375 77 126 None 614 441 72 135 None 608 390 44 112 None 543 425 39 186 blocking 463 366 49 98 None 445 402 53 126 None 401 418 84 182 spiking 269 479 42 140 None 229 447 93 130 None 173 409 60 137 None
30060.jpg l_winpoint 230 466 72 171 None 344 420 99 157 None 324 426 50 145 None 412 427 43 136 None 348 403 63 134 None 1178 443 52 166 None 1041 393 54 157 None 1029 353 35 139 None 742 451 68 155 None 740 351 43 136 None 760 418 65 155 None
40590.jpg l_winpoint 46 337 71 141 None 106 380 65 144 None 139 325 59 148 None 208 341 63 159 None 252 383 86 147 None 577 334 43 138 None 568 355 64 150 None 603 418 66 151 None 813 340 62 147 None 880 454 78 156 None 994 374 56 153 None
31545.jpg l_winpoint 508 362 73 127 None 605 478 57 167 None 669 405 81 159 None 712 363 76 141 None 827 358 80 163 None 910 409 72 159 None 1136 433 50 157 None 1157 400 45 153 None 1134 370 56 168 None
41745.jpg l_winpoint 722 351 47 146 None 642 431 49 168 None 530 338 61 147 None 382 450 52 167 None 341 452 63 170 None 338 349 49 141 None 105 413 73 172 None 134 367 77 162 None 58 435 67 148 None 29 406 77 129 None 93 353 47 143 None
46320.jpg r_winpoint 916 318 49 134 None 1032 386 54 143 None 1075 351 58 151 None 1036 307 52 171 None 1160 453 117 176 None 1141 354 73 162 None 642 257 53 127 None 537 403 80 190 None 317 408 59 158 None 473 347 50 133 None 610 391 47 140 None 597 354 70 148 None
33900.jpg l_winpoint 975 371 35 142 None 935 404 54 145 None 873 348 73 127 None 677 350 53 139 None 639 404 70 153 None 584 333 52 140 None 404 395 63 127 None 417 358 53 146 None 391 351 90 136 None 301 366 69 162 None 341 384 63 129 None 247 411 95 184 None
33270.jpg l_winpoint 1029 381 32 145 None 960 444 63 152 None 817 359 45 147 None 710 429 54 154 None 701 399 53 152 None 667 342 77 137 None 457 359 60 150 None 422 392 55 145 None 398 394 45 134 None 340 351 65 139 None 297 405 95 158 None 311 397 42 144 None
34560.jpg l_winpoint 1093 391 89 103 None 942 373 48 144 None 824 423 52 166 None 749 342 48 148 None 777 325 49 141 None 749 298 44 159 None 581 342 70 150 None 560 383 61 151 None 532 335 61 142 None 474 325 74 144 None 415 335 73 186 None 355 349 84 139 None
38040.jpg l_winpoint 761 466 80 111 None 751 371 56 136 None 640 331 52 138 None 459 334 61 141 None 434 445 62 166 None 366 463 53 169 None 105 394 86 166 None 25 346 132 143 None 0 447 97 159 None
45255.jpg l_winpoint 839 482 116 86 None 812 396 44 147 None 714 348 44 141 None 511 450 63 157 None 412 409 58 159 None 458 356 51 143 None 290 362 78 146 None 288 342 74 139 None 217 398 96 155 None 247 487 74 162 None 184 396 49 180 None 87 426 68 147 None
49380.jpg l_winpoint 806 399 75 144 None 634 346 37 141 None 528 405 120 143 None 405 368 52 152 None 397 334 36 138 None 362 317 45 140 None 181 351 77 156 None 201 320 69 156 None 145 320 59 151 None 123 397 63 132 None 5 420 69 161 None
39900.jpg r_winpoint 914 295 73 145 None 846 314 82 139 None 826 284 58 140 None 722 319 56 151 None 735 291 60 154 None 746 279 70 138 None 413 264 56 140 None 283 276 51 159 None 112 397 59 152 None
32220.jpg l_winpoint 1122 405 62 147 None 1038 353 49 154 None 935 309 41 142 None 762 369 82 170 None 726 310 48 129 None 672 276 39 134 None 527 285 59 182 None 526 285 49 159 None 429 401 65 139 None 445 352 69 136 None 380 324 37 131 None 219 414 40 154 None
