23650.jpg r_spike 1091 363 45 97 None 959 332 48 108 None 943 309 40 102 None 838 260 69 114 spiking 819 354 59 109 None 837 404 48 110 None 758 265 42 152 blocking 757 265 42 135 blocking 494 432 65 104 None 473 310 47 72 None 345 369 45 109 None
20780.jpg l-pass 1019 447 58 112 None 1077 383 35 105 None 953 329 36 105 None 752 337 32 102 None 752 366 29 112 None 739 399 41 118 None 629 360 37 114 None 601 289 39 83 None 475 387 45 80 None 398 323 45 107 None 345 359 56 116 digging 286 452 45 134 None
31450.jpg l-pass 1013 370 61 100 None 909 391 71 114 None 878 364 57 105 None 863 313 61 102 None 808 471 67 116 None 787 382 40 117 None 352 434 79 120 digging 434 383 64 96 None 556 334 56 79 None 691 390 58 116 None 760 461 23 123 None 725 434 47 120 None
18740.jpg l_set 223 418 79 48 None 368 383 39 107 None 241 439 68 122 None 465 301 49 79 None 524 351 54 97 None 584 340 56 107 setting 700 395 42 118 None 696 351 42 112 None 703 316 46 101 None 914 324 43 96 None 967 413 56 116 None 1018 360 49 110 None
18780.jpg l-pass 465 363 54 107 digging 473 309 42 87 None 532 355 29 111 None 559 413 62 103 None 550 341 54 99 None 392 403 53 93 None 401 346 42 85 None 279 447 65 118 None 767 416 58 110 None 751 327 48 86 None 868 365 48 101 None 75 399 69 86 None
27295.jpg l-pass 1126 414 35 116 None 1003 368 50 122 None 992 302 49 95 None 873 424 35 130 None 892 375 32 121 None 843 360 55 97 None 397 383 42 84 digging 559 404 67 109 None 584 333 51 77 None 736 414 70 120 None 798 329 35 129 None 789 333 21 114 None
13165.jpg r-pass 162 410 34 104 None 361 364 27 95 None 407 357 39 111 None 485 416 51 114 None 513 358 35 112 None 526 341 27 102 None 566 363 44 77 None 707 349 51 97 None 567 335 34 95 None 561 319 21 97 None 857 435 53 107 None 895 442 128 58 None
20880.jpg r_set 971 417 65 88 None 916 467 65 116 None 917 368 35 87 None 815 325 60 74 None 737 344 55 115 setting 711 408 57 111 None 632 436 38 113 None 637 367 43 119 blocking 634 354 30 102 None 387 339 34 107 None 335 449 60 114 None 309 382 43 103 None
40255.jpg r_spike 981 412 45 88 None 802 399 50 108 None 777 418 28 108 None 737 424 40 100 None 762 316 36 98 None 696 394 51 84 None 653 393 34 134 blocking 649 367 37 136 blocking 442 349 51 64 None 343 467 50 91 None 236 377 38 87 None
31540.jpg l-spike 900 438 52 112 None 903 342 65 77 None 789 333 62 89 None 686 326 69 85 None 526 366 65 125 blocking 532 388 34 125 blocking 448 302 32 95 None 386 389 55 148 spiking 424 424 75 102 None 401 399 45 95 None 257 415 49 102 None 190 354 50 105 None
31610.jpg r_set 873 316 62 80 None 864 373 37 79 None 875 408 35 112 None 759 453 87 112 None 651 350 52 119 None 623 307 58 106 setting 534 407 36 114 None 539 367 40 118 None 542 343 32 112 None 241 446 65 107 None 245 355 42 87 None 154 384 42 115 None
20730.jpg l-pass 1111 376 33 109 None 992 391 37 107 None 896 368 33 90 None 812 417 56 107 None 797 370 45 99 None 810 322 30 103 None 723 347 52 90 None 749 343 28 90 None 572 410 56 90 digging 449 438 65 122 None 426 375 71 75 None 364 414 47 101 None
27275.jpg r_spike 1036 424 46 116 None 932 388 69 100 None 931 316 54 91 None 845 410 65 100 None 758 326 34 130 setting 758 298 54 120 spiking 690 297 34 144 blocking 675 426 46 108 None 484 422 46 96 None 385 338 74 83 None 302 372 46 108 None
40180.jpg r_spike 877 369 44 85 None 748 472 58 103 None 799 395 57 105 None 758 311 63 89 None 768 375 70 96 None 697 325 52 121 spiking 605 423 47 121 None 626 359 23 129 blocking 615 352 34 116 None 367 363 46 71 None 270 402 44 83 digging 337 455 43 97 digging
13190.jpg r-pass 930 432 42 109 None 849 436 95 70 None 681 386 32 104 None 702 359 55 103 None 680 296 70 103 digging 631 336 32 101 None 578 355 26 103 None 576 367 25 114 None 558 402 40 127 None 389 358 27 93 None 373 367 35 109 None 289 415 34 112 None
23710.jpg r_set 246 365 47 109 None 335 422 45 107 None 365 314 35 104 None 610 380 47 121 None 626 351 36 87 None 636 313 31 88 None 739 296 59 88 None 780 359 48 117 None 839 270 34 121 setting 886 329 51 105 None 912 458 74 114 None 1026 345 51 88 None
27270.jpg r_set 1024 413 35 123 None 935 384 77 97 None 906 319 60 88 None 832 406 67 102 None 756 317 30 132 None 734 304 35 135 setting 674 329 28 104 None 677 338 28 125 blocking 655 421 53 114 None 469 408 42 95 None 370 336 46 86 None 291 372 44 107 None
13050.jpg l-pass 543 431 42 121 None 426 488 78 123 None 480 369 42 97 None 285 398 67 69 None 286 482 53 107 None 256 456 48 87 None 667 445 51 119 None 645 372 47 111 None 784 447 46 103 None 841 372 43 104 None 877 391 55 103 None 846 507 58 94 None
13240.jpg r_spike 932 430 38 115 None 840 366 57 120 spiking 726 431 46 112 None 809 297 49 85 None 744 348 43 107 None 642 388 41 112 None 532 382 49 109 None 486 345 43 96 None 428 455 46 117 None 461 442 35 98 None 225 429 65 126 None 272 399 52 93 None
31410.jpg r_set 895 371 70 95 None 846 346 63 92 None 911 302 60 88 None 672 376 57 105 digging 627 347 59 130 setting 542 439 45 115 None 549 353 45 131 blocking 548 365 34 93 None 344 373 63 80 None 257 400 45 111 None 245 464 75 105 None 799 454 85 119 None
20680.jpg r_set 186 473 48 127 None 174 423 52 111 None 222 382 38 106 None 531 467 40 103 None 520 427 51 114 None 523 404 34 85 None 663 425 41 128 None 802 343 43 82 None 838 373 44 136 setting 900 390 34 105 None 906 512 75 127 None 942 464 41 119 None
13265.jpg l-pass 338 428 62 119 None 379 440 129 45 None 540 315 50 84 None 547 402 82 64 digging 667 433 62 113 None 755 395 35 115 None 791 422 29 111 None 818 315 39 99 None 916 351 37 107 None 999 403 33 117 None 1083 442 27 121 None 431 463 88 127 None
27540.jpg r-pass 958 388 44 107 None 827 427 48 100 None 751 444 49 99 None 671 376 96 76 None 599 322 61 91 None 581 317 45 92 None 498 420 48 131 None 521 353 37 104 None 530 320 22 113 None 355 367 35 95 None 282 398 48 108 None 154 377 42 103 None
27485.jpg l_set 578 392 47 122 None 260 393 83 96 None 378 338 32 97 None 311 480 79 139 None 437 315 30 125 setting 484 299 48 72 None 679 333 25 72 None 677 427 30 102 None 671 382 37 86 None 859 331 27 110 None 968 452 45 119 None 1015 377 50 105 None
42665.jpg l_set 1047 445 45 111 None 1033 367 40 104 None 887 364 65 80 None 703 422 49 111 None 720 393 35 103 None 710 338 38 104 None 555 390 59 98 None 487 414 48 137 setting 360 433 86 116 None 384 419 63 99 None 407 362 47 90 None 444 295 52 81 None
27515.jpg l-spike 1016 413 57 104 None 838 443 55 113 None 789 344 41 92 None 690 448 60 97 None 582 270 34 139 blocking 519 369 33 103 None 490 254 45 127 spiking 392 450 71 136 None 287 406 77 105 None 346 364 51 98 None 213 375 69 96 None
23670.jpg r-pass 1058 358 41 94 None 950 302 55 92 None 938 287 51 138 spiking 878 392 47 95 None 809 363 69 94 None 800 327 37 100 None 751 297 46 108 None 761 307 34 118 None 495 421 67 127 None 519 296 35 100 None 362 381 41 116 None
13335.jpg r-pass 303 389 40 114 None 323 425 69 58 None 468 450 59 103 None 525 452 49 135 None 596 382 29 117 None 606 358 26 103 None 638 355 46 95 None 784 313 47 95 None 800 380 52 86 digging 812 397 35 119 None 858 455 54 120 None 955 399 40 104 None
27635.jpg l-pass 1029 390 40 102 None 802 439 52 113 None 770 510 50 99 None 745 385 45 111 None 811 398 47 114 None 789 345 37 119 None 673 447 57 140 None 660 459 62 116 None 582 456 51 96 digging 426 466 45 89 None 495 360 37 86 None 242 376 52 100 None
12970.jpg r-pass 907 441 41 96 None 902 393 44 79 None 818 369 38 86 setting 771 355 38 79 None 722 319 32 86 None 648 368 44 82 None 582 420 57 105 None 596 387 34 96 None 596 369 20 86 None 366 439 51 86 None 370 406 34 68 None 303 399 30 89 None
27720.jpg r-pass 293 367 46 93 None 362 459 41 131 None 382 483 52 137 None 451 374 57 104 None 436 380 32 65 None 439 321 54 57 None 523 304 46 104 None 504 287 27 131 blocking 784 338 52 93 digging 908 397 52 96 None 813 451 54 90 None 646 447 71 109 None
13000.jpg r_set 873 464 51 97 None 891 400 28 85 None 817 391 55 39 None 751 417 39 64 None 773 321 35 75 None 703 384 79 80 digging 583 432 54 96 None 595 392 29 98 None 593 375 30 82 None 383 444 35 85 None 361 367 31 83 None 305 405 35 92 None
20710.jpg r_spike 292 414 50 104 digging 381 361 40 100 None 389 476 67 104 None 548 444 48 100 None 676 301 37 147 blocking 685 294 30 116 blocking 799 286 55 114 spiking 734 388 60 91 None 863 375 55 92 None 846 462 48 123 None 947 426 41 112 None 1090 409 47 120 None
20625.jpg r-pass 891 427 43 104 None 887 395 44 80 None 831 374 49 74 digging 670 469 54 132 None 656 409 64 116 None 658 327 68 93 None 472 416 37 119 None 469 379 35 139 None 469 365 28 122 None 199 413 40 125 None 214 369 42 103 None 67 392 46 120 None
13105.jpg l_set 329 355 38 137 setting 489 361 43 89 None 510 394 54 119 None 440 492 49 144 None 706 395 41 123 None 817 352 35 89 None 824 394 34 116 None 854 440 38 117 None 1060 352 50 103 None 1193 403 44 118 None 1175 474 52 120 None 593 298 39 73 None
31640.jpg r_spike 778 370 67 155 spiking 757 360 42 99 None 845 383 39 112 None 869 287 45 104 None 925 331 84 92 None 726 380 45 135 blocking 716 360 34 122 blocking 689 375 35 105 None 473 332 52 82 None 289 406 52 100 None 374 450 72 105 None 1038 377 50 107 None
13305.jpg l-pass 309 404 60 109 digging 354 442 90 43 None 414 458 43 137 None 505 498 90 74 None 509 375 41 109 None 526 331 35 98 None 687 329 46 109 None 696 430 71 101 None 725 394 49 107 None 810 356 49 93 None 977 447 38 115 None 983 392 71 109 None
27165.jpg l_set 1142 367 52 111 None 1036 430 49 120 None 976 312 44 99 None 752 395 34 103 None 749 356 41 113 None 742 304 37 103 None 573 375 66 117 None 469 282 48 125 setting 465 281 40 75 None 392 440 72 130 None 411 386 44 113 None 320 366 41 94 None
23740.jpg r_spike 1110 372 41 108 None 1018 329 42 96 None 963 365 50 120 None 838 355 63 130 spiking 825 385 64 111 None 866 288 36 96 None 753 345 48 161 blocking 762 320 47 161 blocking 703 343 45 88 None 535 313 44 68 None 397 442 57 95 digging 342 346 47 100 None
42680.jpg l-spike 397 486 67 111 None 441 426 41 120 None 412 414 39 97 None 450 359 56 90 None 477 293 45 84 None 552 337 65 114 spiking 670 376 30 109 None 678 336 30 94 None 846 357 64 82 None 960 448 45 109 None 987 372 43 101 None 678 385 26 154 blocking
40195.jpg r-pass 343 383 60 91 None 425 450 57 82 None 441 361 58 75 None 676 409 41 106 None 655 360 52 101 None 690 394 51 112 None 733 467 54 97 None 736 377 48 100 None 781 313 42 100 None 805 417 48 97 None 903 378 52 102 None 990 383 37 92 None
31500.jpg l_set 1017 429 32 116 None 953 350 40 97 None 862 309 51 106 None 712 408 32 115 None 695 368 40 112 None 687 331 36 105 None 518 410 50 132 None 538 386 33 93 None 544 305 41 82 None 459 311 37 104 setting 374 360 29 113 None 212 432 80 135 None
13145.jpg l-spike 1100 430 53 104 None 941 447 52 117 None 860 329 44 99 digging 648 298 22 121 blocking 643 286 36 124 blocking 553 357 52 102 None 498 362 38 104 None 565 265 44 114 spiking 440 363 28 92 None 180 412 36 98 None 477 443 62 124 None
23570.jpg r-pass 205 346 34 124 None 266 410 66 100 None 360 350 37 109 None 518 386 65 122 None 533 345 43 109 None 534 324 29 100 None 584 323 50 103 None 701 262 34 99 None 739 304 52 83 None 834 321 51 90 digging 895 351 35 103 None 889 407 62 116 None
42750.jpg r_spike 1009 406 45 99 None 941 372 50 106 None 838 365 49 77 None 719 377 70 95 None 800 288 59 87 spiking 736 449 47 123 None 578 419 48 111 None 654 300 24 122 blocking 656 301 24 136 blocking 357 338 55 76 None 282 396 62 84 None 359 446 46 92 digging
23655.jpg r_spike 1108 356 35 108 None 980 333 30 110 None 974 305 43 97 None 860 393 51 108 None 846 368 46 96 None 850 270 51 119 spiking 773 282 58 108 blocking 775 260 60 113 blocking 523 308 43 82 None 523 438 61 97 None 372 368 57 110 None
18825.jpg l_set 239 437 70 123 None 310 351 52 100 None 429 311 38 124 setting 522 259 35 86 None 487 418 53 114 None 630 348 42 121 None 710 324 34 102 None 704 345 30 115 None 702 391 36 117 None 921 309 35 101 None 1001 349 42 112 None 985 410 51 118 None
27385.jpg r_set 1011 422 51 107 None 910 387 60 95 None 935 316 47 83 None 821 497 86 106 None 704 375 38 147 setting 661 345 44 125 setting 602 440 54 125 None 629 393 26 123 blocking 623 327 27 147 blocking 419 455 60 96 None 427 411 37 93 None 214 412 57 102 None
23610.jpg r_set 197 362 58 106 None 245 322 39 95 None 247 428 52 109 None 545 371 46 124 None 543 353 43 109 None 550 334 36 103 None 658 347 37 123 None 701 345 37 120 None 768 410 50 143 setting 775 267 46 97 None 879 374 43 102 None 919 332 47 97 None
31380.jpg r-pass 95 411 105 111 None 237 406 44 119 None 331 379 28 109 None 392 401 54 101 None 439 360 33 111 None 465 364 45 133 blocking 536 355 41 107 None 675 341 58 94 None 883 415 52 115 None 851 383 48 65 digging 857 366 47 63 digging 973 311 42 97 None
27195.jpg l-spike 959 382 51 100 digging 745 422 58 116 None 742 310 69 86 None 535 267 26 130 blocking 534 250 35 125 blocking 432 220 51 134 spiking 454 327 38 97 None 367 362 57 89 None 350 436 51 114 None 207 337 37 91 None 111 377 65 97 None
20845.jpg r-pass 801 386 51 106 digging 930 405 52 88 None 711 342 44 103 None 584 382 77 92 None 600 334 34 69 None 571 343 49 86 None 506 355 43 96 None 523 369 26 119 None 432 405 68 92 None 318 342 44 106 None 295 436 65 117 None 275 364 38 110 None
27615.jpg r_spike 1050 407 48 110 None 854 420 48 111 None 846 395 43 97 None 767 398 49 150 spiking 766 375 40 100 None 747 362 37 109 None 698 373 45 173 blocking 667 397 47 106 None 438 360 60 72 None 320 471 57 106 None 267 379 43 94 None
27415.jpg r_spike 932 394 51 97 None 794 361 35 108 None 756 276 55 117 spiking 750 415 54 116 None 700 478 54 127 None 677 420 36 125 None 615 374 37 114 None 636 404 35 120 None 588 437 57 125 None 358 426 68 88 None 359 373 36 82 None 271 388 37 96 None
40185.jpg r_spike 300 402 44 76 digging 365 445 45 98 None 400 365 40 67 None 639 409 40 119 None 628 354 36 102 None 636 338 46 135 blocking 714 354 38 110 spiking 723 471 63 102 None 790 400 78 102 None 773 310 44 87 None 834 366 55 103 None 925 363 34 89 None
40130.jpg r-pass 317 417 42 109 None 304 370 60 87 None 82 412 46 107 None 487 396 51 123 None 507 349 23 99 None 506 386 33 114 None 549 367 50 91 None 723 403 43 116 None 803 428 64 104 None 813 381 51 81 digging 829 348 39 68 None 697 292 41 90 None
31580.jpg r-pass 126 389 62 115 None 165 367 40 93 None 317 434 66 138 None 403 409 45 109 None 439 377 50 118 None 452 329 27 104 None 540 323 46 102 None 601 461 86 126 None 647 401 56 114 None 849 413 59 113 None 808 326 53 102 digging 883 341 33 98 None
27710.jpg l-spike 957 394 52 92 digging 862 434 47 112 None 822 333 45 92 None 657 449 60 103 None 566 276 28 143 blocking 495 379 43 99 None 477 370 41 79 None 430 268 50 109 spiking 340 357 47 97 None 414 488 45 133 None 364 471 56 129 None
27680.jpg l_set 464 327 29 127 setting 295 324 51 76 None 370 478 73 128 None 464 525 47 144 None 569 420 44 125 None 548 358 41 82 None 686 385 35 112 None 782 495 63 117 None 864 326 48 106 None 941 395 46 112 None 1011 432 29 115 None 691 348 32 100 None
27585.jpg r_set 971 443 38 114 None 913 406 61 96 None 845 513 100 111 None 726 325 37 130 setting 744 349 43 93 None 667 376 29 87 None 605 442 69 107 None 615 386 42 93 None 628 343 25 100 None 342 426 40 118 None 307 363 42 93 None 230 394 46 108 None
40165.jpg r_set 898 401 65 87 None 878 360 36 87 None 848 474 81 102 None 800 308 51 79 None 725 390 52 90 None 702 327 43 118 setting 571 426 74 109 None 585 370 37 124 blocking 584 359 46 93 None 318 439 60 97 None 338 362 52 71 None 239 397 52 88 None
40225.jpg r_set 779 358 38 103 setting 767 412 43 111 None 788 498 76 99 None 960 384 38 97 None 752 320 38 80 None 673 386 29 110 None 601 420 49 115 None 612 388 33 108 None 611 360 24 98 None 403 431 45 95 None 387 356 28 91 None 276 387 34 98 None
42690.jpg r-pass 300 479 61 120 None 392 421 36 102 None 440 427 66 121 None 456 357 47 92 None 469 295 36 91 None 550 389 40 120 None 622 399 39 121 None 616 373 35 94 None 635 347 41 99 None 804 369 58 80 None 888 426 33 125 setting 923 395 53 84 None
18860.jpg l-spike 962 349 48 86 None 859 417 65 99 None 828 327 49 89 None 680 323 49 88 None 563 394 30 105 blocking 561 348 38 159 blocking 471 403 69 111 None 338 409 82 142 spiking 316 385 68 82 None 370 425 40 119 None 285 348 58 91 None 444 278 29 99 None
27345.jpg r-pass 1051 385 60 100 None 980 416 35 119 None 978 296 40 106 None 820 371 41 108 None 741 409 55 123 setting 701 342 40 99 None 638 397 38 117 None 608 336 30 110 None 552 436 51 136 None 512 426 40 103 None 395 355 29 92 None 240 417 41 120 None
27425.jpg l-pass 928 385 35 98 None 811 429 52 118 None 820 361 32 94 None 722 338 64 99 None 731 479 47 128 None 693 425 48 121 None 642 402 45 120 None 617 362 42 108 None 587 428 47 124 None 337 367 49 84 None 347 423 67 85 None 302 416 55 69 digging
27220.jpg r-pass 836 388 49 83 None 674 404 51 83 None 620 330 96 86 digging 511 324 62 71 None 525 298 62 91 None 506 292 22 102 None 480 279 26 103 None 456 321 37 106 None 416 400 46 128 None 329 348 47 102 None 189 342 37 91 None 143 367 39 103 None
27280.jpg r_spike 1062 416 43 122 None 950 372 39 112 None 953 306 47 97 None 839 418 60 107 None 783 366 35 114 None 771 290 50 118 spiking 702 420 41 116 None 721 281 30 150 blocking 722 311 26 112 None 498 420 47 94 None 457 333 39 79 None 322 377 45 101 None
13365.jpg r_set 284 398 44 110 None 338 378 38 91 None 346 447 44 114 None 592 447 75 96 None 616 368 30 131 blocking 610 362 30 83 None 664 320 46 122 setting 703 391 60 97 None 800 380 44 66 None 817 315 61 82 None 892 388 38 97 None 862 505 99 103 None
18755.jpg l-spike 985 368 46 107 None 878 421 61 118 None 846 319 47 94 None 626 404 40 113 None 622 335 23 114 blocking 629 310 29 100 None 513 269 46 157 spiking 516 296 45 87 None 471 364 50 67 None 338 383 70 97 None 231 448 104 131 None 159 419 76 58 None
42720.jpg r_set 881 388 61 96 None 840 342 61 82 None 820 408 40 106 None 712 450 63 103 None 696 333 49 111 setting 608 371 30 114 None 511 427 55 114 digging 526 380 44 116 None 511 324 32 102 None 363 356 51 94 None 297 401 58 91 None 239 457 43 100 None
18710.jpg l-pass 233 419 40 127 None 429 319 56 99 None 566 319 48 97 None 357 400 57 102 digging 711 371 38 102 None 791 361 29 118 None 823 318 35 92 None 815 382 47 110 None 985 322 30 109 None 1023 352 50 107 None 1128 356 61 85 None 378 394 41 53 None
31535.jpg l-spike 928 443 55 113 None 926 350 65 88 None 816 328 40 89 None 686 320 50 89 None 567 395 26 145 blocking 568 360 38 155 blocking 454 413 81 108 None 431 394 47 104 None 355 397 85 110 spiking 283 411 55 103 None 240 364 55 97 None 468 300 42 96 None
13035.jpg r_spike 836 383 49 95 None 804 371 37 91 None 778 442 61 109 spiking 759 433 58 103 None 624 435 49 107 None 639 360 43 99 None 523 446 51 116 None 470 467 44 121 None 480 395 50 95 None 261 392 50 81 None 187 489 67 110 None 175 424 70 99 None
42775.jpg l-pass 343 392 52 88 None 408 336 58 81 None 446 410 41 83 setting 586 419 69 105 None 690 328 52 97 None 724 319 30 97 None 777 373 66 102 None 783 434 34 116 None 854 354 45 87 None 838 322 46 95 None 995 358 77 90 None 1082 415 38 95 None
27115.jpg l-pass 1181 331 54 107 None 1126 372 42 116 None 1012 356 30 107 None 862 330 37 105 None 830 374 30 112 None 791 345 49 122 None 717 395 54 110 None 561 432 75 133 None 528 413 67 116 None 446 321 51 98 None 386 411 57 103 digging 399 376 39 92 None
31435.jpg r_spike 945 351 41 92 None 862 299 56 94 None 860 364 50 90 None 852 397 60 116 None 789 408 43 139 spiking 738 391 39 107 None 692 400 37 131 blocking 684 360 37 156 blocking 672 380 35 109 None 479 340 50 73 None 372 383 58 103 None 301 463 56 82 None
27820.jpg r_spike 921 397 65 111 None 879 427 48 102 None 850 412 54 116 spiking 793 366 32 116 None 715 389 49 111 None 649 437 44 117 None 601 377 40 102 None 394 353 45 91 None 293 418 55 89 None 301 465 60 116 None 652 420 40 114 None 974 295 32 92 None
41235.jpg l_winpoint 1024 382 33 103 None 1015 356 49 100 None 927 381 56 100 None 758 443 64 106 None 686 403 42 108 None 686 355 33 109 None 472 387 50 102 None 460 380 33 98 None 428 423 41 123 None 406 407 31 107 None 347 396 56 96 None 418 376 52 102 None
45570.jpg r_winpoint 825 359 36 133 None 779 355 33 104 None 787 318 35 93 None 728 373 58 133 None 693 412 39 111 None 694 386 48 115 None 606 438 36 120 None 613 362 23 108 None 602 352 31 99 None 440 367 33 95 None 384 345 34 109 None 353 426 57 114 None
42015.jpg r_winpoint 813 344 92 102 None 817 384 46 117 None 755 417 79 127 None 772 416 58 110 None 734 397 32 117 None 751 385 64 107 None 588 402 56 120 None 513 347 36 102 None 466 424 39 122 None 472 399 46 105 None 427 378 35 105 None 178 514 53 140 None
30660.jpg l_winpoint 941 436 51 117 None 914 380 46 104 None 866 362 70 106 None 783 490 54 135 None 661 484 54 118 None 670 359 40 106 None 578 349 40 107 None 556 368 43 112 None 507 408 52 103 None 448 412 96 129 None 474 420 45 115 None 399 386 53 117 None
37905.jpg l_winpoint 1020 374 33 99 None 951 396 38 101 None 815 377 43 99 None 761 432 45 105 None 719 373 51 102 None 660 366 34 107 None 427 425 44 104 None 419 422 28 100 None 430 402 49 107 None 404 407 27 100 None 327 436 47 120 None 324 389 43 91 None
49995.jpg r_winpoint 853 368 67 94 None 825 376 32 104 None 742 413 66 140 None 780 367 45 102 None 726 355 51 110 None 709 341 55 105 None 656 314 41 93 None 591 308 47 86 None 544 385 54 117 None 400 424 36 74 None 386 354 23 109 None 406 322 42 85 None
48075.jpg r_winpoint 915 401 34 87 None 861 410 56 88 None 807 400 38 81 None 803 391 41 90 None 805 377 49 94 None 830 394 20 83 None 518 446 24 95 None 551 359 35 81 None 526 369 26 79 None 540 357 27 71 None 335 445 32 95 None 356 387 36 85 None
52245.jpg l_winpoint 923 425 76 120 None 968 376 26 117 None 851 430 42 112 None 832 399 38 108 None 837 344 37 100 None 672 358 40 111 None 481 388 56 113 None 434 384 47 104 None 464 345 58 111 None 519 347 55 113 None 522 346 52 106 None 517 331 37 107 None
48915.jpg l_winpoint 925 416 40 105 None 913 366 38 102 None 872 479 43 118 None 721 356 64 90 None 694 441 37 122 None 679 470 45 125 None 523 421 38 100 None 520 403 40 110 None 491 399 42 105 None 487 418 59 106 None 433 425 47 104 None 377 407 55 104 None
39615.jpg l_winpoint 962 360 38 107 None 895 371 42 102 None 875 393 35 104 None 857 447 50 108 None 787 373 36 106 None 771 341 28 106 None 700 302 30 107 None 652 309 49 89 None 540 371 72 136 None 476 350 45 120 None 397 366 38 122 None 405 365 63 33 None
40320.jpg r_winpoint 792 454 54 110 None 768 436 62 119 None 726 468 66 114 None 689 428 54 110 None 715 403 59 113 None 742 395 54 117 None 483 448 40 123 None 506 429 44 120 None 517 421 37 115 None 384 432 38 107 None 377 350 43 87 None 214 392 44 108 None
36915.jpg l_winpoint 413 428 52 94 None 491 469 46 125 None 477 440 44 103 None 482 428 56 104 None 500 415 54 106 None 530 407 42 94 None 682 451 37 109 None 644 420 44 100 None 648 393 40 86 None 804 377 45 95 None 871 406 42 93 None 907 451 34 106 None
38940.jpg l_winpoint 1093 499 46 126 None 945 425 40 108 None 877 454 46 107 None 803 486 37 123 None 830 407 45 107 None 754 337 32 100 None 318 398 36 100 None 217 419 56 90 None 467 423 62 103 None 499 419 42 99 None 523 387 34 104 None 476 399 42 100 None
38370.jpg r_winpoint 225 403 49 97 None 292 467 64 107 None 328 352 32 101 None 493 361 41 109 None 521 357 38 96 None 558 362 33 107 None 793 365 38 111 None 809 377 28 106 None 813 391 40 102 None 848 392 33 105 None 886 380 49 103 None 994 520 74 105 None
33735.jpg l_winpoint 389 399 46 115 None 442 413 50 132 None 476 397 48 132 None 477 371 43 116 None 509 446 52 114 None 524 319 36 102 None 681 354 44 112 None 743 468 74 133 None 818 449 58 126 None 954 381 42 108 None 966 342 41 115 None 968 538 52 147 None
31680.jpg r_winpoint 978 388 77 101 None 854 319 39 88 None 839 350 41 94 None 815 412 43 119 None 761 395 59 111 None 727 400 40 98 None 651 458 43 135 None 600 458 50 138 None 526 451 65 83 None 545 338 34 102 None 347 465 70 96 digging 296 359 33 107 None
