65805.jpg l-spike 1062 408 55 127 digging 933 375 53 96 digging 896 474 90 120 digging 750 446 90 134 None 545 298 64 152 blocking 435 294 56 137 spiking 463 402 70 138 None 407 453 78 160 None 248 457 65 147 None 293 423 76 118 None 358 385 62 105 None
42045.jpg r_spike 978 429 59 137 None 981 401 85 137 None 885 475 94 140 None 863 348 72 111 None 790 409 106 194 spiking 709 445 88 117 None 451 377 78 110 None 242 359 107 112 None 67 527 108 112 None 1 397 65 128 None 581 391 45 222 blocking
35950.jpg l_set 996 375 51 131 None 958 467 55 128 None 913 407 38 145 None 676 456 49 156 None 701 400 37 127 None 705 370 40 125 None 229 402 75 136 None 339 380 52 130 None 404 339 60 110 None 552 434 82 147 None 554 419 51 144 digging 571 386 54 130 None
43045.jpg l_set 1095 385 52 139 None 952 354 47 114 None 658 442 52 150 None 653 385 45 135 None 662 346 52 122 None 536 363 52 167 setting 466 386 50 122 None 381 328 54 99 None 279 422 58 143 None 271 479 111 150 None 157 395 82 129 None 967 476 77 133 None
30280.jpg r_spike 876 341 60 138 None 945 471 72 131 None 1002 407 75 140 None 788 435 51 175 spiking 783 416 35 132 None 454 371 47 124 None 162 467 138 130 None 143 384 83 131 None 661 399 55 205 blocking 647 421 35 146 None 1127 422 62 147 None
41595.jpg r_spike 83 425 63 128 None 166 490 74 127 digging 254 383 75 108 digging 529 448 45 136 None 549 403 46 120 None 560 326 38 153 blocking 802 503 111 165 None 1045 486 115 160 None 850 371 46 105 None 723 406 50 131 None 870 416 49 125 None 677 326 40 143 spiking
42855.jpg l-pass 1120 371 55 106 None 1065 425 52 123 None 959 452 36 122 None 726 433 30 131 None 759 393 34 127 None 732 414 33 119 None 572 466 50 103 None 478 369 64 93 None 335 372 36 113 digging 248 398 37 124 None 216 460 65 109 None 251 515 48 164 None
70000.jpg l-pass 220 414 60 132 None 357 458 118 115 None 413 378 50 116 None 565 351 66 113 None 656 397 55 126 None 592 476 93 110 digging 734 359 75 115 None 747 382 44 121 None 738 450 63 134 None 885 445 63 126 None 877 406 68 113 None 882 390 91 109 None
68460.jpg r_spike 893 423 69 154 None 825 381 73 182 setting 773 437 100 162 None 796 350 51 110 None 629 395 63 159 None 625 338 53 128 None 492 391 61 142 None 410 428 95 155 None 420 434 71 173 None 385 363 61 130 None 167 350 68 142 None
68530.jpg l_set 86 409 107 144 None 266 490 88 182 None 308 383 51 140 None 386 311 69 112 None 496 404 56 184 None 537 354 72 182 setting 644 410 51 156 None 632 387 65 147 None 633 350 70 109 None 947 373 86 93 None 983 453 90 154 None 1154 406 70 125 None
41815.jpg r_spike 1016 427 71 133 None 1024 392 74 125 None 868 477 58 144 None 749 441 71 184 spiking 782 373 68 127 None 718 401 69 130 None 599 380 65 218 blocking 401 386 72 123 None 266 384 99 116 digging 109 398 58 131 None 224 499 102 133 digging
42955.jpg r-pass 206 399 54 137 None 249 410 60 111 digging 309 363 56 118 None 404 434 48 137 None 428 390 45 120 None 418 322 50 122 None 491 312 69 150 blocking 705 438 82 135 None 732 370 62 105 None 827 447 90 129 None 920 427 86 94 None 487 314 37 143 blocking
70125.jpg r-pass 980 387 75 133 None 922 430 56 180 setting 709 479 103 141 None 725 388 76 117 None 569 371 89 125 None 545 362 67 122 None 483 383 34 131 None 450 406 37 138 None 436 455 42 168 None 301 440 72 138 None 333 394 40 114 None 120 415 79 135 None
36065.jpg r_set 156 477 67 142 None 271 381 88 121 None 508 448 42 158 None 510 422 55 133 None 526 387 56 116 None 630 421 53 156 None 718 350 53 175 setting 879 350 44 126 None 934 496 126 174 None 963 447 58 123 None 990 404 100 140 None
41535.jpg r-pass 1060 414 46 121 None 919 482 50 144 None 903 465 75 62 digging 949 422 46 95 None 766 446 52 124 None 589 418 52 109 None 518 450 40 131 None 534 428 36 130 None 522 406 32 108 None 251 470 52 114 None 199 434 51 115 None 187 383 35 105 None
68650.jpg l_set 1137 404 62 123 None 960 461 102 151 None 967 363 81 95 None 639 418 56 149 None 636 382 60 140 None 644 350 51 133 None 521 355 58 161 setting 563 372 25 121 None 375 313 63 109 None 253 353 63 132 None 256 488 121 184 None 94 431 84 165 None
68880.jpg l_set 107 386 70 154 None 258 350 57 144 None 251 479 137 170 None 346 355 69 176 setting 412 335 56 122 None 541 379 54 155 None 690 404 48 162 None 688 375 48 155 None 673 350 61 102 None 1001 445 96 167 None 1032 359 52 107 None 1187 396 90 141 None
68490.jpg l-pass 1190 401 59 160 None 1041 414 66 161 None 1058 356 83 123 None 781 408 60 167 None 746 383 63 166 None 764 344 52 108 None 656 438 65 161 None 470 387 61 150 None 475 325 48 141 None 375 440 92 169 None 278 360 52 153 None 155 447 83 145 digging
70180.jpg r_set 47 409 68 132 None 185 478 73 136 None 258 378 67 105 None 532 442 45 165 None 557 368 36 138 None 636 344 39 156 setting 708 377 55 117 None 781 334 59 101 None 876 503 104 167 None 902 446 110 161 None 944 392 56 135 None
69950.jpg r_set 948 516 89 169 None 889 437 75 141 None 893 387 81 139 None 835 329 66 106 None 740 362 74 162 setting 708 321 38 165 setting 609 357 34 130 None 600 423 33 104 None 582 445 63 146 None 309 377 48 102 None 271 486 83 125 None 147 428 68 135 None
35885.jpg r_spike 1052 364 59 118 None 935 454 54 124 None 834 473 39 158 None 759 384 59 118 None 782 354 32 106 None 893 368 38 106 spiking 679 386 26 171 blocking 653 371 41 103 None 332 392 55 93 None 257 493 86 101 digging 202 432 71 114 digging
70315.jpg l-spike 202 437 63 142 None 207 423 63 128 None 265 403 48 111 None 370 338 42 102 None 365 417 72 179 spiking 472 394 49 151 None 546 385 51 226 blocking 658 390 51 118 digging 833 384 70 102 None 1021 515 88 139 None 1023 406 100 130 None
36170.jpg l_set 163 497 158 105 None 189 386 84 145 None 328 337 80 111 None 424 447 109 160 setting 591 432 47 172 None 670 448 52 170 None 684 407 49 152 None 705 367 41 133 None 1014 352 50 131 None 1040 479 68 150 None 1046 387 68 156 None 245 515 142 196 None
70055.jpg l_set 1099 397 72 147 None 1007 375 49 101 None 1031 450 86 147 None 684 365 47 107 None 684 382 49 143 None 687 412 37 148 None 580 391 50 141 None 475 340 45 168 setting 414 329 52 111 None 363 378 54 121 None 134 417 80 127 None 512 468 49 176 None
35850.jpg r_set 1005 425 65 115 None 983 434 76 49 None 943 519 63 161 None 926 458 47 121 None 799 404 55 113 None 690 385 57 140 setting 571 450 45 133 None 571 419 50 132 None 589 398 39 120 None 350 404 72 89 None 283 512 87 93 None 162 448 59 105 None
69845.jpg l-pass 1022 469 48 133 None 989 440 57 110 None 823 485 49 145 None 778 404 43 102 None 747 413 40 106 None 691 446 66 133 None 573 419 43 123 None 452 368 52 104 digging 456 469 51 130 None 318 465 69 139 None 170 418 52 117 None
55840.jpg l-pass 585 447 39 91 None 663 486 38 96 None 321 481 38 95 None 375 499 42 104 None 418 481 50 85 digging 445 465 45 76 digging 748 484 35 112 None 769 460 30 91 None 904 472 42 92 None 945 512 42 93 None 1145 498 71 117 None
36130.jpg l-pass 195 458 92 66 None 342 457 37 61 None 284 479 100 130 None 471 367 76 131 None 616 486 73 157 None 645 446 57 165 None 947 472 60 137 None 980 400 46 141 None 958 356 52 110 None 801 401 63 138 None 760 418 43 156 None 784 455 49 170 None
41600.jpg r_spike 1052 477 77 165 None 840 423 58 123 None 841 373 52 106 None 807 495 68 162 None 734 405 57 123 None 660 355 52 108 None 579 325 38 141 blocking 567 357 41 170 blocking 533 443 63 145 None 265 389 77 106 digging 186 486 86 113 digging 111 425 58 133 None
68685.jpg l-spike 212 414 71 131 None 277 356 54 137 None 408 449 84 175 None 458 268 41 133 spiking 487 429 54 139 None 490 371 41 139 None 563 322 35 156 blocking 557 282 54 150 blocking 619 449 86 143 None 931 370 54 96 digging 959 438 67 141 digging 1011 427 65 111 digging
41660.jpg l_set 1054 395 76 133 None 1024 431 42 126 None 953 408 44 140 None 680 466 49 170 None 699 383 37 126 None 653 396 39 142 None 489 394 60 147 digging 439 365 49 105 None 254 511 84 186 None 222 465 53 109 None 207 371 65 133 None 143 419 60 149 None
69695.jpg l-pass 1046 475 72 103 None 960 420 51 110 None 866 422 35 106 None 693 446 37 123 None 651 435 54 127 None 584 460 43 119 None 446 437 52 117 None 206 495 58 116 digging 185 484 61 85 None 273 421 44 103 None 447 391 38 102 None
56020.jpg l-spike 470 342 48 133 None 249 365 70 133 None 261 437 63 133 None 314 460 42 137 None 347 390 53 105 None 404 406 70 200 setting 577 457 81 133 None 587 408 44 98 None 664 378 63 116 None 919 455 72 126 None 895 373 44 116 None 1033 403 53 126 None
68310.jpg r-pass 890 485 56 161 None 891 423 50 111 None 840 431 79 68 None 741 395 44 88 None 700 361 62 65 None 560 415 46 103 None 471 403 33 120 None 466 419 36 126 None 463 453 50 142 None 212 474 50 134 None 59 438 52 127 None 0 390 56 123 None
68920.jpg l-spike 120 404 63 128 None 226 404 63 151 None 252 341 45 137 None 427 272 51 144 spiking 349 455 99 151 None 488 368 51 140 None 573 284 54 166 blocking 717 427 74 139 None 959 445 83 151 None 1111 406 60 124 digging 961 362 74 114 digging
68605.jpg l-pass 269 464 52 152 digging 286 357 50 132 None 444 327 79 122 None 501 449 80 160 None 539 399 52 137 None 582 395 46 132 None 654 438 51 144 None 683 429 55 153 None 679 360 55 100 digging 954 357 50 109 None 983 460 112 157 None 1100 394 61 132 None
41940.jpg l-spike 111 402 56 129 None 261 356 82 111 None 298 457 69 131 None 357 288 65 139 spiking 483 422 52 143 None 563 291 39 184 blocking 568 299 50 129 blocking 783 435 62 143 None 931 356 47 126 None 982 469 67 126 digging 1065 401 65 126 None
56140.jpg r_spike 1082 421 68 133 None 954 372 62 123 None 942 471 54 129 None 833 408 64 184 spiking 776 432 68 137 None 775 378 59 99 None 665 377 50 182 blocking 668 377 52 205 blocking 381 361 75 117 None 184 482 102 147 digging 72 406 76 104 None
35900.jpg l-pass 373 422 88 63 None 310 457 64 130 None 247 434 56 118 None 696 369 59 101 None 743 396 41 151 blocking 834 462 55 157 None 885 452 35 107 None 1027 446 55 132 None 1100 382 62 115 None 850 361 29 125 None 813 376 39 117 None
56090.jpg r_set 1063 390 66 131 None 893 345 53 126 None 846 455 73 113 digging 732 359 54 128 None 664 402 58 148 None 548 391 32 131 None 534 405 51 147 None 519 453 57 119 None 280 370 94 117 None 132 457 75 156 None 14 403 77 130 None 923 515 83 181 None
43005.jpg l-pass 431 379 67 200 setting 450 414 65 107 None 456 331 54 121 None 327 435 70 138 None 257 421 90 133 None 241 375 50 136 None 666 445 85 158 None 657 330 45 120 None 616 381 59 145 None 926 445 69 122 None 891 377 50 118 None 1013 387 61 138 digging
30095.jpg l_set 234 526 84 182 digging 270 415 53 160 None 343 357 41 123 None 418 304 35 111 None 621 370 49 137 None 640 431 63 163 None 762 380 35 144 None 760 363 39 130 None 769 349 35 126 None 1015 339 53 135 None 1059 436 72 140 None 1199 387 78 131 None
41765.jpg r_set 616 399 46 161 digging 758 387 58 123 None 725 494 77 174 None 950 469 79 154 None 1061 415 70 147 None 1009 363 51 147 None 442 454 62 167 None 483 364 53 151 None 489 415 44 147 None 188 452 51 144 None 146 373 53 130 None 46 427 88 147 None
69915.jpg r-pass 957 514 57 170 None 895 440 65 139 None 919 364 44 136 setting 811 416 65 141 None 803 327 37 100 None 579 392 55 125 None 485 458 54 150 None 493 405 35 133 None 501 374 29 133 None 173 470 51 144 None 217 388 54 103 None 137 420 54 127 None
56045.jpg r-pass 107 444 77 144 digging 179 457 72 137 None 307 399 44 134 None 420 415 43 159 None 445 366 38 137 None 828 411 55 137 None 654 455 55 159 None 609 403 55 154 None 957 380 58 131 None 742 374 58 116 None 177 370 72 114 digging 662 349 52 139 setting
68560.jpg l-spike 220 413 56 144 None 270 358 58 137 None 421 329 41 119 None 414 405 60 163 spiking 495 426 35 161 None 478 387 37 140 None 603 367 84 114 digging 549 384 49 205 blocking 846 381 90 91 None 998 466 76 147 digging 983 399 86 105 digging
65875.jpg l-spike 936 420 76 145 None 783 471 62 137 None 764 419 99 115 digging 744 349 39 121 None 637 413 64 203 blocking 605 440 56 145 None 525 396 54 190 spiking 503 412 70 148 None 476 352 60 131 None 303 377 41 131 None 263 457 64 162 None 127 396 54 139 None
65760.jpg l_set 1097 438 67 112 None 970 504 87 114 None 972 413 49 79 None 665 463 72 128 None 662 412 32 127 None 664 401 54 102 None 516 420 75 117 None 431 431 67 147 setting 407 364 43 94 None 199 437 86 116 None 156 416 67 107 None 168 522 102 150 None
41835.jpg l-pass 141 476 78 76 None 274 394 121 105 None 475 392 52 125 None 372 469 74 141 None 666 471 35 154 None 645 466 47 176 None 807 366 52 115 None 845 461 52 148 None 811 485 66 182 None 1052 438 78 125 None 1091 387 58 135 None
36205.jpg l-spike 1065 394 74 126 digging 891 476 112 122 digging 895 339 52 134 digging 631 439 67 158 None 564 287 35 184 blocking 479 380 50 150 None 411 274 84 135 spiking 440 451 57 148 None 382 446 67 194 None 313 386 48 144 None 332 363 40 135 None
41580.jpg r_set 696 396 97 122 None 671 372 60 151 setting 866 375 60 108 None 941 404 99 131 None 1073 476 97 170 None 876 510 86 179 None 513 380 41 105 None 514 407 44 144 None 501 438 51 147 None 123 511 80 116 digging 228 386 74 117 digging 43 417 60 136 None
70095.jpg l-spike 1016 404 72 128 None 833 384 61 94 None 897 489 85 114 digging 645 453 117 133 None 536 307 57 151 blocking 450 412 41 123 None 450 327 44 123 None 393 470 88 147 None 347 413 49 130 None 340 390 37 99 None 205 417 51 130 None
55935.jpg l-pass 987 461 49 121 None 876 401 37 95 None 909 480 46 128 None 561 496 89 121 None 567 406 57 96 None 219 478 46 111 None 328 487 56 118 None 445 394 55 95 None 522 433 47 122 None 442 441 49 103 None 450 493 49 125 None 323 421 75 111 digging
41880.jpg l_set 171 506 76 76 None 307 445 66 188 digging 309 342 60 135 None 466 495 94 194 None 558 325 54 107 None 734 421 35 166 None 883 372 47 123 None 877 397 45 148 None 994 482 76 168 None 1113 477 84 143 None 1231 359 45 143 None
68830.jpg l-pass 985 417 103 160 None 1028 401 39 131 None 975 370 53 125 None 785 343 41 128 None 780 372 61 148 None 773 393 48 165 None 653 419 72 158 None 647 389 81 135 digging 523 392 61 113 digging 397 475 94 101 None 333 360 52 131 None 184 391 69 146 None
42935.jpg l-spike 1021 418 71 116 None 888 478 85 118 None 877 373 55 100 None 680 436 103 137 None 578 303 40 151 blocking 325 428 57 95 None 198 422 92 115 None 296 374 72 122 None 427 288 46 130 spiking 488 397 51 119 None 392 455 62 170 None
30160.jpg l-spike 1055 423 67 131 None 982 483 60 128 None 913 385 53 124 None 745 448 67 131 None 548 328 43 176 blocking 485 425 48 133 None 366 469 53 116 None 334 503 64 159 None 349 333 32 146 spiking 241 408 58 126 None 179 424 51 144 None
70280.jpg l_set 1013 476 84 153 None 1031 407 64 123 None 942 385 56 103 None 662 363 35 126 None 680 400 46 145 None 666 437 47 150 None 484 374 46 127 None 420 338 55 103 None 389 375 46 187 setting 331 384 55 116 None 174 502 119 170 None 104 409 103 136 None
55985.jpg l_set 1137 448 59 130 digging 955 406 50 120 None 935 514 70 120 None 671 478 52 144 None 669 411 35 132 None 676 404 37 105 None 455 446 55 140 None 423 372 51 140 setting 331 494 92 140 None 285 449 54 130 None 266 409 77 124 None 456 380 40 97 None
36100.jpg r_spike 950 486 56 128 None 936 399 69 122 None 911 362 67 107 None 820 401 84 204 spiking 840 429 48 135 None 757 435 49 141 None 661 379 52 183 blocking 643 386 69 205 blocking 586 393 51 118 None 425 381 72 100 None 196 525 90 114 digging 167 392 58 126 None
70210.jpg r_spike 746 265 65 146 spiking 932 380 61 141 None 891 422 61 125 None 801 442 63 175 None 748 410 62 132 None 713 381 61 131 None 663 295 38 133 blocking 648 376 42 128 None 553 446 60 145 None 330 382 43 96 None 283 449 76 121 None 196 405 53 142 None
41725.jpg r-pass 991 480 51 142 digging 1007 425 85 117 None 944 392 66 106 None 812 376 81 105 None 546 421 37 176 None 553 445 58 114 None 446 430 61 123 digging 405 387 79 116 digging 333 463 56 143 None 280 454 72 127 None 102 460 61 150 None 93 429 58 122 None
65720.jpg l-pass 1203 444 39 122 None 1153 415 52 99 None 1017 499 52 124 None 761 449 33 137 None 757 422 43 94 None 634 479 65 103 None 289 488 30 141 None 205 437 55 115 None 391 388 37 107 None 283 431 41 79 digging 521 419 48 107 None 734 429 52 120 blocking
30040.jpg l-pass 1143 434 52 140 None 1113 382 90 114 None 936 454 37 122 None 700 447 43 135 None 722 406 37 132 None 605 447 52 122 None 462 399 49 122 None 348 388 39 99 None 262 439 56 105 None 298 519 52 155 None 219 506 72 95 digging
65800.jpg l-spike 1072 405 60 128 digging 949 377 53 93 digging 914 475 84 124 digging 742 440 54 136 None 577 298 50 155 blocking 506 400 46 140 None 447 279 53 139 spiking 410 463 63 151 None 346 381 57 111 None 314 421 72 121 None 269 459 72 145 None
68360.jpg r_spike 890 358 65 137 None 809 458 65 116 digging 735 401 103 167 spiking 680 409 65 111 None 731 374 41 82 None 691 336 38 105 None 583 381 43 190 blocking 471 362 83 105 None 258 355 74 125 None 135 462 94 128 None 88 404 69 127 None
30230.jpg r_set 1089 378 62 144 None 947 378 112 73 None 993 451 53 149 None 944 495 79 176 None 792 426 57 117 digging 646 384 59 151 None 501 394 51 170 None 495 440 64 162 None 204 369 58 126 None 109 459 71 146 None
55885.jpg l_set 1088 469 49 114 digging 946 438 60 109 None 1014 531 60 119 None 740 438 39 100 None 721 449 35 140 blocking 735 497 40 137 None 563 421 37 152 setting 452 419 51 106 None 448 481 61 137 None 383 430 40 105 None 339 453 53 117 None 342 503 45 122 None
41615.jpg l-pass 1070 470 49 170 None 835 399 80 105 None 830 437 61 130 None 796 405 39 122 None 776 484 61 168 None 674 380 45 130 None 617 386 26 141 None 606 392 35 116 None 546 463 83 127 None 313 396 66 103 None 245 493 72 108 digging 180 453 93 114 None
55915.jpg l-spike 1021 455 51 111 None 974 502 51 110 None 923 412 53 102 None 622 399 52 102 None 621 485 78 131 None 597 379 33 157 blocking 484 498 67 140 None 504 370 48 112 None 400 365 65 154 spiking 402 397 33 107 None 414 465 59 127 None 286 473 52 116 None
35810.jpg r-pass 1041 440 37 111 None 961 461 46 91 digging 940 516 46 130 None 901 435 30 89 digging 771 442 44 119 None 609 434 41 94 None 556 423 32 117 None 534 443 52 120 None 536 467 24 133 None 332 439 68 79 None 270 506 47 105 None 122 455 40 116 None
68795.jpg r_spike 1032 411 84 163 None 929 406 82 127 digging 802 345 85 180 spiking 851 323 65 110 None 709 385 82 123 None 642 344 46 198 blocking 542 348 86 127 None 211 459 92 135 None 271 357 77 105 None 51 395 84 148 None
42900.jpg l_set 1074 416 63 120 None 983 374 53 107 None 981 479 72 129 None 691 369 41 108 None 688 419 49 109 None 694 436 43 142 None 494 384 52 108 None 363 342 44 105 None 350 393 38 145 setting 226 530 100 179 None 250 449 59 143 None 228 364 45 129 None
42005.jpg r_set 1002 373 81 149 None 937 322 70 107 None 986 457 86 156 None 852 487 93 188 None 745 336 60 160 setting 640 397 60 163 None 442 360 70 144 None 440 416 62 165 None 126 341 91 140 None 67 468 79 140 None
36020.jpg r-pass 936 427 72 104 digging 874 440 60 132 None 787 366 35 144 digging 692 428 80 134 None 480 361 48 118 None 477 369 47 125 None 399 438 44 170 None 394 389 34 120 None 321 422 57 138 None 314 352 43 126 None 237 374 55 133 None 97 404 58 141 None
69960.jpg r_spike 889 503 90 158 None 858 438 81 131 None 891 384 35 114 None 808 343 48 102 None 733 317 67 162 spiking 730 364 72 135 None 636 316 44 172 blocking 602 445 61 151 None 284 469 79 134 None 322 385 51 92 None 177 424 57 137 None
36255.jpg l_winpoint 871 427 79 166 None 1029 393 72 134 None 846 313 33 158 None 730 417 54 185 None 523 320 44 143 None 487 328 45 150 None 338 392 86 160 None 389 361 60 163 None 367 344 80 169 None 262 401 68 156 None 129 365 97 158 None 265 346 57 139 None
51045.jpg l_winpoint 979 447 51 157 None 956 376 72 133 None 846 409 87 80 None 678 424 44 168 None 656 340 66 146 None 568 437 53 169 None 431 382 42 156 None 385 393 55 166 None 409 363 46 101 None 281 357 56 142 None 242 387 55 160 None 183 410 85 166 None
40980.jpg l_winpoint 985 364 89 144 None 903 444 63 184 None 832 340 65 155 None 711 354 82 121 None 718 447 83 181 None 658 410 77 163 None 427 402 62 170 None 441 372 65 161 None 383 414 68 149 None 334 360 125 162 None 296 392 43 163 None 304 387 48 147 None
44970.jpg r_winpoint 1012 521 62 187 None 997 479 59 157 None 892 447 87 175 None 912 389 60 144 None 779 412 61 158 None 746 388 62 135 None 531 415 67 153 None 452 460 71 180 None 444 348 43 141 None 355 416 72 149 None 328 433 53 85 None 248 403 65 154 None
43140.jpg l_winpoint 934 446 79 94 None 903 418 65 145 None 799 370 52 102 None 736 441 61 174 None 651 364 36 147 None 606 341 40 145 None 235 391 40 144 None 245 377 79 143 None 305 402 75 141 None 332 390 65 155 None 310 361 73 172 None
46350.jpg r_winpoint 978 412 82 140 None 921 492 78 167 None 827 483 100 153 None 817 402 82 114 None 729 427 48 143 None 746 392 53 143 None 150 549 81 105 None 312 461 73 148 None 306 405 57 135 None 573 462 86 165 None 580 445 77 151 None 531 412 55 138 None
