39870.jpg l-pass 1137 404 68 130 None 994 431 47 141 None 928 393 54 111 None 722 422 48 146 None 709 390 40 153 blocking 709 366 44 131 None 482 473 74 123 None 437 376 62 128 None 399 348 48 127 None 251 436 72 117 digging 146 446 68 133 None 278 360 35 106 None
40015.jpg r-pass 993 406 35 129 None 806 427 47 156 digging 781 382 50 103 None 607 372 28 111 None 568 406 39 124 None 395 450 80 143 None 392 393 56 116 None 278 360 50 116 None 144 477 75 126 None 83 413 43 126 None 179 395 50 105 None
12545.jpg r-pass 1121 427 33 129 None 1018 499 45 137 None 1043 440 39 133 digging 974 431 54 90 None 804 415 49 105 None 640 422 47 107 None 523 445 47 131 None 552 426 58 131 None 270 504 64 115 None 164 417 49 121 None 241 441 52 113 None
42230.jpg l-pass 1144 439 53 154 None 1036 398 61 112 None 817 426 52 159 None 787 410 47 144 None 786 371 49 126 blocking 622 464 82 124 None 345 509 82 180 None 392 414 52 154 None 270 396 49 132 None 210 421 55 156 None 342 400 80 93 digging
22545.jpg r_spike 945 455 49 153 None 919 445 49 117 None 775 361 97 224 spiking 734 436 94 147 None 792 374 44 116 None 606 368 106 182 blocking 664 382 40 178 blocking 499 388 77 116 None 366 378 79 96 None 215 410 86 120 digging 227 476 65 147 None
39910.jpg l-spike 1136 407 62 142 None 875 385 98 103 None 609 363 50 216 blocking 629 369 43 124 None 496 390 62 147 None 412 349 93 179 spiking 335 373 96 140 None 315 326 85 92 None 238 415 91 148 None 106 441 128 170 None 1057 476 97 166 digging
39315.jpg l-pass 923 460 99 145 None 1015 420 86 143 None 994 363 62 127 None 826 347 35 107 None 788 404 88 121 None 671 310 98 166 blocking 545 418 76 123 None 345 490 90 129 None 332 368 54 105 digging 174 404 45 145 None 924 402 85 147 None
37895.jpg l_set 1169 443 72 137 None 1170 356 99 127 None 941 333 77 114 None 667 406 63 156 None 654 361 55 139 None 673 323 58 134 None 397 393 69 150 None 214 478 89 195 None 134 354 63 158 None 302 311 57 123 None 366 305 65 192 setting
34220.jpg l-pass 1167 466 70 170 None 946 387 66 131 None 832 427 64 166 None 864 359 50 139 None 784 404 52 160 None 266 495 96 84 None 478 490 72 197 None 524 546 99 53 None 440 506 71 128 None 401 397 98 95 digging 312 345 113 163 digging
37750.jpg r-pass 1048 390 64 131 None 897 455 96 107 digging 825 306 66 119 None 637 418 113 147 None 507 272 60 129 None 395 406 60 182 None 381 345 49 137 None 394 285 68 119 None 284 337 82 123 None 179 394 103 145 None 126 342 64 154 None 501 273 36 156 None
15440.jpg l-spike 1080 429 106 139 None 1028 371 89 100 None 891 330 77 119 None 617 361 69 120 None 547 365 55 195 blocking 591 393 52 136 None 434 392 99 159 None 419 306 55 125 None 147 331 61 145 None 217 407 88 130 None 315 384 85 206 spiking 313 361 58 162 None
15260.jpg r_spike 921 314 58 123 None 763 394 68 186 spiking 675 399 56 147 None 718 371 58 133 None 882 396 58 117 None 591 329 66 252 blocking 546 361 103 131 None 275 348 111 109 None 107 469 82 150 None 170 400 88 107 None 922 432 82 150 digging
37545.jpg r_set 561 363 64 127 setting 500 434 84 152 None 872 391 47 117 None 886 333 68 129 None 66 371 54 125 None 356 428 58 180 None 353 368 45 146 None 353 401 50 152 None 832 502 139 184 None 680 314 86 119 None
34280.jpg r-pass 990 388 68 127 None 913 483 70 162 None 778 326 43 103 None 509 376 43 119 None 734 432 58 111 digging 732 422 74 139 None 429 429 52 160 None 431 399 41 137 None 428 380 37 143 None 177 379 80 98 None 10 401 74 127 None 59 470 96 139 None
40155.jpg r_set 910 481 114 163 None 1009 413 95 156 None 1011 368 72 133 None 839 339 63 121 None 741 319 49 109 None 701 339 49 133 setting 503 426 44 168 None 508 384 49 149 None 516 343 39 135 None 219 350 84 121 None 166 461 84 137 None 35 375 49 152 None
40100.jpg l-spike 1040 402 60 117 None 996 466 68 148 digging 893 387 64 97 None 624 480 60 145 None 594 337 35 152 blocking 593 298 50 158 blocking 443 282 79 133 spiking 487 391 51 131 None 367 397 79 88 None 391 461 56 182 None 427 431 61 134 None 254 422 61 135 None
34135.jpg r_set 913 492 107 184 None 927 412 45 135 None 873 452 103 60 None 739 330 49 113 None 673 379 64 158 None 530 435 101 131 digging 361 432 64 172 None 375 396 54 176 None 371 357 45 147 None 75 361 82 123 None
32235.jpg r_spike 983 427 54 125 None 951 408 52 121 None 750 464 68 150 None 743 312 43 105 spiking 707 392 37 117 None 740 405 31 78 None 591 301 64 160 blocking 453 450 94 111 None 241 491 86 107 None 273 383 57 92 None 164 417 49 121 None
34185.jpg l-pass 1139 371 72 158 None 1062 466 63 144 None 1043 390 38 156 None 890 351 61 144 None 863 446 99 176 None 865 398 68 145 None 747 435 61 165 None 499 387 165 117 None 278 457 123 123 None 402 359 99 94 None 220 398 130 105 None 682 436 113 123 None
37510.jpg r-pass 961 474 56 139 None 960 433 55 93 digging 806 377 39 102 None 780 425 49 125 None 608 420 70 105 None 23 450 56 130 None 125 450 63 109 None 316 426 56 79 None 490 440 58 142 None 523 427 42 125 None 503 406 44 142 None 1018 438 54 94 digging
12765.jpg r-pass 657 443 142 37 None 890 413 58 154 None 886 347 63 142 None 836 395 56 161 None 586 373 84 154 None 586 360 109 116 None 309 324 67 146 None 489 404 51 168 None 479 365 70 126 None 476 347 37 126 None 142 423 58 168 None 122 384 65 147 None
15415.jpg l_set 1157 478 76 134 None 1148 386 65 161 None 1067 352 61 122 None 720 432 57 172 None 724 396 53 153 None 730 368 49 145 None 553 414 61 184 None 231 334 80 138 None 308 488 96 184 None 431 432 103 72 None 382 344 49 207 setting 398 323 72 99 None
34395.jpg r_set 992 367 62 157 None 927 314 49 168 digging 922 472 97 163 None 891 410 65 132 None 784 382 72 162 None 812 308 48 105 None 108 453 70 151 None 231 333 81 120 None 515 323 42 119 None 506 355 37 162 None 499 392 49 166 None
40080.jpg l_set 1142 475 72 156 None 1156 409 72 139 None 964 385 82 109 None 676 359 68 133 None 668 398 50 135 None 699 463 49 133 None 220 511 107 192 None 206 404 92 148 None 378 359 72 139 None 400 320 58 109 None 527 362 54 170 setting
22485.jpg r-pass 998 467 65 118 None 911 472 84 128 digging 915 436 52 88 None 798 379 39 99 None 772 485 62 137 None 619 446 71 99 None 264 418 60 86 None 166 477 60 135 None 498 458 39 120 None 515 423 39 116 None 501 402 41 114 None
12585.jpg r_set 1056 418 68 135 None 1010 401 72 121 None 939 394 49 101 None 819 345 72 101 None 766 368 56 107 setting 37 415 45 137 None 259 365 70 119 None 109 480 74 141 None 499 376 43 105 None 500 397 45 133 None 496 443 62 148 None 1034 516 110 179 None
39225.jpg r-pass 931 378 60 143 None 912 332 43 141 None 673 401 79 109 None 631 344 82 122 digging 532 323 97 118 None 570 304 43 109 None 444 389 50 169 None 465 313 35 158 None 377 372 56 167 None 293 320 43 126 None 189 394 54 129 None 72 353 82 143 None
37570.jpg l-pass 1000 335 55 140 None 746 324 58 134 None 765 468 79 198 None 904 378 77 123 None 858 437 71 137 None 664 417 55 151 None 205 494 111 127 digging 531 386 77 127 None 588 403 44 186 None 283 386 69 116 None 72 428 115 146 None
34430.jpg r_spike 969 370 96 131 None 966 384 58 148 None 784 317 52 133 None 851 429 94 124 None 811 357 64 203 spiking 705 407 77 131 None 571 325 67 233 blocking 549 325 92 207 blocking 388 347 73 131 None 247 333 77 101 None 2 342 75 152 None 70 489 105 122 None
37675.jpg l-pass 1099 368 58 151 None 910 419 51 181 None 823 373 63 126 None 674 349 49 144 None 633 422 65 170 None 415 385 109 210 setting 458 382 100 154 None 375 443 60 163 None 336 364 79 146 None 452 343 67 135 None 182 389 84 170 None
40045.jpg l-pass 1163 415 49 160 None 1018 368 66 111 None 795 426 60 150 None 735 383 52 150 None 738 349 63 133 blocking 549 419 78 150 None 488 366 60 146 digging 349 302 56 117 None 381 390 52 115 None 323 469 86 160 None 243 381 90 143 None
34310.jpg r_set 946 399 79 118 None 840 490 126 168 None 668 357 60 175 setting 784 324 42 102 None 851 406 42 121 None 633 324 48 156 setting 528 420 49 153 None 526 391 39 132 None 523 359 44 126 None 276 368 77 102 None 150 483 107 116 None 66 429 83 121 None
37785.jpg r_set 1085 458 130 56 None 946 361 86 126 None 795 436 107 158 None 766 319 53 144 setting 629 311 70 126 None 644 296 46 97 None 416 305 46 139 None 422 348 48 147 None 422 389 63 168 None 68 420 65 135 None 4 337 71 145 None 123 320 79 116 None
39920.jpg r-pass 825 381 98 92 digging 1026 387 62 137 None 992 452 66 139 None 536 328 49 201 blocking 564 359 43 156 None 414 354 74 168 None 365 310 54 141 None 366 343 52 154 None 245 396 56 141 None 166 424 68 166 None
40115.jpg r-pass 959 385 47 123 None 871 457 89 119 digging 818 371 61 105 None 628 461 91 127 None 515 323 40 141 blocking 538 348 42 120 None 393 452 60 161 None 214 394 63 132 None 312 422 62 135 None 443 354 51 105 None 410 383 44 133 None 313 387 51 119 None
39960.jpg r-pass 997 337 88 129 digging 919 381 74 133 None 707 393 66 76 None 642 413 50 131 None 611 322 35 109 None 495 381 64 129 None 346 378 41 143 None 343 327 27 115 None 288 374 43 150 None 184 421 39 129 None 96 352 39 125 None 6 390 58 145 None
37915.jpg l-spike 1133 460 94 130 None 1060 330 69 134 digging 630 333 69 123 None 843 345 105 97 None 571 351 26 170 None 557 335 71 230 blocking 403 291 60 130 None 380 367 49 168 None 313 377 120 184 spiking 290 359 61 102 None 255 396 49 131 None 129 401 79 150 None
34490.jpg l_set 1211 393 66 144 None 1145 469 89 156 None 1006 357 52 123 None 715 340 48 141 None 687 379 55 127 None 679 432 63 167 None 113 410 114 158 None 383 427 85 156 None 230 500 128 193 None 363 350 63 181 setting 327 330 54 145 None
37850.jpg l-pass 1073 443 65 144 None 1001 340 43 130 None 970 379 48 153 None 806 322 51 144 None 828 467 92 187 None 780 362 44 154 None 609 460 94 153 None 526 436 86 172 None 177 351 69 142 None 380 412 69 142 None 507 333 54 137 None 411 302 58 139 digging
34330.jpg r_spike 825 371 60 128 None 755 447 58 159 None 786 412 46 113 None 712 255 63 133 spiking 670 393 54 144 None 722 364 63 130 None 598 258 44 156 blocking 591 291 48 173 blocking 532 419 83 134 None 121 407 61 131 None 265 471 86 102 None 261 351 65 100 None
39130.jpg l-pass 1229 375 46 144 None 1139 394 51 140 None 1038 375 35 109 None 803 394 56 139 None 809 375 30 128 None 812 346 25 128 None 598 420 65 123 None 555 350 60 109 None 527 322 63 116 None 395 362 70 93 digging 314 373 53 102 None 324 407 54 144 None
15280.jpg r-pass 899 334 116 131 digging 1012 423 65 163 None 987 429 56 124 None 815 373 80 111 None 828 410 65 150 None 766 452 69 160 None 595 334 94 152 None 698 419 45 184 None 660 398 75 167 None 225 441 75 156 None 329 365 47 143 None 364 348 116 116 None
39270.jpg r_set 1017 452 109 182 None 977 337 70 150 None 894 292 56 111 None 853 323 45 192 setting 649 397 58 160 None 710 338 58 148 None 534 336 39 127 None 535 365 50 156 None 525 414 74 174 None 185 324 77 126 None 81 459 102 154 None
34355.jpg r-pass 916 365 51 128 None 880 401 67 121 None 777 424 56 140 None 741 378 58 135 None 739 354 42 102 digging 209 392 76 123 None 552 388 67 126 None 679 321 35 107 None 647 322 51 128 None 349 427 60 142 None 344 338 51 107 None 840 367 58 120 digging
12640.jpg l-pass 1009 457 52 133 digging 905 388 85 114 None 851 432 57 114 None 836 455 48 145 None 786 390 52 137 None 659 433 77 162 None 567 392 57 125 None 341 381 105 103 digging 234 421 71 111 None 1158 464 63 130 None 231 474 71 141 None
32295.jpg l_set 1102 403 58 141 None 1013 378 35 117 None 1034 442 45 123 None 721 428 56 139 None 742 366 31 107 None 721 390 37 129 None 580 371 35 127 None 277 323 41 154 setting 454 327 37 96 None 398 354 43 109 None 297 536 88 150 None 137 412 75 134 None
32170.jpg r-pass 948 417 45 123 digging 911 462 43 109 None 882 407 52 74 None 751 394 33 107 None 655 452 68 119 None 605 397 54 94 None 102 442 53 123 None 255 424 36 123 None 314 387 47 103 None 489 435 54 128 None 517 406 35 117 None 496 390 29 89 None
34200.jpg l-pass 1226 404 52 164 None 1119 487 77 142 None 1064 396 62 159 None 906 375 49 144 None 864 418 47 151 None 860 441 46 193 None 641 492 120 173 None 612 494 60 160 None 401 447 155 159 None 368 498 175 71 None 290 382 84 153 None 425 357 96 136 None
12685.jpg l_set 1076 392 64 143 digging 1094 475 68 127 None 908 353 64 117 None 671 367 41 107 None 660 382 48 137 None 656 430 62 152 None 549 387 47 166 None 127 362 88 135 None 344 331 45 103 None 330 425 54 192 setting 303 384 52 146 None 284 484 92 192 None
15325.jpg r_set 1034 392 74 153 None 955 483 125 190 None 1008 385 62 120 digging 815 393 54 157 None 758 371 55 134 None 686 323 44 130 None 7 369 37 152 None 10 462 77 135 None 227 323 84 131 None 504 420 63 152 None 508 369 47 144 None 497 345 44 127 None
15205.jpg r-pass 591 430 108 153 digging 877 441 60 134 None 938 368 82 164 None 984 320 46 125 None 863 347 63 111 None 462 356 79 127 None 363 350 57 156 None 329 376 46 159 None
22630.jpg l-spike 583 348 43 186 blocking 738 463 123 139 None 1113 402 84 129 digging 1068 497 70 113 digging 899 384 66 94 None 277 340 86 159 spiking 319 392 74 96 None 443 366 54 128 None 371 471 88 162 None 136 453 103 151 None
39305.jpg r_spike 910 464 60 147 None 950 418 57 165 None 840 407 75 139 None 930 365 48 128 None 750 378 80 137 None 795 286 54 116 None 656 269 82 198 blocking 507 426 65 147 None 287 509 94 113 None 275 371 61 108 None 64 413 71 147 None
22655.jpg r-pass 780 463 114 77 None 898 419 72 83 None 684 361 63 106 None 676 438 82 148 None 434 392 54 139 None 347 404 43 156 None 419 379 46 130 None 313 356 52 123 None 233 382 83 130 None 155 367 66 125 None
15370.jpg r_spike 1118 415 60 145 None 1029 460 74 156 None 947 381 69 137 None 893 399 61 224 spiking 814 430 79 150 None 879 396 63 131 None 654 357 92 226 blocking 505 378 83 125 None 296 340 91 123 digging 115 491 89 137 None 166 395 77 113 digging
39200.jpg l-spike 1045 340 54 128 None 792 316 86 110 None 719 412 91 137 None 553 255 54 162 blocking 450 237 49 168 spiking 366 435 74 179 None 433 353 52 142 None 368 339 69 120 None 73 361 69 164 None 135 398 89 120 None 986 410 68 165 digging
37610.jpg l-pass 566 415 63 97 None 462 466 66 206 None 515 401 51 159 None 443 317 66 127 None 258 505 61 139 None 265 384 57 162 None 668 427 60 176 None 660 382 35 164 None 679 357 48 133 None 1161 381 57 164 None 975 361 49 134 None 1037 488 68 158 None
12625.jpg r_spike 169 500 79 114 None 183 421 66 105 None 321 371 89 105 None 501 410 61 116 None 639 371 49 216 blocking 756 359 57 131 None 1052 438 58 122 None 960 455 65 128 None 845 409 100 150 spiking 942 370 83 111 None
15240.jpg r_set 1000 285 75 133 None 981 382 62 178 None 919 497 92 182 None 907 345 47 135 None 637 345 80 197 setting 595 311 58 186 setting 487 326 67 173 blocking 474 404 58 184 None 24 474 105 146 digging 24 401 84 120 None 174 320 86 137 None
15385.jpg l-pass 1155 432 65 176 None 1082 381 54 139 None 942 472 71 181 None 941 388 37 141 None 885 416 60 165 None 609 353 71 150 None 736 483 75 141 None 695 443 92 151 None 366 378 60 89 digging 332 424 137 96 None 240 460 141 147 None
39905.jpg l_set 1173 412 60 144 None 1074 466 74 167 None 907 385 83 108 None 657 362 51 136 None 633 402 60 123 None 639 438 58 159 None 519 354 52 176 setting 409 398 110 184 None 295 373 99 147 None 240 402 46 158 None 99 433 103 175 None 315 322 55 122 None
12740.jpg r-pass 921 351 74 130 None 862 419 55 139 None 722 398 75 110 None 541 345 40 130 None 704 408 111 65 None 494 346 34 137 None 444 408 51 151 None 460 361 35 133 None 316 366 65 133 None 303 332 77 123 None 203 436 41 123 None
32230.jpg r_spike 991 418 48 133 None 892 420 77 114 None 751 479 56 146 None 723 308 53 116 spiking 673 404 49 126 None 706 400 53 84 None 468 449 67 125 digging 573 322 37 168 blocking 182 492 109 112 None 126 428 53 121 None 242 382 56 88 None
40195.jpg r_spike 921 406 71 154 None 828 390 94 175 spiking 736 333 58 109 None 806 335 43 126 None 836 361 45 129 None 625 355 69 218 blocking 513 361 94 133 None 349 352 48 120 None 140 522 97 111 digging 91 379 64 139 None 606 351 82 199 blocking
12715.jpg l-spike 1015 390 60 114 None 930 452 66 137 None 884 347 80 106 None 702 418 86 147 None 533 289 57 168 blocking 191 450 69 159 None 371 458 71 145 None 453 364 57 134 None 363 364 58 103 None 276 345 51 130 None 405 278 68 141 spiking
39165.jpg l_set 1217 458 60 173 None 1037 361 75 108 None 786 339 55 116 None 763 365 68 130 None 784 415 55 147 None 420 359 68 173 setting 214 423 72 185 None 320 415 80 150 None 389 350 54 131 None 364 299 61 120 None 310 342 61 133 None
34450.jpg l-pass 202 416 75 105 digging 267 461 105 130 None 389 362 80 100 None 544 344 61 136 None 702 452 61 144 None 674 429 85 151 None 868 427 58 167 None 839 401 55 139 None 873 354 46 139 None 1035 449 69 133 None 1111 416 58 156 None 1073 373 57 144 None
32245.jpg l-pass 1065 416 61 117 None 987 438 86 114 None 781 447 58 144 None 812 401 39 78 None 809 347 33 102 None 764 392 47 109 None 695 310 40 147 blocking 525 434 75 117 None 356 365 44 103 None 326 469 78 124 None 251 405 65 126 digging
32330.jpg l-spike 834 378 48 93 None 743 428 57 130 None 555 310 41 151 blocking 559 312 44 120 blocking 454 410 57 102 digging 340 460 56 126 None 173 403 72 118 None 340 400 73 87 None 384 297 71 120 None 67 348 51 96 None 1006 398 52 117 None 960 464 68 127 None
15365.jpg r_spike 1070 418 66 130 None 987 461 79 148 None 859 399 86 193 None 772 430 86 147 None 846 404 102 123 None 894 365 57 130 None 617 342 82 232 blocking 462 378 86 122 None 264 344 102 122 None 129 398 72 111 None 65 495 100 133 None
34170.jpg r_spike 1012 342 58 137 None 891 458 71 141 None 871 399 60 156 None 817 330 83 241 spiking 767 336 54 117 None 736 398 63 158 None 595 326 66 229 blocking 574 347 57 192 None 456 361 66 134 None 56 497 106 122 digging 20 353 75 145 None 264 322 63 119 None
37735.jpg l-spike 1080 457 83 144 None 1009 323 68 114 None 704 432 105 142 None 660 305 57 153 None 674 264 41 159 None 462 220 103 148 spiking 532 331 52 159 None 471 418 66 207 None 426 337 97 113 None 332 404 102 137 None 231 362 72 165 None
37715.jpg l_set 1166 449 94 150 None 1003 322 99 131 None 738 311 60 160 None 713 334 54 147 None 733 410 58 162 digging 546 325 60 156 None 292 469 119 194 None 222 367 84 164 None 372 313 76 133 None 428 295 52 223 setting 421 277 52 131 None
34520.jpg l-spike 1042 379 56 133 None 975 441 66 135 None 826 351 49 107 None 731 449 90 125 None 520 264 47 176 blocking 395 268 41 143 spiking 411 387 76 141 None 324 382 84 90 None 358 434 86 168 None 268 424 84 117 None 188 362 58 145 None
22510.jpg r_set 1031 471 107 125 None 860 477 92 147 None 833 426 52 115 None 713 363 50 94 None 627 461 105 135 None 527 480 62 76 digging 427 387 39 115 None 436 425 41 113 None 418 471 60 131 None 165 401 67 103 None 39 484 102 147 None
34515.jpg l-spike 1085 382 64 147 None 1035 457 62 147 None 861 357 54 101 None 697 446 123 137 None 560 270 43 203 blocking 388 252 54 152 spiking 420 397 49 148 None 371 442 52 192 None 202 378 58 139 None 350 383 74 98 None 308 434 68 109 None
34105.jpg r-pass 992 412 50 92 digging 919 448 54 141 None 910 419 77 65 None 752 344 43 101 None 708 373 64 101 None 548 392 69 97 None 461 372 33 139 None 476 394 37 131 None 450 410 48 144 None 99 410 62 118 None 237 380 60 90 None
39360.jpg r_winpoint 372 403 66 175 None 272 333 62 183 None 247 304 62 138 None 512 351 77 180 None 630 315 97 167 None 634 291 86 169 None 1132 358 67 185 None 1049 367 87 194 None 987 356 95 182 None 1007 354 52 166 None 986 318 87 166 None 1108 333 82 177 None
42750.jpg l_winpoint 1095 446 131 74 None 815 406 79 187 None 672 330 83 156 None 623 340 72 158 None 558 446 42 81 None 415 370 72 177 None 404 337 47 168 None 334 331 84 167 None 269 341 98 158 None 246 363 83 181 None 225 346 64 164 None
31755.jpg l_winpoint 888 329 54 136 None 731 293 40 112 None 692 329 43 124 None 620 309 50 123 None 638 379 45 147 None 515 420 45 140 None 372 344 46 152 None 383 334 44 138 None 342 336 63 135 None 247 349 90 138 None 262 314 62 144 None 215 335 55 135 None
43830.jpg l_winpoint 1043 376 43 138 None 962 367 30 120 None 855 332 55 116 None 833 415 57 88 None 826 473 81 83 None 784 388 45 142 None 679 333 64 129 None 612 346 63 127 None 489 393 86 149 None 434 337 68 150 None 392 415 69 160 None 295 394 91 135 None
37965.jpg l_winpoint 915 380 82 153 None 983 278 65 139 None 809 378 80 68 None 615 306 89 141 None 559 400 73 168 None 560 364 55 173 None 331 358 113 177 None 344 336 76 162 None 365 312 78 154 None 249 364 73 160 None 237 317 55 146 None 174 355 67 169 None
34590.jpg l_winpoint 942 340 76 152 None 824 366 52 166 None 862 365 55 140 None 887 322 57 137 None 665 309 47 146 None 684 305 41 126 None 385 351 69 165 None 341 349 55 143 None 320 323 48 151 None 350 326 46 141 None 389 311 34 149 None 419 322 44 150 None
45420.jpg l_winpoint 982 436 57 162 None 897 421 39 134 None 845 436 66 100 None 801 443 44 153 None 742 467 62 173 None 716 525 78 84 None 546 443 50 169 None 571 419 66 160 None 533 379 71 148 None 422 368 53 155 None 366 447 68 147 None 369 369 59 173 None
