36135.jpg r_set 945 401 114 140 None 948 347 86 130 None 864 468 105 126 None 731 339 56 172 setting 689 415 70 147 None 492 427 53 177 None 527 398 55 170 None 514 374 51 135 None 219 428 70 175 None 172 359 53 132 None 773 533 102 177 None
73405.jpg l_set 1090 370 67 161 None 1030 457 80 157 None 907 334 53 139 None 626 453 64 158 None 616 352 51 149 None 632 333 48 142 None 480 350 58 128 None 379 296 47 187 setting 323 333 69 138 None 214 377 61 127 None 167 502 135 175 None 411 311 39 106 None
39110.jpg r-pass 673 375 63 118 digging 704 467 74 135 None 795 430 60 123 None 839 373 53 121 None 617 415 49 104 None 686 363 69 95 None 194 365 74 116 None 70 416 91 151 None 158 447 56 161 None 405 440 95 133 None 505 365 70 114 None 527 387 49 140 None
36085.jpg r_spike 671 352 75 216 spiking 911 419 63 139 None 844 382 40 134 None 784 370 69 120 None 735 480 74 96 None 661 390 63 151 None 576 354 60 230 blocking 443 386 49 122 None 256 454 111 153 None 206 361 72 116 None 4 420 94 131 None
39080.jpg r_spike 740 442 42 116 None 738 381 65 111 None 664 350 86 123 spiking 666 467 43 147 None 622 374 41 110 None 567 350 44 106 None 475 342 34 176 blocking 447 390 48 91 None 362 464 96 119 None 137 468 91 128 None 72 456 65 120 None 122 389 63 85 None
39065.jpg r_set 760 414 105 116 None 806 452 63 122 None 701 466 78 138 None 713 372 57 97 None 597 381 49 105 None 542 327 35 159 setting 368 459 52 132 None 404 406 40 138 None 398 387 39 102 None 103 467 87 147 None 82 381 74 112 None 43 440 55 130 None
51955.jpg l-pass 1031 435 40 120 None 846 485 55 114 None 866 399 37 102 None 623 450 55 120 None 619 421 43 125 blocking 625 415 41 108 None 543 456 44 130 None 340 487 66 142 None 393 435 58 103 None 285 431 43 106 digging 318 378 41 103 None 135 457 58 106 None
63655.jpg l_set 560 397 54 147 setting 763 356 27 116 None 745 388 46 142 None 742 450 61 167 None 1090 407 83 122 None 974 365 51 127 None 1009 440 85 153 None 636 373 37 120 None 478 354 79 102 None 434 382 51 110 None 379 495 89 142 None 247 444 102 117 None
73435.jpg l-spike 1017 366 78 125 None 926 441 69 153 None 768 334 72 127 None 648 414 69 130 None 514 233 76 197 blocking 169 370 55 145 None 368 424 63 158 None 288 370 57 151 None 317 342 41 130 None 456 343 48 137 None 380 236 78 180 spiking
73630.jpg r-pass 1044 392 75 153 None 876 440 71 153 digging 973 339 71 134 None 732 370 109 148 None 826 390 81 126 None 789 477 112 150 None 618 455 66 161 None 626 423 66 141 None 236 360 82 112 None 110 447 83 152 None 79 394 56 121 None 398 349 87 108 None
73540.jpg r-pass 54 417 63 128 None 284 470 105 132 None 423 326 66 118 None 326 348 54 125 None 868 499 70 110 None 678 453 43 150 None 689 416 34 148 None 749 347 57 123 None 740 498 37 123 None 934 389 55 136 None 1046 391 90 145 None 1030 333 63 140 None
73355.jpg l-pass 956 397 57 129 None 834 438 78 129 None 686 359 59 119 None 579 399 65 119 None 503 312 41 162 blocking 501 308 25 150 blocking 463 343 34 120 None 417 385 61 108 None 364 358 46 116 setting 313 428 70 121 None 219 373 41 109 None 160 411 61 124 None
39180.jpg r_spike 689 412 81 154 spiking 686 333 56 121 None 815 459 91 132 None 594 429 84 119 None 762 376 49 123 None 753 461 46 98 None 29 477 95 142 None 174 361 88 105 None 355 387 51 114 None 529 370 41 210 blocking
73575.jpg r_set 1063 387 101 146 None 1047 321 71 109 None 827 506 109 158 None 767 501 111 103 None 742 316 56 178 setting 678 338 56 141 None 472 337 52 135 None 526 375 43 150 None 536 429 52 160 None 270 351 54 131 None 175 444 75 165 None 1 416 54 129 None
73610.jpg r_spike 990 407 66 162 None 933 329 79 128 None 878 450 56 145 None 822 391 70 151 None 749 419 70 155 None 719 406 45 124 None 172 377 85 109 digging 19 410 53 111 digging 46 467 104 145 digging 621 375 60 204 blocking 598 385 77 170 None 377 366 90 106 digging
63680.jpg l-spike 531 300 73 107 spiking 646 294 39 146 blocking 642 367 47 143 blocking 671 460 84 135 None 567 382 48 126 None 513 462 58 139 None 468 391 54 101 None 466 434 67 126 None 373 426 43 135 None 902 368 64 107 None 1077 436 54 107 None 970 449 73 137 None
43825.jpg l_set 182 479 109 156 None 45 406 86 146 None 312 297 82 111 None 448 344 65 163 setting 517 326 54 161 setting 259 367 60 116 None 615 406 39 133 None 824 333 64 99 None 954 436 56 126 None 1095 392 56 116 None 596 364 50 128 blocking 603 343 47 111 blocking
52110.jpg r_spike 974 388 64 125 None 699 327 37 101 None 662 398 55 106 None 735 348 89 210 spiking 749 396 91 115 None 530 354 45 206 blocking 549 361 42 167 blocking 462 383 75 112 None 239 350 57 102 None 149 452 64 141 None 49 405 58 108 None 684 456 59 94 None
34085.jpg r-pass 1022 539 67 143 None 1000 438 45 90 None 954 406 45 101 digging 818 460 52 116 None 641 427 33 109 None 570 417 39 137 blocking 549 421 22 116 None 536 457 32 129 None 350 414 37 92 None 278 500 62 107 None 130 404 47 103 None 1042 471 65 109 None
43625.jpg l_set 232 520 82 148 None 163 363 50 105 None 314 358 65 107 None 397 414 54 176 setting 493 407 41 144 None 392 348 45 112 None 1198 430 60 118 None 1094 501 75 118 None 746 460 60 126 None 717 411 47 131 None 730 387 41 128 None 972 395 65 97 None
48645.jpg r_spike 896 380 65 136 None 841 463 58 159 None 809 421 58 117 None 810 364 80 110 None 753 277 41 139 spiking 698 406 60 150 None 525 419 60 134 None 607 364 41 133 None 600 281 38 144 blocking 250 471 85 125 None 232 359 57 102 None 74 435 66 119 digging
34315.jpg r_spike 841 424 65 128 None 857 413 58 117 None 765 408 106 153 spiking 728 491 83 88 None 718 404 72 119 None 660 379 54 125 None 590 382 49 218 blocking 512 395 46 111 None 311 376 71 99 None 254 472 80 133 None 84 429 72 131 None
39030.jpg r-pass 843 421 37 94 None 761 497 47 84 None 665 520 84 67 None 692 405 35 97 None 573 431 39 101 None 440 433 32 101 None 358 466 37 137 None 357 443 43 112 None 337 426 39 99 None 174 463 43 129 None 63 468 56 103 None 63 405 35 109 None
44680.jpg r_set 1023 399 102 132 None 832 331 92 102 None 897 461 73 143 None 805 520 96 159 None 693 417 82 166 None 694 383 64 169 setting 525 461 62 132 None 545 392 59 166 None 553 336 52 138 None 264 370 44 127 None 196 453 72 164 None 102 403 69 145 None
36185.jpg l-pass 302 392 66 95 None 95 430 60 152 None 354 441 92 157 None 563 386 72 126 None 688 454 43 154 None 656 426 64 145 None 766 449 48 167 None 756 395 35 151 None 791 356 40 132 None 899 466 68 137 None 1041 412 70 134 None 987 375 44 137 None
52225.jpg r-pass 107 371 38 123 None 259 410 48 137 None 283 401 40 119 None 334 426 74 134 None 383 384 65 130 None 448 344 38 117 None 514 417 57 150 None 521 410 41 130 None 802 360 69 105 None 967 373 44 114 None 875 438 55 117 None 672 365 51 141 setting
43660.jpg l-spike 137 447 79 146 None 217 366 43 118 None 340 368 47 124 None 392 463 58 133 None 454 395 58 124 None 575 303 47 165 blocking 865 456 64 109 None 931 363 56 99 None 1020 459 62 99 digging 1050 411 56 88 None 425 287 60 126 spiking
52015.jpg l-spike 1018 423 63 95 None 972 466 62 96 digging 900 377 54 97 None 684 473 72 124 None 584 299 43 167 blocking 517 384 37 126 None 487 288 44 131 spiking 418 422 54 114 None 413 472 71 153 None 329 418 58 110 None 367 371 34 113 None
63615.jpg l-pass 838 408 37 116 None 801 427 54 123 None 765 386 37 123 None 719 434 60 137 None 701 376 51 108 None 655 369 24 130 None 621 391 24 119 None 580 417 52 120 None 505 379 51 99 None 493 465 74 108 digging 366 403 54 84 None 234 454 54 92 None
44565.jpg l-pass 515 475 58 127 None 486 352 41 111 None 458 415 65 123 None 361 384 38 114 None 244 425 68 119 None 275 496 80 82 digging 720 407 58 142 blocking 785 401 26 86 None 772 438 41 119 None 928 454 37 117 None 1121 372 32 102 None 1141 438 43 120 None
43850.jpg l-spike 382 333 71 199 spiking 417 313 55 117 None 464 372 37 127 None 479 358 27 123 None 511 336 61 199 blocking 611 351 58 100 None 246 368 44 113 None 148 410 103 128 None 920 375 71 85 digging 944 447 52 114 digging 793 353 61 97 None
36105.jpg r-pass 959 449 57 127 digging 841 390 86 137 None 767 406 84 163 setting 731 381 74 126 None 696 405 60 155 None 662 459 58 152 None 571 437 68 166 None 593 414 53 180 None 443 405 75 127 None 368 429 46 175 None 198 375 56 123 None 0 452 57 152 None
36265.jpg r-pass 855 365 74 100 None 606 378 65 109 None 543 402 72 135 None 518 374 51 156 None 223 404 60 130 None 1010 470 51 90 digging 1035 420 62 109 None 295 441 91 135 None 166 366 70 121 None 310 400 35 137 None 403 329 58 114 None 460 356 37 121 None
44785.jpg l_set 41 471 121 168 None 376 326 45 185 setting 409 302 42 116 None 463 331 55 138 None 533 392 53 139 None 714 410 49 134 None 719 345 36 107 None 711 373 51 128 None 1056 351 54 112 None 1217 396 63 144 None 1107 467 102 137 None
44600.jpg l_set 386 337 70 101 None 241 484 96 125 None 264 425 39 115 None 245 385 62 111 None 512 389 58 160 setting 546 371 49 170 setting 981 483 78 117 digging 1117 444 60 105 digging 923 387 43 107 None 663 445 50 141 None 655 413 50 150 blocking 674 381 39 113 None
34190.jpg l-pass 274 456 67 146 None 182 384 90 154 setting 439 374 40 108 None 586 466 41 147 None 679 399 36 123 None 926 472 42 126 None 882 409 38 131 None 1120 482 70 132 None 1200 450 77 124 None 1189 411 45 113 None 947 353 55 88 None 643 359 38 93 None
39150.jpg r_set 829 415 92 142 None 780 405 51 123 None 774 337 64 103 None 716 339 53 169 setting 553 381 54 131 None 873 539 79 165 None 437 440 63 168 None 456 406 58 142 None 430 380 77 106 None 140 348 63 130 None 61 450 81 162 None 43 414 74 144 None
43720.jpg r-pass 688 430 114 62 None 701 402 84 131 None 952 454 65 173 None 1002 343 97 120 None 943 350 65 141 None 705 304 54 103 None 511 314 48 143 None 506 361 45 152 None 461 417 60 154 None 230 321 39 131 None 193 401 65 161 None 152 350 88 146 None
36160.jpg r_spike 962 405 71 149 None 914 353 51 142 None 813 454 94 132 None 758 355 58 134 None 699 408 111 187 spiking 658 407 49 151 None 524 386 75 128 None 595 392 49 213 blocking 599 358 49 219 blocking 225 450 111 138 None 24 415 83 157 None 260 339 88 123 None
34140.jpg r_spike 710 323 60 99 spiking 692 387 37 116 None 895 374 34 110 None 794 420 51 105 None 822 483 77 136 None 826 435 54 128 None 618 314 41 123 blocking 600 421 38 117 None 560 478 61 100 None 347 384 57 88 None 282 425 41 91 None 301 461 57 122 None
52080.jpg r_set 708 364 48 154 setting 694 322 48 107 None 964 368 58 97 None 813 440 73 118 None 968 537 118 150 None 436 350 47 107 blocking 424 399 52 139 None 427 433 26 163 None 166 440 58 160 None 153 352 60 118 None 39 399 62 126 None
36050.jpg r_set 614 340 83 138 setting 754 386 80 114 None 995 391 93 108 None 834 436 58 128 None 654 420 55 147 None 613 378 54 125 None 181 374 41 139 None 278 421 69 148 None 254 374 88 122 None 522 371 40 153 None 500 340 35 127 None 474 399 46 162 None
34370.jpg r-pass 962 394 63 158 setting 834 382 57 120 None 729 467 66 148 None 724 449 44 125 None 720 375 43 120 None 594 387 52 130 None 468 409 49 123 None 377 435 52 154 None 411 378 44 119 None 255 373 32 122 None 161 433 38 158 None 31 393 72 137 None
73450.jpg r-pass 946 357 52 110 digging 869 398 73 143 None 683 295 51 158 setting 594 416 78 111 None 448 335 64 125 None 464 307 38 133 None 327 315 46 135 None 376 342 52 134 None 319 410 69 145 None 209 391 51 135 None 224 338 48 116 None 40 375 56 118 None
34290.jpg r_set 951 512 132 149 None 940 406 63 112 None 822 394 67 109 None 774 446 67 128 None 632 359 34 161 setting 464 456 53 158 None 494 418 39 144 None 505 389 32 112 None 251 386 51 107 None 152 455 55 147 None
44815.jpg l-spike 1123 463 62 122 digging 1086 408 56 84 digging 984 358 56 103 None 745 356 54 103 digging 603 348 39 188 blocking 477 369 47 129 None 427 437 50 116 None 431 317 43 118 None 298 363 88 180 spiking 331 382 32 124 None 227 402 52 122 None
35970.jpg l-pass 122 471 42 123 None 260 456 40 106 None 302 482 65 106 digging 407 399 28 88 None 466 437 36 96 None 627 452 39 113 None 698 452 43 107 blocking 708 435 25 103 None 717 421 36 88 None 906 488 42 100 None 897 427 33 102 None 1177 432 49 106 None
48470.jpg l-pass 137 439 63 130 None 227 412 48 96 None 405 474 74 150 None 523 447 65 136 None 403 414 60 120 None 293 379 58 114 digging 672 441 63 137 blocking 664 404 51 131 blocking 689 399 44 119 None 916 472 37 123 None 946 381 32 114 None 1228 416 49 136 None
34125.jpg r_set 982 525 91 131 None 915 448 60 126 None 976 387 41 102 None 890 412 33 100 None 725 407 38 106 None 679 360 37 136 setting 558 470 46 141 None 581 432 35 127 None 587 412 38 68 None 347 391 38 93 None 288 476 57 106 None 268 427 43 119 None
36015.jpg l_set 580 357 47 158 setting 505 366 66 161 None 428 354 37 101 None 92 482 97 150 None 169 429 32 130 None 194 409 83 107 None 634 427 42 129 None 649 385 37 90 None 645 415 37 111 None 1066 438 56 106 None 839 409 58 107 None 851 488 65 107 None
44625.jpg l-spike 414 444 78 163 spiking 220 407 41 146 None 211 373 54 109 None 335 427 93 130 None 416 328 54 116 None 453 392 54 145 None 555 409 53 162 None 549 381 37 168 None 634 364 54 109 None 842 379 60 110 None 983 402 68 102 None 978 488 102 107 None
48615.jpg r_set 727 365 50 135 setting 815 333 53 116 None 983 361 74 112 None 1021 534 135 148 None 718 325 67 98 None 629 399 53 142 None 187 347 40 117 None 93 424 49 165 None 439 418 56 173 None 477 345 35 138 None 470 369 35 161 None 4 393 74 130 None
63495.jpg l-pass 979 444 41 85 None 863 432 29 108 None 734 455 33 109 None 693 430 44 124 blocking 718 408 28 85 None 483 488 67 109 None 476 449 48 92 None 367 440 39 80 digging 301 459 38 76 digging 279 495 44 105 None 170 454 39 97 None 1173 470 52 130 None
43890.jpg r-pass 1139 409 125 83 None 961 468 93 85 digging 745 364 63 124 None 618 320 57 113 None 587 419 63 136 None 531 455 79 142 None 373 401 58 126 None 364 337 43 128 None 408 355 24 147 None 261 390 48 153 None 118 403 77 141 None 102 374 28 134 None
73300.jpg l_set 1091 480 51 133 None 1077 404 59 134 None 931 362 52 119 None 710 465 50 128 None 689 405 47 130 None 705 367 37 113 None 441 389 54 122 None 343 478 82 105 None 301 377 54 117 None 263 342 59 91 None 186 443 71 124 None 255 499 80 159 None
39245.jpg r_set 62 409 114 131 None 215 447 80 134 None 222 365 94 103 None 495 454 52 137 None 538 389 37 142 blocking 619 335 41 165 setting 655 361 52 122 None 746 525 66 167 None 806 415 54 106 None 838 377 66 113 None 970 405 65 127 None
51985.jpg l_set 199 525 115 148 None 152 443 92 111 None 281 401 67 102 None 400 348 51 100 None 538 401 55 168 setting 483 402 52 112 None 674 471 43 111 None 925 493 69 112 None 880 391 54 94 None 1025 443 51 110 None 650 415 49 130 None 652 395 52 131 None
34155.jpg l-pass 770 478 67 131 None 753 400 41 122 None 732 359 60 101 None 834 444 43 105 None 852 444 65 131 None 903 397 43 103 None 672 370 37 97 None 628 410 54 112 None 568 466 86 129 None 376 365 54 124 digging 321 459 75 129 None 289 429 58 92 None
34255.jpg r-pass 805 384 43 92 digging 914 419 65 88 None 838 445 77 112 None 773 466 86 126 None 465 340 48 143 None 401 380 43 107 None 377 382 35 131 None 274 424 54 120 None 232 378 39 118 None 147 431 60 146 None
52265.jpg r_set 974 379 50 121 None 880 525 89 152 None 822 435 61 136 None 806 350 70 110 None 661 405 73 136 None 685 320 50 132 setting 285 425 50 158 None 158 402 59 126 None 223 344 40 119 None 504 415 45 164 None 524 375 50 153 None 540 344 50 141 None
34235.jpg l-spike 461 324 83 122 spiking 490 427 58 103 digging 406 454 58 105 digging 361 399 49 99 None 228 458 83 128 None 600 330 52 156 blocking 891 491 63 116 None 930 393 40 102 None 1043 435 58 89 None 1027 478 57 125 None
52205.jpg l-spike 1030 468 87 120 digging 990 381 62 107 None 836 347 49 98 None 651 370 50 113 None 538 354 56 196 blocking 539 347 50 167 blocking 410 395 71 118 None 286 364 87 192 spiking 437 330 68 107 None 298 411 55 113 None 203 400 76 129 None 112 376 60 136 None
63530.jpg l_set 583 375 75 180 setting 532 423 62 114 None 389 512 54 139 None 250 466 75 120 None 296 404 43 101 None 416 406 43 97 None 681 475 69 146 None 677 427 45 120 None 687 393 47 92 None 901 404 54 109 None 1020 472 60 137 None 1006 442 47 94 None
44645.jpg r-pass 980 367 62 124 None 797 485 62 113 None 765 392 98 125 None 699 352 52 122 None 575 432 71 189 setting 542 443 71 138 None 476 441 31 161 None 422 379 60 148 None 435 331 53 132 None 293 422 64 161 None 166 412 64 147 None 177 367 80 129 None
43790.jpg l-pass 1205 372 57 132 None 990 328 45 121 None 995 422 55 135 None 712 402 62 140 None 706 364 59 141 None 712 339 45 123 None 609 401 60 152 None 373 357 52 146 None 404 294 55 112 None 254 433 75 135 digging 272 460 67 148 None 271 352 58 120 None
48580.jpg r-pass 955 368 37 120 None 904 432 71 105 None 795 343 65 112 spiking 743 445 81 127 None 461 361 34 119 None 467 351 37 114 None 335 418 52 143 None 334 384 69 117 None 357 352 63 107 None 240 352 52 122 None 50 384 41 110 None
48565.jpg l-spike 919 349 44 99 None 1015 397 55 107 digging 1024 446 50 108 digging 791 458 80 119 digging 531 276 45 171 blocking 392 288 62 114 spiking 319 425 49 146 None 305 362 40 109 None 124 381 48 109 None 406 398 80 98 None
73605.jpg r_spike 963 403 57 156 None 944 326 55 127 None 860 451 80 145 None 810 394 72 150 None 715 406 106 164 spiking 691 398 43 133 None 597 366 44 206 blocking 597 364 51 181 None 414 359 55 116 None 195 373 60 106 None 79 452 69 154 None
52175.jpg l_set 1075 471 86 134 None 1099 393 55 130 None 910 340 53 108 None 660 426 57 137 None 641 386 57 143 None 657 351 38 125 None 551 381 47 160 None 429 337 51 130 None 321 346 52 181 setting 233 352 43 125 None 221 476 94 175 None 108 394 114 130 None
36025.jpg r-pass 1053 431 55 104 None 846 475 66 102 None 774 448 95 63 None 612 394 60 137 None 556 408 48 131 None 526 334 45 156 None 466 342 33 103 None 251 390 87 113 None 201 475 66 145 None 178 417 50 130 None
43750.jpg r-pass 1048 333 55 119 None 998 340 35 131 None 884 426 63 148 None 729 360 51 133 None 521 413 73 133 None 562 337 60 125 None 572 310 31 124 None 404 408 93 131 None 331 335 43 113 None 809 310 45 107 digging 272 378 77 127 None
43580.jpg l-pass 1133 436 52 131 None 1190 373 47 112 None 927 456 42 107 None 728 414 53 134 None 772 438 46 120 None 790 406 46 127 None 515 466 80 137 None 283 473 58 139 None 454 408 61 137 None 338 380 43 110 None 501 359 52 116 None 271 417 45 94 digging
39205.jpg r-pass 872 467 68 137 None 826 460 63 116 None 871 420 41 145 digging 775 368 60 123 None 682 478 75 138 None 662 426 55 119 None 615 430 27 175 blocking 560 437 52 160 None 468 393 60 110 None 299 359 57 107 None 131 453 81 157 None 18 406 121 122 None
36225.jpg l_set 1140 397 60 130 None 959 362 43 117 None 673 336 58 123 None 680 374 53 126 None 511 354 58 185 setting 551 363 38 108 None 409 338 55 84 None 330 368 52 128 None 144 383 112 119 None 46 472 121 154 None 678 406 53 147 None 1002 468 67 122 digging
52135.jpg l-pass 1016 415 52 137 None 848 368 45 135 None 801 442 52 131 None 688 433 48 141 None 719 383 41 129 None 731 353 45 126 None 576 431 63 148 None 616 412 44 163 None 456 347 64 190 setting 343 385 45 106 None 271 437 82 140 None 68 396 63 127 None
73490.jpg r_set 637 291 56 175 setting 761 337 88 147 None 857 472 97 155 None 981 402 81 153 None 921 303 72 140 None 1012 379 126 139 None 160 348 57 118 None 56 445 76 163 None 440 418 57 165 None 444 357 53 125 None 428 388 45 164 None
43675.jpg r-pass 975 447 69 103 None 973 396 48 84 digging 866 376 64 92 None 798 463 80 120 None 504 377 33 114 None 373 447 56 133 None 407 400 56 122 None 422 369 41 116 None 295 373 45 129 None 159 430 45 133 None 147 380 30 120 None
44740.jpg l-pass 966 415 39 137 None 885 364 47 112 None 843 382 40 143 None 728 423 51 151 None 723 373 43 117 None 706 341 35 123 None 588 309 57 127 None 534 314 50 130 None 527 374 67 119 digging 379 399 70 139 None 387 362 72 112 None 93 417 54 132 None
52025.jpg r-pass 916 463 75 99 digging 880 386 45 94 digging 976 412 52 111 digging 689 485 101 114 digging 377 446 62 158 None 437 316 47 143 spiking 458 378 35 150 None 275 418 54 109 None 321 376 41 99 None 338 415 48 131 None 521 337 48 131 blocking
48520.jpg l_set 1098 473 67 122 None 1143 421 58 116 None 1021 353 75 109 None 745 442 57 122 None 709 399 47 127 None 726 366 37 131 None 468 373 50 144 None 301 327 62 98 None 263 360 67 119 None 228 365 48 172 setting 136 387 45 127 None 106 487 92 167 None
44710.jpg r_spike 926 418 42 115 None 794 419 48 157 None 823 387 56 123 None 696 463 62 165 None 696 407 59 117 None 729 277 55 137 spiking 628 300 32 184 blocking 646 279 30 157 blocking 518 440 68 128 None 269 358 64 100 None 296 452 85 137 None 127 432 77 137 None
43865.jpg r-pass 926 436 50 118 None 886 380 126 86 None 757 360 56 109 None 604 352 58 99 None 500 427 39 137 None 500 411 47 129 None 436 435 39 135 None 407 375 50 139 None 433 352 37 129 None 423 321 37 124 None 195 402 64 137 None 160 382 41 120 None
36255.jpg l-spike 1042 460 57 100 None 1050 416 57 86 None 887 362 48 100 None 616 368 46 96 None 559 367 37 158 blocking 573 366 35 136 blocking 488 355 52 116 None 427 324 46 110 None 345 409 41 130 None 285 367 62 171 spiking 258 366 32 117 None
44865.jpg l_winpoint 107 412 66 165 None 226 396 52 162 None 250 392 98 143 None 331 430 79 154 None 376 370 70 160 None 402 357 56 145 None 663 409 77 162 None 669 452 89 162 None 769 349 59 127 None 903 335 41 130 None 959 441 62 140 None 1017 391 55 94 None
39300.jpg r_winpoint 946 390 65 126 None 895 375 51 124 None 834 399 54 141 None 774 420 60 122 None 740 395 90 108 None 790 379 25 100 None 616 360 28 116 None 582 357 50 132 None 469 410 40 137 None 320 415 58 142 None 275 420 70 121 None 252 362 65 128 None
43110.jpg r_winpoint 644 434 84 129 None 120 439 60 142 None 182 429 49 125 None 395 431 58 143 None 345 465 66 151 None 311 442 62 123 None 792 431 48 130 None 935 437 75 126 None 821 477 75 128 None 861 435 47 121 None 878 454 73 132 None
36330.jpg l_winpoint 1003 383 62 157 None 953 353 48 134 None 930 404 58 170 None 805 327 42 148 None 510 335 66 144 None 470 354 65 164 None 418 395 62 171 None 347 373 59 150 None 344 342 71 148 None 163 625 172 71 None
30570.jpg r_winpoint 1008 419 79 142 None 1038 351 64 119 None 980 390 59 143 None 824 418 57 157 None 852 376 59 138 None 784 404 63 119 None 566 433 52 177 None 445 473 61 187 None 307 419 72 158 None 349 393 40 135 None 420 327 55 133 None 242 504 118 54 None
47985.jpg r_winpoint 216 406 64 122 None 470 374 108 207 None 446 304 54 177 None 714 315 59 190 None 834 272 49 172 None 718 227 52 163 None 1111 369 111 202 None 1090 343 84 194 None 1163 324 62 193 None 1217 328 57 174 None 1237 372 41 171 None
48690.jpg r_winpoint 984 416 46 141 None 1011 385 45 140 None 926 318 46 154 None 898 341 55 145 None 793 403 59 164 None 790 360 66 158 None 639 316 44 141 None 588 308 37 148 None 570 357 38 158 None 288 424 58 177 None 272 322 52 136 None 222 520 52 101 None
51225.jpg r_winpoint 1008 331 58 157 None 883 391 67 144 None 845 326 64 162 None 773 330 70 166 None 707 366 64 193 None 697 359 64 169 None 451 328 54 173 None 450 290 61 161 None 361 426 65 146 None 288 556 135 77 None 278 333 90 162 None 180 328 60 162 None
43995.jpg r_winpoint 390 430 60 194 None 430 275 76 161 None 368 297 81 177 None 147 394 126 189 None 102 411 95 95 None 839 337 95 165 None 903 315 77 160 None 1055 373 51 162 None 1113 340 59 170 None 1011 356 66 180 None 1013 300 53 170 None
34410.jpg r_winpoint 772 401 37 126 None 731 393 43 124 None 688 435 83 125 None 685 428 52 140 None 625 399 46 117 None 1167 485 97 130 None 419 407 55 131 None 374 381 44 122 None 326 438 49 149 None 226 389 54 126 None 148 441 36 152 None 54 399 90 133 None
42390.jpg l_winpoint 1017 447 102 125 None 1023 375 81 120 None 905 343 56 121 None 740 443 118 79 None 637 405 47 154 None 603 442 55 155 None 465 354 48 133 None 417 361 79 143 None 360 413 56 155 None 347 387 39 152 None 229 397 66 150 None 217 360 84 147 None
52335.jpg r_winpoint 1004 386 60 154 None 927 434 49 147 None 890 341 49 131 None 851 348 45 148 None 805 365 40 149 None 786 402 46 155 None 686 424 41 171 None 632 400 69 172 None 618 351 51 153 None 368 437 56 172 None 356 330 54 140 None 103 413 42 131 None
46140.jpg r_winpoint 928 367 70 132 None 920 342 73 119 None 838 410 65 127 None 760 364 57 185 None 685 327 37 147 None 659 339 63 122 None 470 340 52 149 None 504 326 47 138 None 404 381 54 153 None 361 395 60 89 None 240 364 81 137 None 249 330 40 133 None
