22330.jpg r-pass 1220 768 102 102 None 1328 685 68 151 digging 1204 583 81 169 None 1008 551 72 150 None 1071 556 80 168 None 1019 493 49 152 None 820 655 56 160 None 676 557 66 153 None 718 503 52 138 None 480 515 62 134 None 464 642 54 169 None 387 580 49 176 None
20410.jpg r_set 1336 572 73 227 setting 1225 527 73 160 None 1044 505 81 143 None 893 599 74 172 None 979 737 78 204 None 933 489 53 134 None 344 702 62 155 None 276 588 55 171 None 333 529 66 120 None 684 619 44 172 None 694 579 54 150 None 680 534 52 110 None
29335.jpg l-pass 1743 614 76 147 None 1522 626 63 164 None 1425 582 59 115 None 1165 663 43 189 None 1157 610 59 179 None 1172 535 42 153 None 1072 682 74 153 None 796 633 64 171 None 790 624 60 123 digging 687 506 54 151 None 470 599 67 157 None 376 688 59 160 None
40750.jpg l-spike 571 691 67 163 digging 670 566 74 160 spiking 700 497 57 134 None 766 703 75 148 None 771 607 52 119 None 801 736 79 195 None 801 738 84 194 None 964 551 33 207 blocking 976 626 47 212 blocking 995 546 74 137 None 1313 558 61 118 None 1457 695 67 146 None
22430.jpg l-spike 1436 556 62 149 None 1335 656 62 157 None 1255 527 56 111 None 944 577 47 212 blocking 939 522 45 194 blocking 940 485 50 142 None 778 575 70 179 spiking 811 614 75 116 None 674 434 52 125 None 617 524 78 122 None 506 646 110 152 None 556 571 84 147 None
29380.jpg l-spike 1439 605 76 144 None 1349 756 104 151 digging 1202 588 82 101 digging 932 693 64 189 None 905 541 48 194 blocking 909 521 64 160 blocking 780 540 82 174 spiking 681 706 99 137 None 528 603 84 128 None 613 515 61 134 None 357 612 58 147 None 412 790 73 172 None
20305.jpg l-pass 1470 705 80 173 None 1520 593 83 157 None 1410 530 92 123 None 1169 651 55 183 None 1144 583 65 168 None 1149 493 44 154 None 1077 631 57 141 None 769 539 88 141 None 665 699 67 185 None 504 604 117 129 digging 420 606 85 179 None 705 440 53 122 None
29205.jpg l-spike 1371 559 72 144 None 1266 687 107 157 digging 1142 577 82 124 digging 1039 680 102 174 None 822 511 50 177 blocking 829 465 49 205 blocking 720 436 66 164 spiking 683 690 98 146 None 662 609 74 132 None 540 692 85 139 None 450 714 62 158 None 484 607 48 151 None
17735.jpg l_set 1376 580 79 152 None 1230 556 68 113 None 1279 710 97 145 None 946 686 54 173 None 926 593 54 151 None 922 525 53 136 None 752 596 42 188 setting 788 534 76 174 None 624 575 65 142 None 636 504 72 110 None 399 654 123 164 None 501 770 108 170 None
40730.jpg l_set 1378 676 54 149 None 1353 598 93 155 None 1225 584 52 127 None 977 697 63 187 None 974 626 62 143 None 975 529 58 128 None 822 625 46 190 setting 718 684 81 158 None 628 575 76 128 None 539 498 86 119 None 400 660 80 138 None 377 720 107 161 None
22390.jpg l-pass 351 567 78 177 None 499 653 63 177 None 551 558 81 130 digging 638 426 57 125 None 715 519 74 148 None 998 610 66 150 None 1079 494 49 158 None 1081 554 61 176 None 1109 583 55 177 None 1395 629 68 169 None 1356 503 58 141 None 1519 577 100 168 None
20335.jpg l_set 1321 522 73 126 None 1299 705 107 143 None 1486 571 70 157 None 1021 642 69 162 None 1013 590 64 136 None 1014 491 52 128 None 913 574 61 157 setting 844 592 57 187 None 688 609 87 165 None 651 447 81 112 None 481 579 108 161 None 550 537 89 120 None
29275.jpg r-pass 457 708 64 155 None 431 624 53 157 None 527 585 68 136 None 744 549 55 161 None 805 637 85 160 None 876 699 49 158 None 994 588 77 170 None 1123 614 119 96 None 1195 576 77 103 None 1199 681 80 186 None 1325 564 60 145 digging 1325 572 97 75 None
17925.jpg r_spike 1255 631 81 170 None 1265 542 85 152 None 1189 579 80 137 None 1158 693 54 175 None 1042 608 82 113 None 1121 465 60 159 spiking 975 456 55 217 blocking 853 637 50 152 None 564 541 92 122 None 598 715 83 158 None 395 638 77 147 None
28950.jpg r-pass 1782 538 82 136 None 1594 630 75 152 None 1242 764 186 66 None 1272 577 90 105 None 1221 622 100 134 None 1178 587 62 133 None 1105 622 54 168 None 979 695 77 155 None 1038 576 60 147 None 838 565 37 135 None 740 617 47 152 None 652 702 62 170 None
22195.jpg r-pass 1252 515 67 146 None 1107 609 70 137 None 969 612 65 125 None 906 535 41 142 digging 712 507 57 155 None 702 481 97 136 None 628 509 43 152 None 561 602 62 179 None 475 532 72 125 None 347 560 52 156 None 312 599 67 157 None 10 712 62 155 None
22295.jpg r-pass 1312 695 92 142 None 1369 694 65 110 None 1352 562 99 157 None 1208 472 69 137 None 1117 632 115 123 None 1105 567 77 117 None 971 545 57 139 None 921 564 83 156 None 826 638 61 156 None 569 511 73 130 None 455 622 78 161 None 359 576 97 157 None
29075.jpg l_set 331 657 66 160 None 474 517 95 126 None 523 582 52 142 None 622 692 62 152 None 535 805 97 184 None 718 641 71 187 setting 881 534 45 153 None 875 609 61 163 None 882 685 51 205 None 1158 600 82 92 None 1266 728 86 166 None 1394 623 67 151 None
20235.jpg r-pass 1615 817 86 236 None 1493 695 79 192 digging 1256 542 60 152 None 1150 709 79 196 None 1127 629 71 178 None 1077 505 51 157 None 894 651 83 154 None 740 559 39 154 None 734 507 49 134 None 655 693 63 171 None 526 560 56 144 None 472 610 67 180 None
29125.jpg r_spike 1185 582 81 134 None 1134 681 98 143 None 807 698 90 162 None 814 610 66 96 None 640 527 68 206 spiking 632 596 92 118 None 576 593 50 148 None 568 733 74 175 None 445 631 57 132 None 269 637 58 144 None 295 834 78 185 None 253 782 116 161 None
17840.jpg r_spike 1496 570 85 161 None 1406 613 54 163 None 1413 575 90 118 None 1257 453 56 156 spiking 1211 587 63 158 None 1296 721 65 194 None 983 649 60 142 None 1106 472 52 193 blocking 1103 444 52 186 blocking 721 536 84 123 None 708 709 83 150 None 542 632 82 136 None
29230.jpg r-pass 1046 612 80 115 None 1095 682 95 190 None 1296 630 68 164 None 1265 596 154 94 None 803 542 48 146 None 821 534 70 120 None 714 664 64 175 None 562 680 53 160 None 365 701 63 170 None 454 584 53 149 None 683 521 57 137 None 643 583 71 127 None
17755.jpg l-spike 1356 587 69 152 None 1153 559 80 119 None 1295 704 88 147 None 822 590 63 197 blocking 805 535 62 177 blocking 816 547 114 134 None 719 592 81 138 None 700 506 42 147 None 452 620 85 144 None 513 562 130 205 spiking 575 612 58 144 None 666 748 76 174 None
28930.jpg r_spike 1721 620 87 156 None 1368 667 87 171 None 1231 575 52 160 None 1218 543 51 125 None 1173 605 57 150 spiking 1126 602 52 199 blocking 1081 600 50 152 None 946 697 101 155 None 753 556 85 130 None 696 632 55 152 None 642 713 68 164 None
17780.jpg r-pass 1304 645 119 120 None 1191 712 115 122 None 1135 560 83 125 None 940 568 77 139 None 795 653 75 151 None 817 611 73 161 None 720 712 55 175 None 649 644 95 150 None 717 590 43 157 None 735 547 55 150 None 501 642 42 143 None 372 600 59 154 None
17855.jpg r-pass 583 631 65 149 None 755 696 107 154 None 848 531 65 123 None 969 646 103 119 None 1167 498 45 139 None 1166 494 50 158 None 1256 516 87 123 None 1218 600 95 149 None 1371 580 64 122 digging 1276 671 79 164 None 1430 642 86 151 digging 1524 587 62 156 None
29210.jpg l-spike 1362 547 76 157 None 1293 665 71 171 None 1110 566 57 135 None 1067 672 70 190 None 809 496 32 170 blocking 806 446 46 179 blocking 723 467 54 158 spiking 666 681 101 155 None 522 681 86 147 None 671 587 59 132 None 427 705 69 167 None 465 594 46 156 None
29245.jpg r_set 336 702 69 169 None 415 596 44 157 None 590 579 64 133 None 725 536 70 152 None 733 664 61 175 None 620 695 60 157 None 816 551 75 159 None 872 542 68 117 None 1055 558 62 172 None 1157 589 154 69 None 1274 613 86 151 None 1144 700 81 189 None
22090.jpg l-pass 1326 556 99 175 None 1279 643 81 169 None 1182 663 55 180 None 1183 580 99 157 digging 1174 524 69 147 None 1102 459 75 155 None 1023 615 55 198 None 985 627 55 186 None 830 545 86 136 None 577 666 72 172 None 510 531 95 119 None 406 610 78 158 digging
29050.jpg l-pass 1414 640 71 154 None 1325 709 74 165 None 1288 593 72 117 None 1003 671 46 188 None 989 636 54 166 None 1001 557 40 146 None 936 721 43 150 None 696 797 101 103 None 667 656 83 146 None 535 606 57 136 None 562 529 60 153 None 407 675 45 163 None
22420.jpg l_set 1467 561 69 146 None 1315 635 62 152 None 1276 515 65 122 None 970 612 68 178 blocking 969 576 48 157 blocking 966 482 54 133 None 855 562 61 159 setting 786 592 62 188 None 566 518 58 118 None 586 425 95 114 None 428 568 129 155 None 504 647 59 159 None
17730.jpg l_set 1382 573 64 152 None 1247 550 67 120 None 1285 699 63 155 None 971 666 50 177 None 953 575 48 165 None 948 520 48 138 None 805 562 62 142 None 771 584 58 186 setting 637 564 62 143 None 615 498 82 112 None 375 650 90 164 None 446 761 136 179 None
20355.jpg l-spike 1319 538 71 153 None 1194 652 90 176 None 1158 527 74 111 digging 859 488 68 151 None 859 560 40 205 blocking 855 618 47 176 None 750 646 75 206 None 691 646 62 147 None 669 486 100 159 spiking 677 479 45 166 None 568 545 88 122 None 517 565 53 177 None
40765.jpg r-pass 1404 619 90 142 digging 1382 705 79 114 None 1241 562 99 99 digging 911 563 96 129 None 830 622 58 149 None 835 560 51 170 blocking 757 706 67 168 None 725 635 60 129 None 692 603 43 119 None 657 523 56 124 None 614 719 100 151 None 502 657 47 146 None
22080.jpg r_spike 332 617 72 154 None 492 518 62 125 None 450 668 91 172 None 770 550 77 129 None 916 574 71 193 blocking 936 602 49 197 blocking 1077 455 68 150 None 1093 527 68 142 None 1161 581 71 165 None 1090 631 99 168 spiking 1246 548 64 153 None 1235 641 63 163 None
29165.jpg l_set 1275 605 55 145 None 1166 652 65 158 None 1111 575 70 138 None 925 666 59 188 None 858 613 63 162 None 873 561 51 144 None 767 677 58 181 None 675 549 87 148 None 600 697 127 80 None 535 712 60 117 None 472 653 137 132 digging 289 791 110 165 None
20300.jpg l-pass 1480 710 90 172 None 1507 597 53 169 None 1410 526 88 125 None 1175 652 54 181 None 1143 582 64 170 None 1140 499 53 148 None 1080 627 57 147 None 767 531 64 150 None 711 440 47 124 None 663 703 56 184 None 431 615 89 173 None 504 604 100 130 digging
22170.jpg l-spike 7 714 88 164 None 297 604 58 159 None 405 694 92 202 None 438 585 78 137 None 516 532 62 128 None 546 404 81 173 spiking 731 416 43 214 blocking 949 651 95 162 None 1032 494 89 127 None 1248 634 76 159 None 1309 514 67 153 None
28970.jpg r-pass 614 707 78 160 None 699 627 75 153 None 786 585 48 133 None 990 576 76 159 None 1057 619 60 178 None 965 700 79 149 None 1146 572 64 166 None 1156 662 73 118 digging 1207 738 146 94 None 1215 562 101 125 None 1374 652 74 154 None 1578 564 55 142 None
22095.jpg l-pass 415 584 79 180 digging 500 514 84 136 None 578 652 72 180 None 835 536 107 136 None 1033 677 56 159 None 925 646 125 186 None 1098 474 75 144 None 1208 519 56 169 None 1188 555 79 170 None 1198 647 60 195 None 1332 633 56 177 None 1339 555 102 182 None
17810.jpg r_set 592 702 72 158 None 616 616 51 169 None 576 573 66 134 None 944 556 58 155 None 930 606 63 163 None 936 707 66 179 None 1154 651 72 177 None 1186 736 87 195 None 1221 506 70 117 None 1226 559 72 183 setting 1310 661 104 84 None 1438 598 86 163 None
29370.jpg l_set 373 584 72 150 None 538 602 46 128 None 556 512 94 124 None 807 619 75 143 None 790 643 82 181 setting 976 540 43 134 None 969 605 57 149 blocking 977 688 60 194 None 1261 594 81 96 None 1386 742 78 166 None 1521 631 72 133 None 249 790 137 170 None
17700.jpg l-pass 484 593 79 174 None 743 639 80 113 None 852 471 65 184 setting 925 494 88 137 None 956 532 53 144 None 957 661 81 146 None 1149 503 41 150 None 1145 574 67 158 None 1160 622 56 174 None 1335 508 74 145 None 1399 655 73 158 None 1440 559 67 159 None
29105.jpg l-spike 336 881 87 197 None 308 743 84 159 None 289 643 59 153 None 427 618 66 135 None 489 465 94 183 spiking 573 774 81 194 None 763 694 79 170 None 656 493 53 185 blocking 647 508 65 213 blocking 918 567 82 124 digging 1138 711 86 168 None 1192 567 83 146 None
29140.jpg l-pass 315 795 67 190 None 328 637 60 143 None 430 734 75 160 None 520 674 72 75 None 655 583 47 158 None 623 695 91 158 None 722 560 86 146 None 719 591 43 168 None 870 663 87 178 None 917 591 49 135 None 1061 646 87 161 None 1184 583 58 143 None
22230.jpg r_set 377 554 54 163 None 449 502 95 107 None 451 639 60 153 None 690 677 86 147 None 859 520 51 147 None 866 532 46 165 None 1034 537 67 159 None 1027 580 74 164 None 1173 421 52 131 None 1270 533 76 159 None 1294 633 103 147 digging 1437 514 103 149 None
22280.jpg r-pass 476 580 59 166 None 555 639 56 163 None 624 530 95 108 None 890 661 111 129 None 1144 545 41 157 None 1124 568 66 170 None 1200 543 68 122 None 1257 489 96 118 None 1225 635 86 115 None 1429 545 73 114 None 1445 626 55 163 None 1504 674 87 117 digging
17930.jpg r_spike 452 637 72 146 None 640 524 85 132 None 630 705 88 158 None 871 622 73 126 None 1039 457 45 169 blocking 1027 458 58 194 blocking 1147 462 70 163 spiking 1089 611 99 114 None 1173 673 63 181 None 1236 572 77 143 None 1308 520 45 148 None 1301 627 79 165 None
22260.jpg r_spike 389 595 76 162 None 446 659 75 154 None 564 504 60 112 None 813 650 91 152 None 1039 478 38 182 blocking 1023 562 59 167 blocking 1123 532 47 149 None 1233 456 60 137 None 1118 620 99 129 None 1323 520 88 130 None 1380 491 83 176 spiking 1442 643 92 169 None
22265.jpg r_spike 418 603 70 151 None 484 639 68 167 None 590 494 57 119 None 847 633 79 158 None 1071 457 55 199 blocking 1057 495 71 213 blocking 1135 528 62 139 None 1250 474 63 129 None 1146 637 98 112 None 1358 516 81 135 None 1386 465 70 214 spiking 1481 637 71 173 None
20450.jpg r_spike 275 646 70 149 None 390 537 59 133 None 428 729 71 167 None 667 559 82 123 digging 863 580 59 215 blocking 855 603 68 233 blocking 991 523 54 138 None 983 631 44 160 None 955 636 109 194 spiking 1162 547 51 153 None 1213 574 72 168 None 1358 693 103 192 None
22140.jpg l_set 1405 539 75 153 None 1369 660 67 152 None 1226 500 80 137 None 967 628 58 172 None 946 533 63 146 None 936 491 52 143 None 536 606 65 187 setting 513 517 61 118 None 511 468 67 118 None 358 593 91 165 None 388 709 84 172 None 269 658 71 174 None
29015.jpg r_spike 429 740 84 161 None 392 660 71 161 None 430 610 61 131 None 660 567 66 152 None 735 642 103 139 None 903 711 71 155 None 993 623 68 167 None 1046 624 82 157 None 1046 547 58 141 None 1201 682 61 177 None 1251 603 67 180 setting 1332 591 45 148 None
17890.jpg r_set 1357 557 56 162 None 1242 697 67 171 None 1232 581 61 179 setting 1172 498 60 127 None 1117 583 83 126 None 1075 600 73 162 None 919 699 59 172 None 913 555 47 164 None 940 516 48 147 None 589 552 70 132 None 543 729 69 155 None 439 609 62 166 None
20365.jpg r-pass 422 588 59 166 None 508 537 63 143 None 637 498 73 139 None 654 536 68 162 digging 553 643 86 154 None 663 667 63 196 None 771 632 101 172 None 770 560 45 153 None 772 526 49 126 None 1084 534 55 125 None 1239 564 84 126 digging 1143 645 100 159 digging
22385.jpg l-pass 1526 579 57 171 None 1418 637 70 168 None 1356 506 58 138 None 1118 586 53 176 None 1090 558 54 169 None 1081 497 54 154 None 988 592 78 166 None 719 515 67 151 None 654 428 64 125 None 559 569 76 117 digging 519 658 48 173 None 359 575 75 169 None
28945.jpg r-pass 651 702 69 170 None 726 617 66 156 None 831 569 49 131 None 979 693 76 157 None 1108 621 59 169 None 1043 574 70 150 None 1224 623 78 134 None 1189 575 53 148 None 1260 562 86 119 None 1266 761 215 92 None 1645 626 103 154 None 1834 534 79 137 None
41705.jpg r_spike 1332 627 60 160 None 1151 640 99 167 None 1058 542 65 139 None 1080 523 68 140 None 1261 489 43 175 spiking 1249 526 59 120 None 974 520 66 172 blocking 965 490 62 168 blocking 753 628 77 151 None 504 533 61 110 None 435 647 71 156 None 389 606 70 129 None
45660.jpg l_winpoint 874 651 89 159 None 724 593 57 153 None 781 624 37 114 None 828 597 82 139 None 889 632 82 120 None 1048 645 51 168 None 1088 591 60 159 None 1188 591 62 163 None 1342 674 59 190 None 1381 570 50 132 None 1469 584 65 180 None 758 637 44 147 None
32715.jpg l_winpoint 1291 600 60 95 None 1228 670 52 149 None 964 732 63 185 None 945 590 63 146 None 745 576 76 142 None 708 604 45 156 None 546 678 107 167 None 527 640 68 160 None 457 647 108 146 None 420 671 73 155 None 447 774 70 195 None 298 767 77 143 None
37125.jpg r_winpoint 1166 635 74 165 None 1175 622 73 163 None 1155 623 44 162 None 1149 614 57 154 None 1098 626 59 153 None 822 605 45 133 None 479 596 86 159 None 454 575 74 135 None 341 628 91 143 None 271 699 53 160 None 201 568 58 151 None
33180.jpg l_winpoint 708 644 51 147 None 682 649 65 151 None 644 661 60 138 None 638 646 59 145 None 1030 563 76 136 None 1148 532 77 130 None 1061 589 65 171 None 1101 654 92 159 None 1183 684 110 174 None 1385 715 51 176 None
45120.jpg l_winpoint 571 621 49 137 None 636 575 69 147 None 646 642 81 145 None 711 598 82 142 None 763 557 71 137 None 772 691 60 160 None 907 550 59 159 None 943 510 51 146 None 981 680 83 182 None 1134 636 51 147 None 1204 578 114 56 None 1355 526 49 155 None
30600.jpg l_winpoint 1513 622 72 170 None 1425 660 77 177 None 1285 699 70 190 None 1251 562 47 151 None 977 593 44 162 None 962 537 68 150 None 665 587 60 170 None 575 623 141 145 None 590 619 50 142 None 532 596 74 157 None 544 582 70 160 None 631 584 50 157 None
33630.jpg r_winpoint 402 621 59 155 None 569 589 43 133 None 689 538 66 126 None 793 559 72 138 None 857 640 55 161 None 635 694 56 152 None 1089 652 87 183 None 1050 572 55 164 None 1081 612 63 159 None 1133 592 53 153 None 1171 635 82 167 None 1200 613 55 156 None
37770.jpg r_winpoint 1135 609 65 145 None 1114 550 65 148 None 1034 612 105 167 None 984 595 70 153 None 1005 555 48 168 None 1006 537 47 140 None 820 642 65 83 None 761 688 87 73 None 581 703 122 129 None 583 567 41 137 None 420 668 61 160 None 395 593 82 161 None
36510.jpg l_winpoint 1311 667 56 172 None 1327 575 50 157 None 1132 721 80 180 None 1073 503 43 130 None 873 537 55 131 None 832 564 52 146 None 653 602 63 144 None 628 592 49 132 None 575 661 93 166 None 522 705 54 167 None 566 612 81 113 None 470 620 48 152 None
35820.jpg r_winpoint 1135 648 79 144 None 1145 587 86 184 None 1107 610 79 157 None 1046 650 109 163 None 1047 599 63 162 None 1086 616 43 162 None 866 599 46 155 None 810 669 66 190 None 729 577 84 144 None 621 562 61 167 None 512 712 62 148 None 423 645 67 163 None
34245.jpg l_winpoint 1367 564 71 163 None 1310 654 54 151 None 1220 677 51 164 None 1225 583 135 154 None 1142 594 73 164 None 1094 586 64 149 None 506 654 55 130 None 433 638 122 159 None 393 646 93 156 None 469 624 47 142 None 434 604 47 141 None 178 893 62 184 None
44565.jpg r_winpoint 1238 623 90 193 None 1214 623 72 146 None 1262 579 60 154 None 1204 545 76 149 None 1073 564 59 156 None 1054 588 67 194 None 920 642 47 167 None 869 684 92 163 None 767 542 82 145 None 686 669 50 151 None 569 551 40 126 None 427 677 67 125 None
47205.jpg r_winpoint 1282 621 51 127 None 1227 644 72 136 None 1116 684 85 133 None 1113 638 51 127 None 1165 610 46 117 None 1192 597 40 112 None 975 638 38 127 None 932 646 50 152 None 810 570 62 69 None 772 684 40 114 None 657 597 37 101 None 602 635 31 123 None
34980.jpg l_winpoint 1461 610 73 160 None 1284 597 64 155 None 1170 582 50 144 None 1016 787 75 175 None 1005 744 53 185 None 1158 1000 121 78 None 782 712 56 160 None 770 663 71 156 None 772 613 55 155 None 672 717 64 148 None 625 684 63 141 None 590 582 80 181 None
41760.jpg r_winpoint 1278 630 43 155 None 1242 515 80 161 None 1223 564 48 181 None 1134 585 73 183 None 1097 558 71 154 None 1104 529 56 150 None 798 600 57 137 None 817 551 63 151 None 807 517 72 147 None 434 615 62 159 None 420 544 53 125 None 352 587 84 151 None
40815.jpg l_winpoint 1456 668 55 157 None 1393 583 66 160 None 1269 552 92 117 None 985 618 63 156 None 1004 593 64 153 None 995 558 51 139 None 586 641 111 139 None 637 616 51 156 None 607 601 110 137 None 542 629 80 151 None 531 620 56 148 None 565 613 63 142 None
