35056.jpg l-pass 1633 594 83 202 None 1690 485 97 198 None 1376 456 79 187 None 1034 538 87 221 None 1069 505 50 201 None 1071 442 53 162 None 910 598 81 209 None 658 479 88 197 None 867 497 63 223 setting 298 517 74 191 None 63 621 104 235 None
25753.jpg r_spike 1472 513 93 160 None 1235 532 107 184 None 1095 680 108 188 None 1259 473 75 160 None 1095 335 112 146 spiking 1035 467 87 219 None 845 614 154 180 None 929 439 60 198 blocking 952 324 40 218 blocking 497 621 95 164 digging 342 568 90 184 None 443 471 62 122 digging
10464.jpg r-pass 1633 633 87 187 None 1568 595 85 115 None 1496 513 89 129 setting 1317 442 56 162 None 1246 394 92 150 None 1095 459 90 163 None 878 565 51 197 None 870 500 60 193 None 857 473 47 174 None 477 473 67 191 None 377 610 99 195 None 263 502 93 198 None
23470.jpg r_spike 1471 474 64 169 None 1212 432 87 172 None 1187 605 119 200 None 1042 475 75 195 None 1083 295 80 207 spiking 1177 307 62 134 None 905 330 75 220 blocking 916 329 62 192 blocking 762 559 86 177 None 535 426 97 152 None 430 612 117 187 None 280 527 87 193 None
25788.jpg l-pass 1452 561 82 162 None 1352 461 67 138 None 1183 552 60 187 None 1047 584 56 194 None 1026 486 61 200 None 1025 442 64 161 None 804 405 80 139 None 845 377 62 142 None 567 611 127 212 None 651 588 81 172 None 392 592 132 110 digging 469 444 65 150 None
37300.jpg r_spike 1405 655 123 203 None 1313 550 135 145 None 1142 709 134 187 None 1012 492 110 218 spiking 1121 485 77 167 None 1135 414 100 135 None 875 591 61 229 blocking 892 465 47 282 blocking 873 460 72 153 None 339 651 94 184 None 282 551 87 179 None 350 521 77 135 None
37195.jpg l_set 1588 670 120 202 None 1359 554 85 166 None 1326 491 70 140 None 985 612 71 193 None 980 550 66 161 None 949 489 109 133 None 840 560 84 243 setting 692 662 115 196 None 650 384 89 135 None 469 480 84 154 None 388 575 78 172 None 276 672 160 213 None
37200.jpg l_set 306 690 157 198 None 414 571 143 164 None 515 473 56 163 None 696 391 63 127 None 842 557 78 248 setting 734 634 118 229 None 977 632 69 204 None 972 563 73 190 None 954 477 98 144 None 1344 493 88 150 None 1424 541 89 167 None 1578 656 117 212 None
37320.jpg l-pass 1291 598 63 205 None 1174 574 111 149 None 1210 498 81 157 None 1027 440 77 162 None 996 563 64 199 None 1010 680 87 214 None 859 583 72 182 None 872 516 97 235 None 782 478 109 145 None 301 568 68 185 None 366 637 84 197 None 374 569 107 76 None
25733.jpg r_set 370 536 75 175 None 454 467 50 165 None 484 599 70 188 None 890 590 128 189 None 914 479 75 190 blocking 916 450 55 173 None 1144 541 111 173 None 1186 360 68 205 setting 1253 400 115 132 None 1463 552 124 162 None 1546 510 89 158 None 1416 724 172 178 None
25843.jpg l-spike 540 552 161 89 None 669 507 108 109 None 669 572 92 156 None 713 581 138 207 spiking 834 455 100 173 None 759 375 68 156 None 952 533 65 214 None 960 522 51 276 blocking 1043 434 95 144 None 1388 472 66 135 digging 1383 655 129 198 None 1573 517 109 143 None
57786.jpg l-spike 1490 627 89 196 None 1477 447 66 145 None 1681 528 78 179 None 1006 551 71 190 None 921 327 89 256 blocking 942 314 60 230 blocking 736 285 93 227 spiking 676 496 74 180 None 808 493 67 219 None 712 639 127 200 None 543 639 121 232 None 371 494 104 146 None
10569.jpg l_set 1491 489 59 192 None 1405 500 105 178 None 1449 610 64 190 None 1029 557 63 201 None 1037 520 55 198 None 997 452 85 166 None 848 610 77 203 None 722 651 86 208 None 353 596 112 231 digging 398 490 95 170 None 374 450 99 174 None 645 395 64 143 None
10664.jpg r_set 357 650 101 192 None 317 498 64 197 None 517 443 60 173 None 890 466 50 193 None 884 499 71 207 blocking 884 610 79 188 None 1084 561 86 193 None 1144 445 76 209 setting 1164 420 124 134 None 1476 545 97 176 None 1606 573 87 189 None 1250 705 201 188 None
57756.jpg l_set 1691 496 65 187 None 1445 474 69 168 None 1576 618 76 199 None 993 576 80 202 None 984 507 72 202 None 986 423 84 166 None 787 450 129 238 None 721 504 66 262 setting 518 374 88 138 None 378 514 127 165 None 384 470 64 165 None 317 688 123 216 None
23670.jpg l-spike 1579 486 90 170 None 1381 603 112 178 None 1291 409 96 152 None 1102 602 154 165 digging 935 284 71 287 blocking 805 307 99 159 spiking 831 490 59 189 None 787 513 113 146 None 579 425 91 179 None 636 524 76 205 None 474 577 71 219 None 931 279 60 243 blocking
37290.jpg r_set 1232 395 85 146 None 1409 535 92 151 None 1258 738 178 190 None 1471 698 92 232 None 1070 562 115 241 None 1111 417 71 206 setting 857 620 64 200 None 869 546 77 213 None 868 465 67 157 None 344 650 97 194 None 280 542 112 186 None 333 524 87 101 None
23495.jpg l-pass 262 505 70 198 None 401 568 96 192 None 682 470 91 212 setting 672 465 63 165 None 811 445 125 151 None 848 384 69 171 None 1003 479 56 191 None 1012 415 83 147 None 1036 536 70 179 None 1209 442 88 187 None 1476 520 69 155 None
25963.jpg r_spike 1166 584 98 192 None 1144 462 71 175 None 964 468 125 257 spiking 1000 504 79 165 None 902 450 87 177 None 779 544 70 225 blocking 798 449 51 258 blocking 386 624 73 172 None 320 480 105 143 None 138 564 83 183 None
23720.jpg r_set 1494 511 140 173 None 1428 631 92 207 None 1275 603 128 197 None 1196 343 73 223 setting 1085 370 120 127 None 1071 394 57 173 None 849 414 63 170 None 845 489 78 198 None 814 538 53 192 None 458 423 125 185 None 422 491 51 191 None 318 567 91 202 None
37360.jpg r-pass 349 538 75 199 None 421 620 172 93 None 367 647 153 223 None 851 539 89 178 None 868 488 74 189 None 780 410 69 153 None 975 434 116 149 None 983 481 69 183 None 992 656 151 184 None 1194 504 74 159 None 1331 624 99 181 None 1452 604 98 120 None
25818.jpg l_set 1552 532 76 154 None 1403 462 68 140 None 1358 612 74 207 None 995 585 87 175 None 989 481 68 201 blocking 959 438 97 141 None 751 458 85 157 None 719 367 69 124 None 690 504 80 219 setting 599 575 172 89 None 589 447 59 165 None 486 675 131 223 None
23755.jpg r_spike 1455 598 119 169 None 1265 405 73 137 None 1175 545 87 198 None 1015 548 157 218 spiking 1045 491 99 189 None 1034 414 70 155 None 888 508 79 276 blocking 880 466 80 267 blocking 790 491 77 155 None 435 421 127 167 None 265 637 95 198 None 183 535 105 174 None
23445.jpg r_set 1492 663 140 211 None 1433 498 66 167 None 1444 448 100 171 None 1203 396 126 152 None 1138 480 95 190 None 1080 270 57 203 setting 866 557 59 182 None 856 479 67 190 None 862 440 51 169 None 401 640 122 176 None 437 427 67 161 None 292 507 75 188 None
37345.jpg l-spike 1367 536 60 167 None 1317 604 61 212 None 1239 482 65 153 None 1005 638 123 189 None 992 523 64 184 None 977 445 84 156 digging 895 504 69 206 None 861 462 70 246 spiking 733 415 76 125 None 445 632 152 93 None 309 548 83 194 None 301 652 127 234 None
37165.jpg l-pass 1457 624 87 218 None 1202 517 94 170 None 1138 642 87 140 None 1038 622 65 213 None 1026 542 134 170 None 1035 471 66 191 None 896 621 77 198 None 831 604 143 196 None 404 530 85 139 None 341 606 100 136 digging 316 641 81 217 None 699 414 77 158 None
35081.jpg l_set 1657 500 91 180 None 1476 582 66 193 None 1325 447 90 167 None 983 432 80 188 None 958 526 48 178 blocking 968 550 70 227 blocking 847 479 65 244 setting 739 492 99 215 None 697 595 122 192 None 562 348 111 148 None 364 510 173 175 None 254 659 122 197 None
23575.jpg l-spike 1607 467 97 171 None 1591 608 136 181 None 1358 436 67 158 None 1164 441 86 169 None 950 520 68 273 blocking 914 474 102 264 blocking 763 558 107 197 digging 697 535 131 259 spiking 689 534 75 192 None 727 383 70 179 None 562 535 68 198 None 340 509 76 209 None
23690.jpg r-pass 1639 494 81 191 None 1326 627 104 163 None 1116 519 158 249 setting 1204 412 78 158 None 952 383 59 166 None 925 359 51 182 None 834 485 61 204 None 767 502 113 154 None 798 391 80 127 None 631 519 115 196 None 651 397 84 188 None 420 529 75 217 None
30295.jpg r_set 1507 536 80 167 None 1394 486 97 147 None 1282 607 104 179 None 1322 390 109 136 None 1143 366 57 201 setting 998 533 72 184 None 813 580 113 196 None 826 500 78 178 None 837 437 64 155 None 395 610 80 172 None 338 469 68 153 None 188 544 61 179 None
10629.jpg r-pass 430 612 88 209 None 430 465 54 189 None 646 455 133 155 None 887 435 40 174 None 871 467 49 179 None 817 559 69 187 None 958 358 77 228 setting 1142 422 96 161 None 1057 461 86 181 None 1032 558 91 180 None 1416 568 76 180 None 1609 491 53 190 None
10499.jpg r_set 283 657 108 178 None 311 533 91 188 None 482 462 77 152 None 861 496 60 174 None 860 539 77 199 None 866 612 74 182 None 1203 493 72 191 None 1178 526 112 210 setting 1307 404 123 144 None 1525 454 63 173 None 1638 588 89 102 None 1432 717 177 199 None
23535.jpg l_set 522 521 92 187 digging 193 630 110 224 None 376 494 86 196 None 546 473 65 155 None 706 335 61 140 None 858 472 68 203 None 961 437 111 164 None 992 486 76 197 None 1016 537 76 202 None 1440 377 64 176 None 1532 463 86 198 None 1576 628 87 189 None
26003.jpg r-pass 317 531 96 204 None 494 478 65 177 None 592 594 93 180 None 728 446 90 159 None 804 540 117 171 None 844 562 87 214 None 1005 462 89 154 None 990 617 118 115 None 1010 735 155 132 None 1111 516 81 194 None 1169 487 101 174 None 1542 540 93 166 None
30320.jpg r_spike 202 542 76 162 None 319 471 63 114 None 378 649 97 150 None 784 571 119 190 None 885 338 44 228 blocking 870 356 62 232 blocking 959 515 82 195 None 1110 639 140 213 None 1100 328 116 160 spiking 1263 479 103 153 None 1202 491 61 168 None 1481 513 60 144 None
10524.jpg r_spike 297 546 107 168 None 372 649 107 184 None 531 456 82 165 None 790 483 65 155 None 896 518 69 288 blocking 901 562 68 278 blocking 1126 425 82 148 None 1092 554 92 183 None 1068 595 152 210 spiking 1346 509 126 180 None 1549 571 116 127 None 1554 640 156 187 None
37245.jpg r-pass 498 491 61 166 None 629 532 91 196 None 651 620 76 188 None 616 641 95 233 None 750 671 83 229 None 791 461 95 175 None 962 679 138 198 None 1070 620 82 221 None 1173 422 78 160 None 1249 500 105 158 None 1386 726 133 176 digging 1607 611 93 167 None
23780.jpg l-pass 240 530 84 177 digging 323 593 105 231 None 438 487 126 143 None 747 503 105 168 None 904 629 75 247 None 834 663 97 230 None 1019 417 106 189 None 1029 503 83 208 None 1089 700 89 238 None 1171 581 77 228 None 1334 398 55 172 None 1377 574 94 187 None
25858.jpg r-pass 550 488 91 174 None 566 513 71 171 None 625 587 83 137 None 709 391 66 168 None 773 488 117 177 None 819 627 88 219 None 906 532 136 289 blocking 928 567 123 239 None 1122 433 117 158 None 1319 488 135 136 digging 1350 623 86 222 None 1613 551 107 149 None
35101.jpg l-spike 514 639 106 217 None 528 574 72 184 None 666 485 80 179 None 785 493 114 220 None 734 562 133 196 None 712 281 85 200 spiking 909 365 54 195 blocking 907 466 48 244 blocking 894 558 153 185 None 1330 441 70 151 None 1308 594 93 168 None 1679 535 88 168 None
37210.jpg l-spike 455 683 111 196 None 583 544 90 186 None 522 471 65 176 None 721 385 74 152 None 796 650 127 178 None 786 547 108 254 spiking 959 489 80 154 None 959 543 60 251 blocking 1383 498 77 145 None 1505 562 107 150 None 1549 660 92 206 None
23605.jpg l-pass 1386 558 77 187 None 1527 408 78 178 None 1131 424 80 153 None 956 466 125 156 None 1054 637 88 241 None 985 591 88 234 None 849 629 104 219 None 726 562 70 202 None 817 518 88 169 None 811 479 98 121 digging 585 553 76 212 None 290 510 60 225 None
25908.jpg r-pass 6 526 51 198 None 53 618 100 190 None 425 466 41 149 None 427 520 44 203 None 436 578 59 224 None 814 614 98 230 None 885 735 138 214 None 1139 617 135 215 None 908 381 66 149 None 1185 410 58 165 None 1672 470 81 174 digging
10544.jpg l-pass 1577 585 110 205 None 1384 603 95 186 None 1272 514 100 198 None 1039 658 67 208 None 1064 561 116 180 None 1032 468 95 167 None 959 653 45 228 None 902 649 93 204 None 660 453 113 153 None 497 447 124 193 setting 351 465 128 196 digging 442 630 100 215 None
25988.jpg r-pass 291 539 69 203 None 474 480 87 160 None 572 603 88 171 None 759 466 60 143 None 855 509 76 218 None 877 560 68 204 None 989 455 84 169 None 988 581 77 159 digging 1093 527 89 183 None 1165 491 104 170 None 1109 679 168 102 None 1685 516 92 163 None
10689.jpg r_spike 1586 584 79 173 None 1363 591 93 185 None 1296 582 96 216 None 1021 562 134 260 spiking 1007 611 73 211 None 1116 429 75 163 None 496 463 93 173 None 316 680 120 205 None 294 525 116 170 None 851 501 75 153 None 941 550 68 268 blocking 919 503 86 263 blocking
23650.jpg l_set 1498 455 73 178 None 1430 560 85 179 None 1317 439 81 143 None 983 583 85 188 None 955 495 67 180 None 930 412 87 156 None 805 538 79 181 None 817 391 56 254 setting 726 367 107 145 None 571 538 69 205 None 508 608 110 233 None 366 451 108 211 None
