32185.jpg r_set 156 329 60 134 None 438 407 52 201 None 478 337 46 159 blocking 984 284 80 133 None 1066 338 109 171 None 857 498 120 201 None 823 392 72 172 None 634 297 53 198 setting 682 335 88 147 None 27 430 99 181 None
28555.jpg l_set 52 433 50 164 None 159 395 72 133 None 491 412 64 148 None 502 348 45 117 digging 646 330 56 109 None 669 367 47 147 None 756 385 43 133 None 774 404 52 150 None 1058 351 52 117 None 1097 382 76 143 None 1075 447 66 143 None
23015.jpg r_spike 23 385 71 129 None 154 453 73 139 None 210 335 73 114 None 374 343 80 114 None 599 330 35 225 blocking 798 378 77 179 spiking 889 413 94 122 None 1060 366 65 141 digging 963 342 60 133 None 716 389 82 131 digging 718 334 73 103 None
28670.jpg r_set 812 491 106 176 None 894 433 85 147 None 966 339 63 130 None 1005 379 85 150 None 663 320 54 178 setting 664 398 66 141 None 1 410 72 145 None 220 359 49 85 None 210 430 52 164 None 529 356 34 148 blocking 511 387 49 154 None 488 427 49 159 None
58555.jpg l_set 177 385 96 160 None 275 506 124 202 None 309 369 57 134 None 732 444 55 166 None 723 353 68 155 None 541 389 81 169 None 977 362 57 145 None 1208 389 65 160 None 1162 487 88 172 None 440 347 57 142 digging 514 360 53 209 setting
22945.jpg r-pass 884 399 77 131 None 973 350 57 131 None 313 413 65 165 None 248 365 71 141 None 400 385 58 136 None 448 300 49 120 None 724 334 66 103 None 589 330 51 122 digging 553 388 38 144 None 543 371 55 147 None 481 398 41 147 None
28760.jpg l-spike 604 354 63 120 None 147 367 58 146 None 223 378 53 158 None 408 317 71 114 None 457 367 42 119 None 909 344 58 127 None 237 393 78 182 digging 530 357 53 215 blocking 1018 471 75 131 None 1033 381 58 146 None
35165.jpg l_set 364 322 54 167 digging 548 334 61 125 None 629 350 55 133 None 111 445 66 181 None 180 402 51 137 None 444 453 109 80 None 736 371 55 142 None 725 347 37 125 None 856 459 106 168 None 908 444 68 148 None 971 384 63 153 None 1070 371 72 144 None
34310.jpg r-pass 144 375 72 152 None 322 401 44 180 None 297 317 48 142 None 473 327 48 136 None 629 420 70 177 None 864 362 92 181 setting 818 363 70 160 digging 759 350 52 149 None 937 333 74 135 None 1218 357 60 160 None 890 443 67 181 None
29195.jpg r_spike 1 425 68 115 None 61 439 89 172 None 175 337 83 130 None 552 406 85 157 None 752 410 74 173 None 850 422 54 187 None 1000 422 86 158 None 883 343 62 157 None 915 323 98 166 spiking 1007 311 77 150 None 638 303 63 185 blocking
26980.jpg r_set 922 467 114 184 None 831 311 52 145 None 989 370 102 116 None 1074 404 120 154 None 583 406 80 127 None 553 350 44 156 spiking 220 357 58 122 None 67 381 57 139 None 75 406 71 156 None 450 419 54 148 None 478 371 57 151 blocking
44390.jpg l_set 291 472 71 167 None 387 393 71 175 setting 330 357 120 155 None 444 299 80 117 None 582 328 58 160 None 499 461 97 75 None 766 321 47 150 None 756 371 46 153 None 776 425 57 175 None 1023 330 70 142 None 1102 455 92 156 None 1242 387 32 156 None
44340.jpg l-spike 221 466 94 184 None 344 406 103 144 None 379 316 60 118 None 531 424 65 161 None 430 300 71 131 spiking 523 311 45 154 blocking 857 442 54 137 None 1004 370 58 133 None 832 347 52 103 None
35120.jpg r_spike 751 459 60 171 None 809 425 45 140 None 869 395 65 144 None 918 363 54 119 None 730 387 56 132 None 472 412 87 116 None 720 265 46 169 spiking 604 278 59 172 blocking 171 392 69 120 None 267 350 57 112 None 253 458 97 132 None
28690.jpg l-pass 108 424 60 125 digging 206 448 88 153 digging 336 377 97 127 digging 546 441 99 139 None 623 342 68 170 blocking 717 385 60 137 None 772 359 61 134 None 840 470 77 184 None 885 430 58 142 None 936 385 52 153 None 990 345 77 127 None
28870.jpg r_spike 66 450 68 164 None 103 368 55 113 None 335 377 57 147 None 363 452 79 161 None 390 402 63 139 None 1155 378 68 173 None 903 432 79 162 None 869 343 54 147 None 686 427 48 161 None 717 385 69 162 None 675 376 49 154 spiking
29020.jpg l-pass 124 387 52 118 None 318 402 80 154 None 386 302 56 160 setting 493 432 99 158 None 586 378 62 137 None 872 455 69 184 None 972 366 60 161 None 710 378 52 161 None 683 367 43 146 None 835 326 54 137 None 894 414 47 143 None
34110.jpg r-pass 179 421 57 118 None 273 418 39 135 None 1060 388 34 141 None 577 395 42 114 None 487 436 41 143 None 485 383 37 100 None 717 402 82 110 None 882 454 45 112 digging 929 472 64 128 digging 932 378 46 113 None 148 351 57 122 None
27180.jpg r_spike 174 418 109 174 None 237 311 74 139 None 451 340 82 147 None 610 361 49 205 blocking 717 282 60 168 None 745 361 60 141 None 811 343 82 188 spiking 938 416 88 148 None 999 359 78 162 digging 1085 316 107 125 None
32210.jpg r_spike 904 215 85 168 spiking 794 426 71 195 None 648 236 34 210 blocking 135 361 72 119 None 161 408 72 158 None 496 387 72 142 None 935 395 65 154 None 901 336 51 167 None 986 325 61 151 None 707 325 55 126 None 237 302 80 108 None
27085.jpg l-spike 110 374 56 150 None 258 329 103 170 spiking 443 351 50 137 digging 434 313 74 129 None 727 313 74 137 None 1046 367 60 137 None 976 437 82 129 None 958 325 49 113 None 546 294 60 217 blocking 341 448 100 137 None
34210.jpg r-pass 50 434 80 172 None 127 356 68 143 None 266 313 78 145 None 1066 430 60 150 None 821 432 68 154 None 821 375 86 131 None 727 359 70 131 None 943 322 56 197 spiking 624 415 41 154 None 651 390 50 185 None 1145 412 101 133 digging
22855.jpg r-pass 213 393 98 119 None 288 427 119 132 None 363 335 62 108 None 588 420 96 149 None 609 368 68 138 None 585 335 53 130 None 820 362 43 153 None 767 488 60 190 None 797 311 74 144 None 1102 422 68 144 digging 1095 360 82 155 None 961 411 97 163 digging
35145.jpg l-pass 251 443 82 148 None 203 396 60 135 None 344 353 58 120 None 501 450 69 73 None 657 350 38 131 None 764 382 56 131 None 746 339 56 124 None 980 368 56 120 None 970 393 73 150 None 851 426 54 129 None 876 450 94 171 None 642 348 38 111 None
22920.jpg l_set 1141 362 75 145 digging 1052 440 75 147 None 845 357 64 142 None 664 313 56 130 None 642 403 60 165 None 565 303 53 196 setting 466 379 70 159 None 406 291 51 112 None 349 324 68 138 None 225 369 98 131 None 194 455 116 177 None
32275.jpg l_set 7 427 126 186 None 140 322 90 161 None 354 322 73 158 None 475 256 77 122 None 557 305 69 220 setting 809 374 43 197 None 794 328 62 197 blocking 844 290 43 143 None 1090 289 88 158 None 1176 424 86 163 None
70160.jpg l-pass 93 426 58 150 None 317 392 54 124 None 512 461 101 150 None 634 424 43 150 None 526 362 54 124 None 568 401 43 161 None 970 459 131 148 None 999 380 69 150 None 736 357 54 133 None 813 367 47 118 None 852 500 65 171 None 276 439 47 161 digging
27140.jpg r_set 955 365 83 49 None 1006 353 103 142 None 860 398 80 148 None 637 272 66 150 spiking 681 364 91 150 None 746 447 97 176 None 82 326 55 119 None 87 393 65 168 None 430 325 60 148 blocking 422 350 46 170 None 394 393 57 162 None
32305.jpg l-spike 471 184 62 171 spiking 519 317 62 150 None 609 207 50 229 blocking 667 376 88 190 None 361 313 62 107 None 312 393 122 178 None 149 405 64 201 None 138 317 84 144 None 1009 410 77 152 None 1139 350 80 156 digging 963 283 65 139 digging
29060.jpg l_set 169 347 74 144 None 67 440 116 185 None 448 316 96 113 None 400 325 49 130 None 377 406 77 175 None 332 361 75 154 digging 801 339 43 105 None 766 376 60 156 None 801 410 77 178 None 1145 330 57 148 None 1128 452 77 167 None
20980.jpg l-spike 223 430 50 133 None 1023 469 71 141 None 1074 426 82 133 None 990 362 86 135 None 822 407 92 124 None 391 458 41 163 None 340 370 56 131 None 553 395 67 133 None 602 376 101 190 spiking 595 440 73 126 None 730 385 67 208 blocking 747 370 37 197 blocking
22930.jpg l-spike 795 348 52 126 None 1012 435 58 142 None 276 443 113 176 None 431 297 75 116 None 347 322 66 133 None 516 379 58 154 None 471 340 106 167 spiking 594 330 58 199 blocking 619 320 63 131 None 268 364 44 133 None 1079 362 55 139 None
29110.jpg l-spike 8 391 96 154 None 141 431 82 170 None 201 384 99 153 None 338 352 64 133 None 362 241 56 175 spiking 1119 385 70 148 None 1001 436 60 152 None 946 343 56 135 None 580 273 70 233 blocking 453 390 66 123 digging
44335.jpg l-spike 386 307 80 120 None 927 451 71 158 None 216 471 131 195 None 430 412 77 139 None 471 275 64 171 spiking 574 301 43 163 blocking 578 431 67 143 None 883 339 56 126 None 1067 379 54 148 None 588 317 57 154 None
28885.jpg l-pass 512 439 91 165 None 437 387 89 137 None 461 357 73 118 None 183 429 77 170 None 167 431 58 133 digging 1003 340 54 158 None 986 444 60 150 None 823 374 63 150 None 776 406 49 182 None 223 358 69 146 digging
20930.jpg r_set 145 315 56 139 None 100 431 52 173 None 72 392 69 143 None 459 408 41 161 None 647 350 37 133 None 485 371 28 154 None 736 384 60 158 None 966 430 77 169 None 1032 415 52 150 None 1070 315 58 139 None 846 323 75 100 digging
21000.jpg l-pass 174 430 64 141 None 265 376 60 124 None 374 435 72 173 digging 451 458 105 161 None 526 395 67 141 None 461 388 72 137 None 653 421 65 158 None 657 392 56 163 None 755 401 102 117 None 890 454 60 136 None 936 345 83 141 None 995 382 99 153 None
35210.jpg l-spike 230 379 90 169 None 387 348 65 120 None 514 369 58 105 None 556 380 56 146 None 539 418 58 150 None 756 393 60 120 None 657 424 50 143 None 702 446 71 171 None 1033 380 67 126 None 1088 473 92 141 None 1164 391 92 161 None
29005.jpg l-spike 292 415 65 156 None 369 350 45 126 None 552 345 52 175 None 625 292 62 178 None 642 395 75 143 None 730 322 84 141 None 806 466 96 184 None 896 421 86 154 None 1025 350 107 152 None 80 387 79 143 None 529 447 54 169 None
28945.jpg l-spike 231 427 73 167 None 322 371 75 139 None 367 348 54 122 None 507 298 54 137 None 469 391 79 161 spiking 440 412 62 126 None 664 378 62 214 blocking 956 340 90 137 None 1197 378 67 148 None 1148 485 80 143 None 701 335 58 120 None
28925.jpg l_set 134 445 131 172 None 251 394 76 137 None 304 347 52 141 None 405 427 94 174 None 452 314 94 109 None 557 328 62 197 setting 778 326 58 125 None 769 375 43 139 None 753 426 68 166 None 1042 337 68 144 None 1141 446 82 150 None
28965.jpg r-pass 766 309 116 170 setting 639 357 63 131 None 1025 333 66 144 None 1000 426 77 158 None 563 406 66 144 None 536 424 49 154 None 433 460 66 193 None 417 306 51 147 None 364 388 73 155 None 343 361 57 116 None 237 415 66 170 None 197 364 61 145 None
27100.jpg r-pass 127 424 99 150 None 202 388 101 131 None 237 334 65 126 None 257 309 50 120 None 346 361 45 161 None 502 308 86 139 None 733 390 73 150 None 845 342 67 137 None 751 286 56 146 digging
58515.jpg l-pass 605 423 83 123 digging 268 412 93 135 None 381 387 63 109 None 463 454 72 137 None 698 449 60 175 None 795 360 44 140 None 824 405 37 151 None 972 481 70 161 None 953 384 63 137 None 1075 411 70 153 None 819 470 70 166 None
50060.jpg l-pass 221 413 72 127 None 315 367 65 158 setting 407 392 66 116 None 479 356 77 110 None 486 447 80 164 None 617 397 38 134 None 709 463 71 162 None 698 399 44 123 None 716 371 51 139 None 967 455 52 127 None 940 375 38 136 None 1138 396 51 142 None
50025.jpg l-spike 143 427 50 135 None 284 409 50 141 None 318 392 58 109 None 431 449 77 160 None 516 364 62 92 None 643 340 65 169 spiking 718 325 58 167 blocking 738 381 65 118 None 735 464 43 141 None 952 461 52 114 digging 946 412 58 109 digging 1198 430 58 143 None
32155.jpg r-pass 1077 379 60 169 None 964 323 47 141 None 818 463 94 192 None 829 430 69 75 None 581 368 48 133 None 766 395 50 150 None 149 440 62 165 None 225 357 54 126 None 499 342 45 148 blocking 495 362 64 169 blocking 462 398 43 167 None
34285.jpg r_spike 946 423 65 137 None 733 362 69 133 None 794 379 55 139 None 809 385 85 172 None 884 337 52 122 None 614 326 86 213 spiking 420 351 66 110 digging 271 340 57 114 digging 116 376 72 134 None 254 426 75 156 None
50285.jpg l-pass 1104 433 61 141 None 1026 330 68 144 None 817 333 40 103 None 797 373 49 142 None 798 407 52 159 None 679 410 61 161 None 479 362 74 134 None 437 299 49 125 None 316 379 88 125 digging 196 381 77 153 None 157 424 54 175 None
35090.jpg r_set 676 369 54 133 None 571 350 67 156 setting 195 352 79 112 None 107 404 58 141 None 980 386 84 146 None 857 445 69 146 None 623 455 64 169 None 948 345 71 135 None 470 373 32 143 None 454 419 56 152 None 120 438 97 151 None
34240.jpg r_set 5 377 107 158 None 211 334 64 135 None 399 332 43 152 None 458 418 50 182 None 495 385 58 172 None 640 351 47 154 None 787 475 96 207 None 791 332 45 156 None 825 314 62 160 None 999 408 78 154 None 1025 332 62 186 setting
20890.jpg r-pass 1026 440 63 110 digging 935 438 99 133 digging 944 328 68 125 None 736 376 52 151 None 682 314 60 125 None 569 368 60 120 None 140 410 69 116 None 265 401 49 128 None 461 350 35 133 None 479 368 54 147 blocking 462 406 55 153 None
28630.jpg r-pass 21 415 51 142 None 283 409 54 129 None 338 432 77 144 None 365 375 56 129 None 408 359 37 125 None 467 425 45 140 None 738 434 66 131 None 612 389 63 125 None 916 392 79 119 None 850 411 62 65 digging 161 344 32 115 None
21050.jpg l_set 622 368 52 159 None 178 494 89 189 None 304 430 94 164 None 284 319 52 199 setting 244 351 88 145 None 381 311 63 113 None 753 331 44 97 None 749 390 52 148 None 738 438 63 158 None 1051 350 71 125 None 1127 469 106 156 None
28460.jpg r_set 1062 376 88 144 None 966 419 71 151 None 823 398 88 158 None 623 402 49 137 None 628 356 38 141 None 907 277 52 181 spiking 290 392 57 153 None 149 353 46 125 None 178 368 66 148 None 496 357 52 139 None 512 384 48 156 None 459 415 57 164 None
44185.jpg l-spike 929 495 77 113 None 975 407 63 116 None 859 379 54 99 None 656 368 43 114 None 578 388 41 178 blocking 586 376 30 170 blocking 186 444 61 114 None 375 430 40 120 None 416 373 63 116 None 411 388 61 178 spiking 524 379 30 110 None 495 348 46 108 None
44325.jpg l_set 414 314 96 107 None 8 347 85 117 None 1037 466 85 145 None 695 432 57 159 None 690 373 60 142 None 702 328 46 85 None 990 351 57 120 None 541 323 57 208 setting 544 345 68 137 None 266 494 76 183 None 1205 397 71 148 None
26945.jpg r-pass 40 408 58 124 None 223 357 44 111 None 340 360 32 99 None 509 363 39 100 None 545 384 33 115 None 570 371 44 115 blocking 652 389 35 116 None 680 429 61 128 None 1044 436 52 115 None 1013 400 43 94 None 1051 399 39 117 None 960 382 47 77 None
28795.jpg r-pass 793 475 133 72 None 862 338 77 126 None 985 356 60 142 None 587 444 123 72 None 522 448 77 168 None 527 412 67 161 None 399 360 49 142 None 408 342 56 128 None 291 396 72 156 None 269 429 62 165 None 152 369 56 142 None 28 374 65 142 None
44285.jpg l-pass 147 386 121 126 None 406 454 81 169 None 519 363 70 146 None 576 343 74 117 None 1162 386 45 162 None 1015 437 40 153 None 756 442 60 171 None 749 393 38 157 None 792 370 38 153 None 601 433 106 146 None 238 339 92 135 digging
28420.jpg r-pass 12 393 73 135 None 415 431 50 158 None 494 382 47 131 None 376 384 56 116 None 941 365 56 126 None 833 353 94 111 None 719 432 56 97 digging 611 417 54 124 digging 406 346 43 109 None 220 374 56 92 None 178 440 80 160 None
28730.jpg l_set 47 467 119 159 None 189 370 102 142 None 580 359 71 137 None 1104 379 57 161 None 1003 336 61 131 None 1025 436 69 142 None 753 340 41 125 None 716 370 60 110 None 730 413 58 167 None 440 350 51 133 None 478 333 86 100 None 479 339 66 201 setting
28820.jpg r-pass 997 345 71 164 digging 877 314 82 159 None 805 413 74 128 None 656 460 99 74 None 684 450 125 195 None 567 390 57 170 None 420 325 35 154 None 397 354 44 172 None 360 387 51 184 None 93 412 91 178 None 59 334 44 144 None 25 353 82 162 None
27230.jpg l-spike 1099 361 77 160 None 631 302 60 190 blocking 712 297 77 135 None 775 325 62 131 None 795 382 77 135 None 746 406 92 158 None 51 353 67 146 None 209 385 73 165 None 320 353 65 139 None 471 314 65 148 None 532 317 80 173 spiking 538 337 54 178 spiking
44355.jpg l-pass 3 427 127 106 digging 140 368 74 117 None 338 466 80 159 None 443 340 66 106 None 494 365 43 145 None 585 333 41 108 None 564 358 38 154 None 563 428 85 158 None 816 429 68 144 None 847 403 82 68 None 1006 365 61 145 None
28680.jpg r_spike 7 416 77 141 None 142 458 108 148 None 252 363 65 117 None 558 361 41 167 blocking 515 440 54 156 None 650 322 85 170 spiking 712 362 41 142 None 824 488 86 182 None 882 440 92 142 None 927 390 65 131 None 966 316 57 134 None
58385.jpg l_set 216 455 53 153 None 292 418 56 112 None 403 364 63 104 None 321 528 102 163 None 574 389 70 182 setting 673 429 44 128 blocking 693 490 58 130 None 701 397 42 126 None 881 407 57 119 None 1121 449 58 151 None 470 451 86 139 None 1000 504 71 140 None
58465.jpg r_set 753 352 52 165 setting 806 407 76 130 None 935 449 44 153 None 1019 402 85 142 None 764 536 132 163 None 648 446 81 151 None 291 461 53 160 None 478 462 58 177 blocking 508 428 42 142 blocking 526 374 33 130 blocking 224 400 55 114 None 113 454 68 142 None
22815.jpg r_set 565 381 43 150 digging 911 434 97 178 None 983 418 99 146 None 949 320 73 129 None 762 275 45 137 None 687 382 80 154 None 478 397 62 167 blocking 502 378 39 169 blocking 157 441 58 156 None 85 373 75 139 None 147 317 69 137 None 471 342 41 126 blocking
50105.jpg l-spike 555 397 47 131 None 454 387 58 127 None 404 372 62 115 None 285 373 49 123 None 18 369 84 140 None 778 419 60 152 None 631 296 39 168 blocking 898 351 56 141 None 998 459 77 133 None 1079 403 58 133 None 484 274 47 139 spiking
27030.jpg l-pass 525 425 81 151 None 169 390 72 161 None 274 354 57 126 None 1016 407 46 145 None 344 316 43 109 digging 813 318 40 147 None 782 361 30 131 None 795 400 47 156 None 882 344 46 132 None 595 308 44 114 None 1228 375 49 156 None 560 337 42 145 None
27195.jpg r-pass 80 396 79 115 None 267 332 100 116 None 296 426 58 140 None 492 353 88 117 None 666 365 55 195 None 966 418 58 135 digging 800 396 52 155 None 781 360 84 136 None 761 335 50 99 None 1093 391 72 155 None 1061 330 63 122 None
22885.jpg l-pass 579 408 96 155 None 464 321 64 182 setting 398 307 69 129 None 310 434 75 172 None 318 342 53 134 None 348 376 53 139 None 753 361 53 161 None 745 323 48 134 None 909 479 80 188 None 857 401 75 161 None 1107 420 59 161 None 1226 351 53 161 None
58495.jpg r_spike 209 421 90 126 digging 584 378 58 129 None 270 468 90 143 None 336 392 65 101 None 646 367 41 237 blocking 1017 414 45 143 None 880 392 56 129 None 907 470 52 135 None 775 412 47 129 None 786 351 55 198 spiking 797 419 52 182 None
35065.jpg r-pass 91 416 65 122 None 122 342 58 117 None 203 418 66 142 None 426 423 51 150 None 511 393 46 117 None 644 495 137 100 None 435 388 51 110 None 712 388 69 120 None 904 438 49 139 None 1004 373 30 133 None 891 367 52 113 None
32240.jpg l-pass 677 378 85 161 None 265 392 65 178 None 248 372 131 117 None 806 289 74 137 None 814 319 96 120 None 942 402 52 189 None 975 330 52 156 None 998 295 43 150 None 1122 342 90 159 None 1242 399 34 168 None 380 305 107 137 None
58425.jpg r-pass 230 429 56 110 None 280 488 61 140 None 367 438 53 150 None 399 497 79 115 None 413 370 63 120 None 507 423 34 180 blocking 587 424 42 127 None 691 401 96 92 None 870 426 73 75 None 889 472 67 142 setting
34340.jpg r_spike 1125 357 117 148 None 1032 314 103 114 None 874 467 117 202 None 843 390 44 160 None 687 362 60 147 None 662 295 54 169 spiking 490 412 75 152 None 110 376 66 145 None 205 413 85 167 None 558 319 44 139 None 583 331 50 192 blocking 277 324 70 121 digging
26990.jpg l-pass 286 381 49 102 None 89 396 69 130 None 123 416 65 147 None 472 426 63 150 None 943 367 66 117 None 796 331 58 127 None 608 331 72 162 None 837 466 82 182 None 592 317 52 175 None 1030 389 116 153 None 506 370 46 151 digging
22780.jpg r-pass 1 322 54 139 None 151 368 60 124 None 264 384 45 137 None 550 357 50 111 None 672 308 58 118 None 731 366 43 135 None 890 319 54 114 None 1005 424 82 111 None 897 419 75 131 digging 440 387 75 144 blocking 474 345 48 152 blocking
34185.jpg r_spike 161 345 97 104 None 7 365 58 123 None 547 339 36 231 blocking 743 375 114 177 spiking 710 341 53 133 None 1077 361 60 142 None 937 495 69 158 None 835 396 58 133 None
28340.jpg l-pass 998 429 46 118 None 830 403 46 126 None 812 380 34 118 None 780 384 46 137 blocking 1214 394 53 130 None 1193 357 81 121 None 705 387 49 154 None 560 375 49 114 None 318 430 53 114 digging 183 402 48 123 None 441 342 37 102 None 347 384 55 98 None
44125.jpg l-pass 238 467 67 86 digging 458 394 61 79 None 580 443 57 112 None 436 460 61 113 None 269 403 46 93 None 877 439 40 107 None 868 378 40 95 None 679 421 43 114 blocking 707 396 50 100 None 706 379 39 98 None 1056 424 40 100 None 406 359 30 88 None
50320.jpg l_set 1142 392 72 141 None 899 334 66 134 None 981 426 80 131 None 659 413 48 151 blocking 659 368 51 119 blocking 677 325 48 130 None 533 316 61 182 setting 366 404 77 162 None 25 435 133 178 None 126 382 105 125 None 268 348 54 123 None 375 299 77 110 None
27185.jpg r_spike 953 406 65 150 None 228 416 86 156 None 471 354 86 119 None 265 319 48 117 None 808 345 62 178 None 758 361 57 133 None 726 306 63 127 None 1040 376 61 154 None 2 390 89 131 None 1090 328 77 120 None 629 334 49 181 None
50240.jpg r-pass 502 427 75 164 None 239 361 46 128 None 699 378 43 144 None 933 421 69 158 digging 1026 286 52 119 None 853 311 58 122 None 1079 415 49 147 None 1091 353 55 147 None 189 429 69 153 None 180 419 57 131 None 476 376 54 137 None 454 345 57 116 None
34280.jpg r_spike 140 438 126 148 None 938 436 129 133 None 422 345 41 120 None 258 339 84 109 None 92 373 71 133 None 783 393 122 175 spiking 777 379 67 141 None 716 362 65 131 None 877 319 45 139 None 581 314 86 233 blocking
28400.jpg l-spike 443 333 65 111 None 392 452 91 154 None 447 471 79 162 None 329 311 75 147 spiking 273 364 65 111 None 888 348 65 117 None 1040 384 49 127 None 856 444 57 117 None 603 444 60 139 None 572 334 40 167 blocking 598 353 35 147 None
28610.jpg l-spike 111 409 54 132 None 897 357 65 122 None 935 469 84 128 None 644 382 82 122 None 464 346 57 116 None 443 397 61 103 digging 366 420 59 123 None 252 375 88 167 spiking 299 322 33 96 None 542 376 39 182 blocking 1027 399 58 127 None
22975.jpg r-pass 119 362 47 145 None 244 314 58 133 None 281 383 57 145 None 397 399 49 158 None 502 368 36 142 None 497 336 42 113 None 607 307 46 144 None 668 370 49 153 None 699 423 68 160 None 783 322 53 126 digging 879 389 61 138 None 961 340 53 130 None
58410.jpg l-spike 748 395 83 94 None 931 418 49 110 None 930 494 72 130 None 597 407 54 106 None 447 422 58 162 None 289 467 48 136 None 318 419 58 96 None 407 384 58 199 spiking 543 387 52 212 blocking
28375.jpg l_set 230 392 83 131 None 463 443 72 159 None 468 331 55 104 None 45 482 83 69 None 322 361 88 118 None 1022 371 68 128 None 758 446 49 149 None 758 392 54 124 None 628 377 46 192 setting 975 449 69 123 None 1236 407 41 139 None 786 364 37 122 None
29165.jpg r_set 79 425 71 180 None 185 346 53 134 None 482 297 57 170 blocking 492 352 49 170 None 462 397 49 175 None 597 354 39 162 None 651 315 58 175 setting 717 398 100 180 None 877 427 70 155 None 936 315 64 152 None 1059 370 133 159 None
34145.jpg r_set 929 477 110 177 None 1 436 42 180 None 66 322 60 147 None 632 364 51 123 None 946 365 83 162 None 357 423 58 169 None 371 376 47 162 None 798 502 69 145 None 745 314 55 177 setting
29130.jpg r-pass 229 388 67 153 None 69 415 58 170 None 968 365 88 135 None 732 388 76 109 None 347 357 41 149 None 212 347 55 130 None 251 329 56 125 None 470 316 53 165 blocking 781 431 123 105 digging
31650.jpg l_winpoint 977 307 66 172 None 899 347 92 196 None 805 244 76 182 None 736 282 60 170 None 726 253 90 163 None 1241 298 38 199 None 378 250 67 217 None 267 312 151 192 None 189 311 119 194 None 286 296 51 165 None 328 275 97 165 None
35265.jpg l_winpoint 456 323 50 203 None 399 417 57 165 None 403 363 58 131 None 314 352 41 148 None 287 375 43 169 None 273 352 44 167 None 1124 363 60 161 None 1019 333 51 153 None 1035 412 32 157 None 781 433 64 189 None 774 360 41 139 None 694 394 67 155 None
51000.jpg r_winpoint 360 403 74 92 None 752 408 44 163 None 715 428 47 164 None 606 361 68 130 None 925 433 104 161 None 864 389 49 142 None 957 323 41 124 None 1040 328 86 172 None 1139 437 72 162 None 1140 407 71 137 None 221 381 60 139 None 226 450 82 157 None
51645.jpg l_winpoint 345 380 87 148 None 420 394 74 144 None 454 372 54 141 None 475 396 92 142 None 542 381 67 139 None 530 345 74 143 None 743 410 48 151 None 797 471 70 180 None 845 400 60 135 None 968 427 45 143 None 989 355 56 149 None 1155 371 76 146 None
50385.jpg l_winpoint 43 335 72 155 None 159 321 49 157 None 138 342 121 220 None 64 377 111 180 None 41 361 46 171 None 342 310 55 157 None 393 315 77 153 None 434 403 91 188 None 684 393 69 165 None 709 283 47 154 None 864 363 67 174 None
44970.jpg r_winpoint 1122 496 72 145 None 1123 398 62 119 None 849 448 90 155 None 862 410 90 136 None 907 370 38 135 None 611 432 60 147 None 554 383 46 134 None 501 342 42 111 None 366 428 87 65 None 260 424 78 144 None 420 492 70 165 None
37470.jpg l_winpoint 103 332 50 152 None 125 305 102 165 None 98 362 111 163 None 199 349 112 166 None 274 321 52 149 None 318 322 50 167 None 710 353 65 150 None 742 365 60 163 None 840 281 49 145 None 795 439 66 196 None 961 387 57 158 None 1123 311 73 162 None
45660.jpg r_winpoint 1082 410 55 145 None 812 445 72 167 None 903 358 73 140 None 928 295 48 135 None 857 317 62 165 None 812 358 62 163 None 644 315 51 152 None 640 290 54 172 None 510 366 72 141 None 288 430 60 163 None 297 322 44 135 None 92 403 65 164 None
34395.jpg l_winpoint 1079 354 48 159 None 961 400 62 156 None 920 305 39 153 None 831 403 69 179 None 685 361 55 160 None 704 351 59 147 None 545 326 55 148 None 459 302 58 122 None 437 348 59 164 None 408 308 39 146 None 142 411 84 177 None 165 353 89 152 None
43710.jpg r_winpoint 92 337 82 153 None 285 337 66 148 None 251 386 102 155 None 392 312 76 149 None 451 342 58 170 None 454 393 83 166 None 610 395 46 148 None 658 319 69 159 None 744 341 65 144 None 792 367 98 156 None 789 406 69 183 None 1145 404 73 164 None
38670.jpg l_winpoint 53 341 58 141 None 206 353 57 160 None 255 312 69 159 None 295 371 59 167 None 397 337 61 139 None 380 390 76 182 None 540 313 44 158 None 485 313 82 132 None 704 354 63 89 None 902 370 75 160 None 997 327 50 135 None 756 432 66 185 None
48990.jpg l_winpoint 1012 412 60 170 None 1053 337 53 154 None 967 403 57 162 None 588 382 73 153 None 607 355 71 152 None 555 349 78 134 None 534 388 63 135 None 490 367 70 136 None 275 445 102 163 None
43185.jpg l_winpoint 788 350 47 140 None 626 401 55 146 None 610 313 46 122 None 418 411 81 173 None 345 349 59 153 None 363 310 44 147 None 215 330 41 137 None 133 323 76 132 None 69 378 92 168 None 34 347 74 162 None 70 350 47 147 None 4 442 90 169 None
49440.jpg r_winpoint 1154 430 79 190 None 962 471 127 172 None 1092 392 82 148 None 1116 370 106 137 None 989 402 79 162 None 825 430 57 177 None 800 441 49 175 None 666 350 52 142 None 486 433 72 165 None 490 381 90 109 None 205 415 53 160 None
33000.jpg l_winpoint 994 315 52 151 None 809 344 57 99 None 750 353 56 151 None 686 388 68 191 None 616 336 78 111 None 578 307 48 151 None 353 375 115 174 None 353 328 55 162 None 338 313 46 142 None 352 293 47 137 None 276 329 60 163 None 132 358 142 170 None
