26165.jpg l-spike 1007 495 34 87 None 834 439 73 81 None 816 523 70 105 None 641 402 34 114 blocking 640 389 24 127 blocking 639 367 36 114 blocking 569 455 33 99 None 554 376 38 97 spiking 508 452 57 68 None 454 417 45 86 None 525 526 49 94 None 289 539 53 116 None
47545.jpg l-spike 966 442 38 87 None 877 476 42 86 None 810 417 52 81 None 740 513 65 108 None 711 440 55 96 None 690 397 56 91 None 575 435 39 107 None 514 374 47 101 setting 445 447 40 96 None 520 535 47 123 None 274 526 40 113 None 231 521 48 105 None
15560.jpg l-pass 896 487 29 92 None 865 447 32 98 None 731 538 36 108 None 716 500 49 91 None 709 459 21 97 None 727 450 36 94 None 640 524 45 102 None 616 452 40 87 None 581 505 45 91 None 400 523 126 59 None 478 481 48 71 None 400 540 45 97 None
58350.jpg l-pass 840 445 46 82 None 802 484 38 99 None 728 517 68 101 None 761 449 38 95 None 764 411 51 86 None 717 481 27 99 None 634 512 37 89 digging 645 419 35 73 None 607 416 38 69 None 358 515 50 103 None 359 476 60 54 None 292 471 46 70 None
15510.jpg r_set 248 516 37 95 None 331 571 64 99 None 327 441 39 88 None 571 473 29 95 blocking 561 507 37 90 None 558 539 49 102 None 630 420 40 119 setting 679 503 59 85 None 847 439 48 74 None 852 474 39 75 None 856 498 59 84 None 842 584 86 104 None
27000.jpg r_spike 961 424 33 83 None 922 464 39 100 None 783 504 38 88 None 650 505 43 92 None 661 492 59 91 None 688 414 47 112 spiking 561 508 65 99 None 607 412 23 140 blocking 607 407 35 125 blocking 374 535 51 114 None 300 504 69 104 None 329 467 63 62 None
58305.jpg r_spike 379 485 40 84 None 472 430 40 71 digging 449 517 66 98 None 710 387 31 114 blocking 718 408 25 127 blocking 653 540 84 98 None 746 494 40 98 None 827 450 57 88 None 881 445 29 80 None 863 478 43 98 None 838 366 53 93 spiking 810 551 43 107 None
26945.jpg r-pass 225 508 50 85 None 399 470 46 103 None 435 520 58 111 None 446 511 42 85 None 503 459 37 102 None 464 411 50 90 None 577 490 45 138 None 577 458 45 103 None 692 435 64 75 None 808 473 45 80 None 858 468 47 91 digging 855 552 57 91 None
58095.jpg r-pass 259 431 39 74 None 302 489 46 100 None 307 442 28 92 None 512 494 26 108 None 504 450 19 99 None 517 469 29 104 None 578 463 38 89 None 673 495 69 100 None 769 447 33 118 setting 778 435 27 82 None 819 520 47 88 None 914 406 28 89 None
47370.jpg l-pass 424 459 33 98 None 483 442 38 73 digging 539 465 31 111 None 459 517 44 115 None 577 387 59 78 None 693 480 57 99 None 787 426 24 107 None 816 447 31 101 None 806 408 30 97 None 944 460 33 97 None 1027 450 35 94 None 1091 423 45 106 None
58135.jpg r_set 872 418 56 76 None 861 483 49 94 None 806 454 37 79 None 860 560 43 95 None 725 423 36 105 setting 727 499 54 102 None 593 529 39 98 None 597 483 32 98 None 594 444 36 89 None 391 454 39 69 digging 357 528 69 92 None 293 466 41 86 None
26905.jpg l_set 978 459 39 101 None 907 528 59 96 None 836 437 35 93 None 691 419 29 94 None 677 479 36 100 None 692 528 40 104 None 616 449 42 97 None 559 438 41 122 setting 454 408 40 61 None 433 456 47 49 None 387 475 47 85 None 257 551 83 111 None
15480.jpg r-pass 170 522 32 103 None 173 461 49 81 None 259 542 41 110 None 470 488 37 108 None 482 501 32 110 None 479 533 33 108 None 562 502 41 91 None 693 529 48 114 None 813 513 41 86 digging 809 485 34 71 digging 850 548 33 92 None 882 435 34 84 None
23895.jpg l-spike 264 458 30 99 None 364 436 38 99 None 453 360 59 106 spiking 367 489 52 87 None 514 470 35 103 None 422 549 58 122 None 659 491 43 94 None 593 365 33 114 blocking 595 377 29 117 blocking 862 522 47 91 None 920 495 45 90 None 866 426 38 84 digging
27035.jpg r-pass 930 499 37 93 None 881 442 47 79 None 785 493 45 89 digging 700 537 72 93 None 733 489 36 97 None 651 501 32 97 None 574 518 52 95 None 600 462 38 92 None 599 449 30 93 None 441 469 32 68 None 342 535 41 117 None 288 494 33 109 None
15620.jpg l-pass 862 451 48 86 None 851 486 44 83 None 819 522 39 105 None 689 551 40 102 None 675 494 44 106 None 650 458 47 89 None 603 476 31 91 None 567 513 43 104 None 528 486 53 92 None 542 432 37 89 None 425 587 96 99 digging 367 491 55 93 None
15650.jpg r-pass 921 429 43 86 None 868 498 33 100 None 795 568 51 108 None 735 493 44 103 None 732 484 41 67 digging 600 450 31 92 None 545 597 54 121 None 551 517 34 104 None 555 474 31 106 None 554 447 26 94 None 462 457 28 95 None 254 497 42 93 None
23915.jpg r-pass 217 444 41 94 None 343 435 33 100 None 314 487 46 93 None 464 461 36 105 None 410 532 64 115 None 507 418 38 77 None 540 411 35 88 None 549 425 36 79 None 648 495 48 96 None 806 518 39 94 digging 863 530 72 63 None 817 436 53 67 None
47580.jpg l-pass 838 534 75 106 None 859 439 26 90 None 802 426 49 82 None 753 457 45 94 None 688 420 33 97 None 696 406 39 93 None 546 520 57 104 None 555 454 49 104 None 541 418 44 91 None 368 468 41 119 setting 298 473 44 80 None 245 500 38 99 digging
26275.jpg r-pass 957 544 34 112 digging 943 540 51 42 None 838 458 53 84 None 692 466 34 100 None 628 536 27 121 None 623 518 52 122 None 564 578 44 80 None 500 529 38 96 None 542 482 43 99 None 504 426 31 86 None 383 469 39 104 None 315 521 62 90 None
23960.jpg r_set 927 469 33 92 None 848 511 86 98 None 813 559 65 114 None 779 409 34 128 setting 728 391 41 61 None 648 442 31 95 None 567 517 38 114 None 579 470 36 100 None 535 452 34 91 None 412 409 48 86 None 362 434 38 94 None 330 520 49 108 None
41280.jpg r_spike 295 517 57 76 None 445 437 30 70 None 459 536 55 86 None 668 403 21 102 blocking 669 409 20 91 blocking 665 410 23 106 blocking 727 471 43 72 None 788 467 40 60 None 787 498 33 76 None 954 470 40 77 None 900 492 36 89 None 802 394 35 78 spiking
26935.jpg l-spike 296 490 55 84 None 427 490 46 128 spiking 444 466 41 87 None 485 511 41 87 None 542 459 41 100 None 490 407 41 86 None 626 454 26 99 None 612 484 36 141 blocking 663 434 69 76 None 841 465 43 87 None 898 466 49 90 None 896 560 56 88 None
58160.jpg r_spike 826 372 41 89 spiking 703 383 21 132 blocking 815 462 54 62 None 643 525 50 91 None 444 431 35 70 None 331 486 49 86 None 443 517 65 100 None 959 481 34 102 None 874 491 46 93 None 792 556 52 103 None 738 513 37 107 None
47420.jpg l_set 993 462 38 98 None 867 419 36 90 None 834 513 53 88 None 666 480 29 104 None 647 444 38 95 None 656 405 31 84 None 532 392 35 122 setting 518 407 34 115 None 465 390 38 77 None 388 415 27 82 None 364 458 30 98 None 281 554 76 111 None
47480.jpg l-pass 895 460 42 75 None 694 439 40 72 None 687 517 29 106 None 564 481 54 91 None 510 549 52 96 None 510 537 41 106 None 448 519 49 109 None 432 446 59 112 digging 461 427 32 83 digging 358 514 43 106 None 310 442 36 96 None 279 504 32 95 None
58385.jpg l-spike 929 470 37 77 None 841 489 44 100 None 811 429 44 87 None 695 508 47 96 None 645 389 21 122 blocking 645 367 27 121 blocking 534 366 56 89 spiking 510 440 59 86 None 564 502 67 73 None 428 451 33 90 None 347 512 61 109 None 330 434 38 84 None
26795.jpg r-pass 201 517 54 81 None 350 462 44 104 None 399 472 31 91 None 519 495 33 104 None 548 462 27 112 None 552 449 34 92 None 622 454 67 87 None 745 404 42 87 None 761 424 34 79 None 853 461 48 76 digging 900 487 45 56 digging 911 529 52 90 None
26260.jpg l-spike 903 544 49 109 None 935 494 59 80 None 849 460 50 80 None 704 453 33 85 None 652 500 31 136 blocking 646 488 30 143 blocking 551 481 46 100 None 538 526 42 97 None 462 516 71 113 spiking 410 501 59 82 None 411 459 42 99 None 522 416 26 85 None
23860.jpg l_set 961 473 29 86 None 936 516 56 104 None 913 433 26 101 None 674 419 30 93 None 661 456 28 104 None 677 508 27 121 None 558 488 43 118 None 464 443 41 106 setting 402 440 30 105 None 352 400 35 87 None 308 518 39 114 None 380 589 72 116 None
26835.jpg r_set 936 469 60 73 None 884 481 45 88 None 857 555 84 103 None 767 404 40 76 None 720 462 35 92 None 694 399 35 112 setting 579 506 51 102 digging 589 460 35 98 None 593 433 32 97 None 366 455 44 71 None 308 533 60 108 None 288 492 49 106 None
58250.jpg r-pass 280 495 50 77 None 387 423 32 91 None 346 510 33 107 None 571 439 25 99 None 553 466 38 103 None 562 502 31 107 None 616 439 42 82 None 740 465 51 99 None 821 428 31 96 setting 870 426 53 84 None 910 466 52 90 None 805 549 37 102 None
41205.jpg r-pass 770 548 80 45 None 799 484 27 73 None 809 472 24 60 None 856 433 34 76 None 691 509 34 95 None 581 483 40 65 None 528 508 22 93 None 530 485 24 90 None 521 471 21 81 None 341 449 42 65 None 319 514 40 85 None 317 490 26 83 None
15585.jpg l-pass 272 559 61 111 None 416 533 78 62 None 535 504 35 91 None 596 514 41 91 None 492 488 72 60 digging 521 439 36 59 None 663 467 22 88 None 683 458 31 90 None 664 531 47 97 None 729 503 30 102 None 828 455 34 97 None 868 494 27 86 None
15680.jpg r_set 846 567 66 98 None 879 477 65 80 None 887 417 42 79 None 794 445 29 82 None 713 447 55 112 None 656 398 42 106 setting 620 432 26 104 blocking 605 470 35 106 None 603 506 44 99 None 471 528 57 111 None 419 434 47 84 None 296 494 43 88 None
15535.jpg r_spike 366 505 36 85 digging 444 451 46 87 None 435 542 46 102 None 689 458 24 110 blocking 683 516 43 93 None 652 545 68 105 None 720 478 27 93 None 727 443 38 75 None 808 465 69 118 spiking 848 440 40 84 None 786 568 57 110 None 894 487 39 88 None
58280.jpg r_set 343 480 48 78 None 443 454 40 76 None 399 537 72 86 None 628 528 37 99 None 627 480 36 82 None 634 452 30 92 None 718 409 36 106 setting 761 487 52 87 None 908 471 75 80 None 864 447 33 77 None 893 427 38 73 None 865 579 76 103 None
26065.jpg l-pass 438 538 51 111 None 421 484 51 86 None 535 471 58 81 digging 684 427 45 81 None 741 510 32 110 blocking 726 528 47 95 blocking 795 422 37 99 None 872 442 35 90 None 821 517 55 113 None 792 495 34 98 None 783 564 41 100 None 1010 521 37 92 None
26125.jpg l_set 994 482 31 88 None 929 531 50 112 None 913 446 54 93 None 721 496 39 98 None 711 452 27 99 None 712 422 28 92 None 538 555 53 118 None 561 493 44 110 None 519 457 30 86 None 465 399 43 75 None 420 399 32 99 setting 211 558 66 114 None
23815.jpg l-pass 996 467 46 104 None 888 521 36 106 None 906 480 29 88 None 801 413 35 95 None 717 526 30 114 None 717 490 37 115 None 676 533 26 108 None 659 522 41 111 None 566 520 55 100 digging 477 420 37 91 None 388 501 59 91 None 322 435 34 76 None
41245.jpg r_set 320 489 43 81 None 433 436 26 78 None 392 538 60 76 None 610 455 26 78 None 605 476 30 76 None 602 516 38 87 None 718 490 39 91 None 803 456 36 89 setting 864 431 37 70 None 877 457 28 68 None 887 478 30 86 None 859 532 41 88 None
23705.jpg r-pass 913 556 53 119 None 909 509 37 98 None 896 464 31 91 None 827 418 41 92 digging 727 471 34 104 None 628 430 55 74 None 519 497 29 107 None 531 451 25 98 None 522 438 34 94 None 380 475 31 98 None 300 471 49 105 None 169 459 49 104 None
26955.jpg r-pass 814 537 52 104 None 838 451 39 96 None 766 479 49 72 None 690 423 55 80 None 537 469 37 97 digging 539 543 38 100 None 466 459 34 103 None 452 420 30 83 None 428 548 49 90 None 408 512 43 89 None 355 477 32 100 None 170 520 42 89 None
26865.jpg l-pass 349 487 38 106 None 414 517 43 110 None 449 450 58 57 None 599 415 87 80 digging 649 467 59 94 None 658 489 51 106 None 738 486 39 79 None 743 406 34 95 None 775 438 60 92 None 842 502 43 94 None 769 552 49 110 None 1001 453 29 106 None
41370.jpg l-spike 841 510 54 88 None 882 483 33 74 None 750 436 57 69 None 646 497 40 81 None 626 409 19 97 blocking 630 389 18 104 blocking 549 439 30 73 None 553 385 42 78 spiking 508 454 40 85 None 331 447 44 79 None 325 535 43 97 None 248 500 38 61 None
26225.jpg l_set 271 540 49 115 None 468 434 37 93 None 515 411 45 73 None 600 450 32 86 None 598 440 35 122 setting 597 481 49 101 None 681 417 24 97 None 672 453 31 88 None 686 485 31 98 None 810 506 34 113 None 838 438 38 94 None 930 478 36 87 None
47505.jpg l-pass 322 521 61 95 None 352 494 53 108 spiking 403 450 50 95 None 491 403 39 87 None 525 450 38 103 None 447 540 57 126 None 601 500 41 111 None 602 430 26 98 None 688 571 71 120 None 760 495 36 99 None 743 420 40 91 None 974 456 49 80 None
23795.jpg r_spike 305 438 39 70 digging 325 498 75 81 None 458 414 72 84 None 634 495 61 108 None 680 447 45 125 blocking 681 448 43 138 blocking 690 460 30 137 blocking 742 511 66 92 None 751 450 88 151 spiking 820 398 35 86 None 889 522 55 94 None 892 487 45 65 None
47620.jpg l_set 244 474 31 97 None 281 559 56 118 None 344 473 27 109 None 359 446 31 93 None 403 393 37 75 None 500 437 46 113 setting 624 508 51 107 None 604 456 28 103 None 610 412 33 98 None 745 416 39 94 None 842 509 39 93 None 908 452 59 85 None
27085.jpg r_set 876 481 72 77 None 891 529 44 104 None 819 585 69 105 None 734 458 39 118 setting 749 411 34 116 setting 724 426 36 79 None 584 516 48 100 None 588 466 32 108 None 598 440 31 81 None 343 513 35 118 None 348 440 32 80 None 286 475 42 100 None
58215.jpg l-pass 898 467 32 95 None 834 455 49 78 None 776 465 49 97 None 767 418 30 86 None 737 511 31 98 None 691 453 24 100 None 602 416 35 75 None 550 414 32 62 None 524 503 65 98 digging 401 515 45 107 None 334 468 47 83 None 406 452 53 36 None
23755.jpg r_set 929 556 55 119 None 963 480 32 92 None 908 431 28 79 None 849 454 38 116 setting 829 373 32 79 None 700 474 38 106 None 565 499 36 114 None 579 451 22 107 None 586 423 26 91 None 372 413 34 100 None 310 493 38 111 None 243 455 36 99 None
23990.jpg r_spike 343 462 45 95 None 478 420 38 79 None 406 520 59 99 None 572 507 61 108 None 661 370 33 130 blocking 737 367 39 93 spiking 713 454 50 90 None 742 516 49 110 None 826 447 43 74 None 873 468 42 93 None 885 517 44 99 None
25990.jpg r-pass 909 525 45 93 None 890 489 39 75 digging 838 447 44 86 None 756 428 33 85 None 764 405 52 81 None 621 458 67 83 None 531 462 24 112 None 541 452 24 94 None 478 492 36 99 None 344 456 56 86 None 325 464 38 100 None 172 529 47 99 None
41350.jpg l_set 879 493 26 95 None 871 472 29 71 None 803 426 33 77 None 688 436 27 76 None 671 489 24 79 None 663 448 25 80 None 586 398 34 94 setting 540 411 40 55 None 514 436 26 76 None 351 444 32 80 None 264 507 72 53 None 277 547 44 91 None
27110.jpg r_spike 306 482 79 75 None 436 455 49 61 None 347 534 76 95 None 636 465 34 84 None 670 489 43 133 blocking 667 462 29 143 blocking 705 411 40 85 None 737 457 41 87 None 843 452 31 80 None 792 498 40 104 None 750 512 67 98 spiking 849 544 47 92 None
47565.jpg r_spike 251 477 36 85 None 236 506 40 105 None 379 467 40 106 None 524 404 44 87 None 562 444 35 105 None 526 518 44 115 None 669 383 47 97 spiking 702 417 34 91 None 740 441 37 102 None 783 512 50 113 None 821 462 73 69 None 800 436 59 70 None
26025.jpg r_set 936 467 48 77 None 829 470 68 85 None 835 564 77 104 None 742 412 44 75 None 688 467 37 91 None 672 406 37 112 setting 550 516 55 102 None 565 461 38 108 None 566 441 30 102 None 330 458 37 73 None 290 540 61 111 None 267 487 43 105 None
26055.jpg r_spike 983 494 36 91 None 782 501 51 107 spiking 831 431 53 88 None 763 414 38 93 None 758 479 38 96 None 803 494 48 102 None 655 428 52 80 None 499 467 50 69 None 385 489 47 85 digging 414 543 41 110 None 701 474 50 136 blocking 695 458 44 127 blocking
58320.jpg l-pass 814 531 51 99 None 868 487 44 100 None 887 445 40 100 None 867 447 32 72 None 776 478 45 104 None 800 420 41 68 None 677 534 69 91 None 478 440 39 66 None 382 470 45 88 None 465 507 55 100 None 709 419 48 87 None 713 381 48 101 None
41300.jpg l-pass 884 494 30 89 None 913 462 38 73 None 775 429 37 66 None 779 461 28 65 None 742 487 39 76 None 724 475 42 69 None 654 445 29 69 None 659 431 25 73 None 444 435 28 72 None 447 525 49 81 None 307 519 29 73 digging
27015.jpg l-pass 945 471 31 103 None 945 430 60 77 None 790 488 27 87 None 696 517 32 97 None 686 490 62 94 None 673 472 39 94 None 583 511 62 93 None 624 452 27 106 None 629 448 27 97 None 385 551 59 93 None 415 460 32 72 None 292 508 39 97 None
30390.jpg l_winpoint 928 463 39 88 None 879 475 42 89 None 847 450 54 95 None 690 477 26 102 None 703 463 33 99 None 689 462 50 88 None 458 497 64 110 None 407 477 59 104 None 391 512 39 91 None 379 452 54 97 None 358 489 50 97 None 328 521 52 108 None
38040.jpg r_winpoint 616 494 42 105 None 496 431 33 96 None 426 432 38 87 None 484 498 30 107 None 268 505 47 98 None 322 485 37 107 None 1010 410 37 93 None 867 468 32 98 None 895 464 32 97 None 849 461 48 99 None 888 461 23 94 None 866 455 25 93 None
32535.jpg r_winpoint 221 470 46 94 None 321 466 57 91 None 425 497 30 100 None 463 504 60 102 None 528 501 43 102 None 233 615 74 103 None 774 487 36 97 None 820 493 39 102 None 841 489 21 94 None 837 459 33 96 None 854 467 38 99 None 827 483 22 90 None
43140.jpg r_winpoint 315 459 32 70 None 323 485 28 85 None 378 515 40 92 None 535 508 32 93 None 566 417 34 73 None 542 406 24 68 None 762 477 30 79 None 743 464 25 72 None 731 465 31 86 None 715 456 34 94 None 698 476 45 84 None 690 499 39 93 None
31845.jpg l_winpoint 904 467 48 93 None 816 553 50 95 None 725 447 57 97 None 608 487 41 94 None 630 590 53 119 None 594 567 49 100 None 427 512 39 108 None 427 477 45 96 None 347 543 48 119 None 366 540 43 104 None 336 515 30 95 None 277 527 51 112 None
36555.jpg r_winpoint 367 528 49 109 None 386 482 40 90 None 534 481 57 57 None 615 447 30 96 None 635 468 38 106 None 687 532 37 113 None 773 442 33 100 None 795 502 37 117 None 829 516 46 128 None 858 498 37 141 None 885 479 42 100 None 942 509 48 95 None
37335.jpg l_winpoint 912 465 35 104 None 876 497 36 116 None 825 454 45 64 None 743 504 32 100 None 696 455 52 96 None 687 434 37 92 None 579 443 45 95 None 556 478 35 104 None 550 477 35 98 None 532 473 23 93 None 517 458 53 92 None 478 494 41 106 None
38790.jpg r_winpoint 182 510 42 115 None 377 458 37 98 None 467 366 33 88 None 453 466 31 90 None 528 441 40 99 None 489 487 34 109 None 682 445 54 104 None 694 431 57 98 None 728 464 44 100 None 761 468 53 109 None 807 448 47 92 None 894 433 58 96 None
46605.jpg r_winpoint 801 602 82 117 None 841 578 55 107 None 846 519 33 115 None 891 448 36 100 None 848 452 54 101 None 790 462 35 111 None 685 545 36 122 None 602 516 44 119 None 567 411 41 94 None 502 432 59 88 None 392 524 51 112 None 310 456 47 90 None
47715.jpg l_winpoint 881 423 41 95 None 750 517 36 107 None 717 412 33 99 None 610 454 44 103 None 544 538 55 114 None 550 513 28 116 None 369 476 52 110 None 364 441 40 140 None 299 487 51 111 None 297 439 43 98 None 259 508 62 103 None 262 480 37 94 None
50430.jpg l_winpoint 922 451 25 91 None 818 421 32 84 None 748 461 50 83 None 733 439 52 82 None 696 433 43 87 None 677 422 32 91 None 542 438 28 81 None 527 435 18 92 None 508 419 20 84 None 483 419 35 106 None 597 373 25 65 None 318 509 50 97 None
50895.jpg l_winpoint 1014 479 29 86 None 856 490 39 91 None 861 448 54 38 None 828 412 28 74 None 700 438 41 85 None 716 417 22 79 None 509 486 28 94 None 476 492 60 93 None 485 492 34 93 None 508 481 33 90 None 490 481 30 86 None 221 605 47 114 None
